43125.00
43111.00
43084.00
43058.00
43092.00
43154.00
43130.00
43091.00
43056.00
43094.00
43132.00
43159.00
43100.00
43083.00
43070.00
43138.00
43138.00
43111.00
43082.00
43100.00
43149.00
43146.00
43108.00
43055.00
43085.00
43129.00
43139.00
43098.00
43048.00
43069.00
43122.00
43118.00
43094.00
43054.00
43059.00
43091.00
43136.00
43098.00
43065.00
43064.00
43106.00
43127.00
43102.00
43062.00
43057.00
43098.00
43132.00
43097.00
43049.00
43054.00
43102.00
43133.00
43116.00
43053.00
43058.00
43099.00
43140.00
43120.00
43065.00
43052.00
43106.00
43148.00
43109.00
43069.00
43039.00
43094.00
43127.00
43118.00
43077.00
43050.00
43090.00
43132.00
43126.00
43077.00
43048.00
43082.00
43130.00
43117.00
43086.00
43048.00
43062.00
43116.00
43113.00
43079.00
43039.00
43074.00
43136.00
43141.00
43090.00
43057.00
43059.00
43123.00
43124.00
43088.00
43045.00
43064.00
43100.00
43112.00
43065.00
43031.00
43047.00
43106.00
43124.00
43085.00
43039.00
43037.00
43094.00
43119.00
43075.00
43032.00
43032.00
43088.00
43118.00
43094.00
43025.00
43037.00
43084.00
43124.00
43085.00
43054.00
43041.00
43092.00
43107.00
43081.00
43047.00
43052.00
43086.00
43136.00
43097.00
43066.00
43054.00
43097.00
43137.00
43114.00
43070.00
43050.00
43082.00
43128.00
43112.00
43074.00
43045.00
43072.00
43132.00
43121.00
43076.00
43049.00
43065.00
43128.00
43090.00
43072.00
43032.00
43062.00
43101.00
43095.00
43040.00
43030.00
43041.00
43096.00
43104.00
43072.00
43036.00
43052.00
43113.00
43117.00
43078.00
43046.00
43060.00
43115.00
43126.00
43088.00
43055.00
43054.00
43101.00
43123.00
43088.00
43053.00
43065.00
43103.00
43119.00
43096.00
43033.00
43059.00
43086.00
43140.00
43100.00
43059.00
43057.00
43107.00
43119.00
43088.00
43057.00
43044.00
43083.00
43118.00
43099.00
43046.00
43048.00
43078.00
43127.00
43091.00
43034.00
43033.00
43080.00
43102.00
43091.00
43053.00
43053.00
43070.00
43129.00
43114.00
43069.00
43040.00
43095.00
43133.00
43114.00
43062.00
43048.00
43078.00
43121.00
43112.00
43066.00
43035.00
43077.00
43125.00
43100.00
43060.00
43041.00
43058.00
43122.00
43109.00
43075.00
43052.00
43067.00
43101.00
43118.00
43075.00
43019.00
43070.00
43109.00
43117.00
43085.00
43036.00
43061.00
43110.00
43103.00
43087.00
43040.00
43037.00
43087.00
43111.00
43084.00
43025.00
43047.00
43093.00
43130.00
43098.00
43044.00
43056.00
43103.00
43098.00
43077.00
43047.00
43039.00
43102.00
43117.00
43092.00
43050.00
43044.00
43107.00
43131.00
43113.00
43050.00
43047.00
43101.00
43135.00
43109.00
43047.00
43027.00
43066.00
43128.00
43101.00
43059.00
43046.00
43071.00
43120.00
43097.00
43043.00
43028.00
43067.00
43123.00
43122.00
43071.00
43059.00
43075.00
43116.00
43106.00
43074.00
43057.00
43081.00
43123.00
43108.00
43070.00
43037.00
43066.00
43123.00
43133.00
43068.00
43038.00
43061.00
43100.00
43111.00
43093.00
43041.00
43069.00
43115.00
43116.00
43076.00
43033.00
43052.00
43111.00
43127.00
43100.00
43048.00
43053.00
43102.00
43130.00
43092.00
43046.00
43068.00
43120.00
43132.00
43097.00
43066.00
43069.00
43108.00
43142.00
43106.00
43062.00
43062.00
43099.00
43146.00
43101.00
43062.00
43060.00
43103.00
43149.00
43121.00
43078.00
43062.00
43122.00
43149.00
43142.00
43086.00
43073.00
43112.00
43149.00
43139.00
43088.00
43069.00
43099.00
43148.00
43137.00
43081.00
43073.00
43093.00
43142.00
43133.00
43095.00
43077.00
43093.00
43134.00
43128.00
43087.00
43053.00
43092.00
43138.00
43141.00
43097.00
43063.00
43081.00
43120.00
43127.00
43076.00
43058.00
43063.00
43119.00
43127.00
43090.00
43061.00
43068.00
43127.00
43124.00
43103.00
43052.00
43069.00
43116.00
43139.00
43108.00
43060.00
43071.00
43132.00
43148.00
43095.00
43062.00
43066.00
43122.00
43128.00
43115.00
43060.00
43095.00
43117.00
43145.00
43101.00
43062.00
43057.00
43113.00
43138.00
43105.00
43048.00
43055.00
43092.00
43149.00
43124.00
43056.00
43048.00
43088.00
43134.00
43105.00
43085.00
43064.00
43091.00
43144.00
43109.00
43069.00
43054.00
43091.00
43127.00
43120.00
43074.00
43062.00
43095.00
43141.00
43120.00
43079.00
43053.00
43093.00
43127.00
43123.00
43084.00
43073.00
43082.00
43140.00
43139.00
43087.00
43067.00
43072.00
43137.00
43142.00
43096.00
43053.00
43085.00
43117.00
43149.00
43106.00
43045.00
43073.00
43136.00
43143.00
43110.00
43065.00
43067.00
43124.00
43136.00
43105.00
43063.00
43071.00
43119.00
43139.00
43102.00
43061.00
43061.00
43118.00
43149.00
43127.00
43066.00
43067.00
43121.00
43151.00
43116.00
43055.00
43086.00
43114.00
43146.00
43118.00
43084.00
43071.00
43127.00
43147.00
43110.00
43075.00
43076.00
43106.00
43145.00
43126.00
43084.00
43075.00
43095.00
43154.00
43145.00
43099.00
43063.00
43107.00
43134.00
43143.00
43094.00
43086.00
43120.00
43159.00
43142.00
43102.00
43062.00
43082.00
43150.00
43148.00
43103.00
43069.00
43081.00
43175.00
43150.00
43115.00
43070.00
43115.00
43162.00
43146.00
43115.00
43077.00
43105.00
43141.00
43148.00
43112.00
43088.00
43075.00
43141.00
43144.00
43112.00
43057.00
43092.00
43119.00
43153.00
43119.00
43075.00
43074.00
43130.00
43133.00
43115.00
43069.00
43082.00
43103.00
43165.00
43118.00
43076.00
43081.00
43119.00
43150.00
43116.00
43082.00
43072.00
43106.00
43161.00
43112.00
43075.00
43083.00
43124.00
43135.00
43132.00
43056.00
43068.00
43090.00
43141.00
43133.00
43072.00
43068.00
43103.00
43153.00
43125.00
43089.00
43067.00
43096.00
43133.00
43121.00
43074.00
43056.00
43076.00
43137.00
43135.00
43087.00
43051.00
43074.00
43128.00
43148.00
43091.00
43060.00
43088.00
43135.00
43121.00
43087.00
43055.00
43067.00
43129.00
43131.00
43085.00
43058.00
43081.00
43126.00
43157.00
43101.00
43095.00
43088.00
43146.00
43149.00
43119.00
43068.00
43089.00
43143.00
43149.00
43115.00
43068.00
43079.00
43124.00
43156.00
43126.00
43069.00
43067.00
43104.00
43148.00
43095.00
43070.00
43080.00
43117.00
43147.00
43107.00
43066.00
43062.00
43097.00
43126.00
43103.00
43060.00
43053.00
43086.00
43147.00
43132.00
43052.00
43051.00
43090.00
43145.00
43125.00
43080.00
43060.00
43087.00
43141.00
43126.00
43080.00
43063.00
43090.00
43131.00
43132.00
43080.00
43051.00
43092.00
43106.00
43134.00
43081.00
43045.00
43087.00
43140.00
43145.00
43094.00
43047.00
43086.00
43130.00
43137.00
43082.00
43061.00
43076.00
43123.00
43137.00
43110.00
43065.00
43075.00
43140.00
43139.00
43107.00
43072.00
43074.00
43136.00
43166.00
43124.00
43057.00
43064.00
43117.00
43142.00
43103.00
43056.00
43058.00
43082.00
43128.00
43094.00
43052.00
43053.00
43093.00
43125.00
43088.00
43043.00
43053.00
43098.00
43135.00
43113.00
43067.00
43061.00
43090.00
43122.00
43118.00
43058.00
43052.00
43093.00
43148.00
43123.00
43082.00
43062.00
43089.00
43132.00
43140.00
43084.00
43049.00
43076.00
43120.00
43103.00
43062.00
43044.00
43082.00
43133.00
43111.00
43081.00
43047.00
43093.00
43132.00
43147.00
43081.00
43058.00
43064.00
43129.00
43122.00
43075.00
43060.00
43058.00
43114.00
43121.00
43092.00
43038.00
43061.00
43119.00
43142.00
43081.00
43055.00
43056.00
43127.00
43146.00
43097.00
43057.00
43045.00
43110.00
43131.00
43096.00
43051.00
43043.00
43091.00
43111.00
43090.00
43039.00
43040.00
43098.00
43136.00
43088.00
43045.00
43043.00
43083.00
43126.00
43108.00
43047.00
43033.00
43070.00
43119.00
43089.00
43044.00
43043.00
43081.00
43140.00
43110.00
43057.00
43039.00
43085.00
43124.00
43102.00
43062.00
43070.00
43087.00
43126.00
43110.00
43059.00
43045.00
43070.00
43128.00
43094.00
43054.00
43038.00
43060.00
43102.00
43087.00
43040.00
43019.00
43045.00
43100.00
43080.00
43046.00
43003.00
43022.00
43093.00
43087.00
43060.00
43013.00
43034.00
43097.00
43099.00
43058.00
43026.00
43023.00
43068.00
43092.00
43063.00
43026.00
43038.00
43089.00
43115.00
43082.00
43018.00
43037.00
43091.00
43114.00
43080.00
43036.00
43030.00
43081.00
43104.00
43072.00
43028.00
43021.00
43072.00
43103.00
43087.00
43043.00
43033.00
43074.00
43128.00
43091.00
43042.00
43039.00
43061.00
43107.00
43092.00
43037.00
43027.00
43079.00
43110.00
43101.00
43068.00
43035.00
43063.00
43111.00
43102.00
43055.00
43029.00
43057.00
43124.00
43111.00
43059.00
43021.00
43047.00
43102.00
43098.00
43049.00
43015.00
43056.00
43114.00
43101.00
43065.00
43026.00
43052.00
43104.00
43101.00
43072.00
43033.00
43052.00
43110.00
43115.00
43075.00
43027.00
43049.00
43110.00
43118.00
43076.00
43020.00
43051.00
43089.00
43119.00
43079.00
43026.00
43047.00
43096.00
43115.00
43077.00
43025.00
43034.00
43073.00
43115.00
43082.00
43030.00
43034.00
43086.00
43121.00
43071.00
43038.00
43027.00
43072.00
43122.00
43081.00
43029.00
43023.00
43074.00
43121.00
43079.00
43039.00
43025.00
43044.00
43106.00
43080.00
43029.00
43010.00
43037.00
43110.00
43100.00
43047.00
43025.00
43061.00
43107.00
43110.00
43055.00
43017.00
43038.00
43094.00
43102.00
43050.00
43032.00
43052.00
43091.00
43100.00
43070.00
43018.00
43060.00
43107.00
43081.00
43069.00
43019.00
43047.00
43093.00
43097.00
43066.00
43012.00
43032.00
43084.00
43093.00
43061.00
43026.00
43017.00
43087.00
43112.00
43081.00
43024.00
43037.00
43090.00
43121.00
43098.00
43045.00
43035.00
43085.00
43126.00
43101.00
43046.00
43055.00
43082.00
43127.00
43100.00
43040.00
43033.00
43102.00
43145.00
43100.00
43062.00
43046.00
43079.00
43131.00
43104.00
43049.00
43051.00
43072.00
43130.00
43119.00
43066.00
43028.00
43066.00
43117.00
43106.00
43050.00
43031.00
43061.00
43127.00
43099.00
43052.00
43031.00
43063.00
43110.00
43116.00
43058.00
43026.00
43060.00
43131.00
43117.00
43067.00
43046.00
43064.00
43122.00
43122.00
43089.00
43052.00
43060.00
43111.00
43120.00
43075.00
43025.00
43056.00
43091.00
43118.00
43082.00
43045.00
43048.00
43090.00
43112.00
43084.00
43029.00
43024.00
43083.00
43106.00
43085.00
43034.00
43042.00
43088.00
43115.00
43076.00
43047.00
43050.00
43079.00
43126.00
43097.00
43037.00
43034.00
43079.00
43122.00
43098.00
43050.00
43030.00
43077.00
43134.00
43104.00
43045.00
43030.00
43073.00
43120.00
43115.00
43058.00
43031.00
43073.00
43123.00
43114.00
43065.00
43028.00
43070.00
43118.00
43101.00
43053.00
43023.00
43044.00
43105.00
43100.00
43045.00
43021.00
43046.00
43094.00
43103.00
43039.00
43024.00
43039.00
43098.00
43101.00
43071.00
43051.00
43045.00
43092.00
43105.00
43083.00
43025.00
43040.00
43099.00
43111.00
43077.00
43029.00
43041.00
43093.00
43116.00
43085.00
43044.00
43048.00
43103.00
43128.00
43086.00
43033.00
43032.00
43095.00
43118.00
43080.00
43038.00
43041.00
43093.00
43116.00
43097.00
43046.00
43029.00
43073.00
43125.00
43089.00
43033.00
43037.00
43093.00
43131.00
43098.00
43046.00
43028.00
43084.00
43128.00
43101.00
43055.00
43031.00
43064.00
43145.00
43116.00
43055.00
43037.00
43074.00
43132.00
43121.00
43059.00
43043.00
43067.00
43136.00
43132.00
43086.00
43044.00
43068.00
43128.00
43124.00
43074.00
43044.00
43051.00
43105.00
43122.00
43080.00
43038.00
43053.00
43112.00
43101.00
43080.00
43033.00
43053.00
43108.00
43133.00
43091.00
43036.00
43062.00
43096.00
43120.00
43090.00
43051.00
43049.00
43109.00
43111.00
43090.00
43035.00
43062.00
43094.00
43135.00
43094.00
43046.00
43048.00
43104.00
43145.00
43114.00
43047.00
43062.00
43104.00
43141.00
43115.00
43044.00
43046.00
43105.00
43139.00
43116.00
43048.00
43037.00
43094.00
43142.00
43105.00
43068.00
43058.00
43093.00
43135.00
43123.00
43068.00
43033.00
43081.00
43133.00
43125.00
43056.00
43047.00
43070.00
43118.00
43132.00
43069.00
43042.00
43079.00
43124.00
43132.00
43084.00
43053.00
43066.00
43114.00
43129.00
43083.00
43054.00
43072.00
43125.00
43146.00
43092.00
43037.00
43065.00
43131.00
43149.00
43092.00
43055.00
43055.00
43114.00
43122.00
43105.00
43052.00
43065.00
43118.00
43128.00
43098.00
43057.00
43062.00
43097.00
43133.00
43097.00
43050.00
43057.00
43076.00
43121.00
43089.00
43031.00
43035.00
43069.00
43109.00
43073.00
43022.00
43017.00
43040.00
43090.00
43067.00
43022.00
43000.00
43032.00
43082.00
43074.00
43021.00
42986.00
43021.00
43064.00
43046.00
43011.00
42977.00
43000.00
43070.00
43059.00
43022.00
42986.00
43004.00
43054.00
43057.00
43017.00
42980.00
42992.00
43040.00
43063.00
43002.00
42970.00
42986.00
43041.00
43068.00
43043.00
42979.00
43004.00
43055.00
43051.00
43015.00
42983.00
43010.00
43039.00
43086.00
43040.00
42984.00
42992.00
43023.00
43059.00
43032.00
42994.00
42990.00
43043.00
43082.00
43040.00
42991.00
43021.00
43047.00
43079.00
43066.00
43016.00
43022.00
43059.00
43079.00
43072.00
43020.00
43020.00
43060.00
43106.00
43095.00
43039.00
43019.00
43073.00
43121.00
43098.00
43071.00
43036.00
43075.00
43135.00
43114.00
43056.00
43041.00
43075.00
43114.00
43120.00
43081.00
43063.00
43077.00
43142.00
43150.00
43110.00
43091.00
43106.00
43161.00
43164.00
43131.00
43088.00
43121.00
43173.00
43168.00
43134.00
43102.00
43095.00
43159.00
43161.00
43133.00
43100.00
43105.00
43150.00
43169.00
43144.00
43105.00
43116.00
43169.00
43181.00
43160.00
43075.00
43116.00
43182.00
43216.00
43196.00
43147.00
43158.00
43207.00
43244.00
43227.00
43175.00
43196.00
43215.00
43286.00
43237.00
43208.00
43206.00
43239.00
43307.00
43294.00
43263.00
43252.00
43302.00
43363.00
43374.00
43344.00
43353.00
43400.00
43481.00
43487.00
43463.00
43475.00
43535.00
43619.00
43618.00
43613.00
43635.00
43698.00
43777.00
43815.00
43822.00
43824.00
43884.00
43939.00
43980.00
43937.00
43951.00
43981.00
44064.00
44097.00
44071.00
44040.00
44083.00
44158.00
44200.00
44177.00
44138.00
44150.00
44217.00
44232.00
44216.00
44167.00
44176.00
44242.00
44266.00
44230.00
44204.00
44199.00
44239.00
44276.00
44255.00
44216.00
44204.00
44244.00
44295.00
44246.00
44219.00
44204.00
44261.00
44304.00
44271.00
44229.00
44236.00
44266.00
44304.00
44306.00
44270.00
44258.00
44291.00
44338.00
44334.00
44303.00
44295.00
44342.00
44397.00
44388.00
44360.00
44345.00
44386.00
44462.00
44434.00
44385.00
44378.00
44415.00
44473.00
44498.00
44474.00
44435.00
44463.00
44513.00
44511.00
44467.00
44466.00
44475.00
44541.00
44540.00
44495.00
44478.00
44520.00
44565.00
44583.00
44546.00
44505.00
44537.00
44585.00
44617.00
44598.00
44560.00
44571.00
44625.00
44645.00
44625.00
44597.00
44596.00
44648.00
44676.00
44659.00
44620.00
44623.00
44663.00
44691.00
44675.00
44626.00
44626.00
44692.00
44727.00
44704.00
44654.00
44644.00
44707.00
44730.00
44739.00
44673.00
44666.00
44697.00
44751.00
44729.00
44690.00
44676.00
44723.00
44767.00
44747.00
44695.00
44693.00
44744.00
44810.00
44800.00
44755.00
44736.00
44769.00
44826.00
44811.00
44784.00
44768.00
44813.00
44868.00
44859.00
44814.00
44782.00
44832.00
44911.00
44916.00
44868.00
44834.00
44857.00
44921.00
44933.00
44902.00
44867.00
44897.00
44958.00
44966.00
44932.00
44889.00
44907.00
44967.00
44998.00
44949.00
44902.00
44937.00
44988.00
45027.00
44984.00
44947.00
44956.00
44994.00
45039.00
45022.00
44970.00
44982.00
45024.00
45063.00
45041.00
44984.00
44979.00
45026.00
45070.00
45060.00
45003.00
44987.00
45042.00
45069.00
45045.00
44995.00
44989.00
45034.00
45066.00
45059.00
45000.00
45000.00
45033.00
45077.00
45063.00
45008.00
44995.00
45024.00
45097.00
45072.00
45014.00
45001.00
45026.00
45074.00
45065.00
45042.00
44994.00
45020.00
45089.00
45072.00
45053.00
45013.00
45037.00
45089.00
45098.00
45052.00
44996.00
45018.00
45096.00
45100.00
45047.00
45016.00
45046.00
45101.00
45118.00
45069.00
45032.00
45038.00
45074.00
45113.00
45081.00
45025.00
45038.00
45081.00
45114.00
45087.00
45022.00
45035.00
45080.00
45111.00
45075.00
45034.00
45023.00
45083.00
45118.00
45085.00
45038.00
45040.00
45075.00
45118.00
45089.00
45032.00
45036.00
45058.00
45117.00
45092.00
45033.00
45018.00
45054.00
45107.00
45093.00
45037.00
45032.00
45070.00
45097.00
45099.00
45028.00
45031.00
45060.00
45102.00
45098.00
45058.00
45030.00
45061.00
45105.00
45105.00
45062.00
45029.00
45060.00
45115.00
45114.00
45074.00
45029.00
45049.00
45108.00
45116.00
45060.00
45029.00
45046.00
45096.00
45114.00
45073.00
45021.00
45037.00
45090.00
45107.00
45083.00
45025.00
45028.00
45103.00
45116.00
45087.00
45032.00
45033.00
45088.00
45125.00
45074.00
45041.00
45039.00
45082.00
45129.00
45103.00
45053.00
45040.00
45080.00
45116.00
45089.00
45041.00
45030.00
45075.00
45118.00
45102.00
45047.00
45026.00
45073.00
45120.00
45088.00
45045.00
45038.00
45076.00
45115.00
45087.00
45037.00
45019.00
45037.00
45104.00
45105.00
45067.00
45026.00
45069.00
45112.00
45105.00
45046.00
45010.00
45040.00
45085.00
45104.00
45057.00
45019.00
45042.00
45093.00
45096.00
45053.00
45011.00
45033.00
45088.00
45111.00
45061.00
45021.00
45029.00
45081.00
45094.00
45053.00
45010.00
45039.00
45093.00
45104.00
45081.00
45025.00
45033.00
45075.00
45101.00
45074.00
45032.00
45016.00
45065.00
45112.00
45064.00
45017.00
45014.00
45081.00
45103.00
45081.00
45040.00
45016.00
45058.00
45105.00
45068.00
45025.00
45002.00
45056.00
45096.00
45073.00
45017.00
45009.00
45055.00
45094.00
45080.00
45028.00
45016.00
45042.00
45095.00
45077.00
45034.00
44999.00
45033.00
45078.00
45066.00
45041.00
44990.00
45030.00
45075.00
45072.00
45012.00
44977.00
45002.00
45067.00
45071.00
45027.00
44991.00
44989.00
45059.00
45053.00
45024.00
44966.00
44997.00
45047.00
45049.00
45029.00
44982.00
44986.00
45045.00
45067.00
45025.00
45000.00
44990.00
45051.00
45068.00
45028.00
44976.00
44988.00
45025.00
45065.00
45042.00
45003.00
45001.00
45038.00
45077.00
45056.00
45007.00
44987.00
45029.00
45068.00
45042.00
45015.00
44996.00
45045.00
45078.00
45046.00
44988.00
44981.00
45032.00
45068.00
45063.00
45023.00
44984.00
45026.00
45067.00
45060.00
44988.00
44974.00
45008.00
45073.00
45068.00
45020.00
44984.00
45019.00
45074.00
45065.00
45038.00
44995.00
45013.00
45065.00
45063.00
45027.00
44985.00
45011.00
45061.00
45060.00
45024.00
44986.00
45000.00
45056.00
45066.00
45029.00
44988.00
45012.00
45048.00
45067.00
45033.00
44992.00
44994.00
45035.00
45071.00
45047.00
44989.00
44991.00
45043.00
45071.00
45035.00
45002.00
44995.00
45046.00
45062.00
45038.00
44991.00
44989.00
45020.00
45079.00
45062.00
44991.00
44993.00
45035.00
45066.00
45049.00
45000.00
44970.00
45012.00
45050.00
45039.00
45001.00
44992.00
45014.00
45062.00
45053.00
44996.00
44982.00
45015.00
45069.00
45057.00
45021.00
44989.00
45025.00
45080.00
45080.00
45029.00
45000.00
45024.00
45068.00
45076.00
45024.00
44999.00
45016.00
45059.00
45089.00
45039.00
45001.00
45003.00
45064.00
45078.00
45031.00
45000.00
45010.00
45070.00
45072.00
45037.00
45001.00
44991.00
45039.00
45061.00
45039.00
44993.00
44988.00
45037.00
45071.00
45044.00
45011.00
44992.00
45043.00
45085.00
45057.00
44991.00
45001.00
45031.00
45079.00
45054.00
45008.00
44997.00
45052.00
45096.00
45069.00
45016.00
45003.00
45042.00
45094.00
45070.00
45022.00
45002.00
45029.00
45069.00
45061.00
45016.00
45011.00
45021.00
45068.00
45058.00
45013.00
44986.00
45021.00
45065.00
45058.00
45020.00
44991.00
45011.00
45090.00
45114.00
45103.00
45127.00
45192.00
45311.00
45372.00
45363.00
45373.00
45436.00
45528.00
45581.00
45585.00
45584.00
45625.00
45716.00
45764.00
45760.00
45752.00
45788.00
45872.00
45909.00
45899.00
45888.00
45910.00
45968.00
46010.00
45986.00
45956.00
45951.00
45997.00
46037.00
46021.00
45986.00
45988.00
46040.00
46084.00
46075.00
46009.00
46023.00
46059.00
46115.00
46093.00
46051.00
46039.00
46080.00
46122.00
46091.00
46055.00
46040.00
46066.00
46126.00
46110.00
46053.00
46037.00
46060.00
46121.00
46111.00
46060.00
46033.00
46050.00
46129.00
46114.00
46062.00
46033.00
46051.00
46131.00
46117.00
46083.00
46043.00
46063.00
46124.00
46131.00
46106.00
46041.00
46085.00
46135.00
46152.00
46110.00
46070.00
46074.00
46138.00
46158.00
46120.00
46077.00
46100.00
46144.00
46170.00
46152.00
46093.00
46100.00
46132.00
46166.00
46153.00
46086.00
46087.00
46129.00
46167.00
46148.00
46095.00
46102.00
46131.00
46175.00
46157.00
46112.00
46108.00
46147.00
46180.00
46181.00
46128.00
46116.00
46152.00
46207.00
46201.00
46160.00
46148.00
46170.00
46232.00
46222.00
46180.00
46155.00
46199.00
46247.00
46240.00
46195.00
46172.00
46193.00
46236.00
46247.00
46195.00
46171.00
46176.00
46227.00
46211.00
46194.00
46148.00
46161.00
46214.00
46228.00
46204.00
46144.00
46162.00
46216.00
46243.00
46191.00
46171.00
46168.00
46227.00
46240.00
46207.00
46158.00
46170.00
46215.00
46255.00
46212.00
46168.00
46161.00
46224.00
46249.00
46241.00
46172.00
46171.00
46213.00
46256.00
46238.00
46183.00
46187.00
46214.00
46253.00
46228.00
46203.00
46200.00
46220.00
46266.00
46257.00
46206.00
46187.00
46219.00
46284.00
46272.00
46213.00
46188.00
46219.00
46293.00
46267.00
46230.00
46194.00
46220.00
46272.00
46268.00
46217.00
46198.00
46234.00
46258.00
46263.00
46217.00
46195.00
46213.00
46269.00
46272.00
46213.00
46185.00
46200.00
46243.00
46266.00
46212.00
46181.00
46205.00
46259.00
46269.00
46235.00
46198.00
46192.00
46248.00
46273.00
46245.00
46189.00
46205.00
46241.00
46277.00
46240.00
46195.00
46200.00
46257.00
46276.00
46251.00
46210.00
46186.00
46233.00
46276.00
46233.00
46200.00
46192.00
46231.00
46273.00
46261.00
46176.00
46192.00
46220.00
46276.00
46265.00
46198.00
46197.00
46236.00
46261.00
46269.00
46222.00
46208.00
46224.00
46262.00
46267.00
46211.00
46181.00
46205.00
46272.00
46253.00
46228.00
46211.00
46226.00
46272.00
46273.00
46233.00
46192.00
46213.00
46274.00
46285.00
46214.00
46192.00
46215.00
46269.00
46293.00
46242.00
46187.00
46210.00
46247.00
46266.00
46229.00
46181.00
46199.00
46252.00
46272.00
46233.00
46227.00
46267.00
46339.00
46390.00
46386.00
46349.00
46385.00
46441.00
46512.00
46509.00
46501.00
46528.00
46603.00
46680.00
46681.00
46665.00
46664.00
46737.00
46800.00
46804.00
46775.00
46791.00
46853.00
46914.00
46919.00
46902.00
46905.00
46958.00
47024.00
47032.00
46999.00
46989.00
47033.00
47096.00
47094.00
47079.00
47054.00
47083.00
47139.00
47124.00
47095.00
47055.00
47093.00
47146.00
47157.00
47110.00
47083.00
47100.00
47146.00
47137.00
47084.00
47034.00
47068.00
47122.00
47136.00
47097.00
47061.00
47078.00
47140.00
47150.00
47118.00
47089.00
47098.00
47156.00
47183.00
47169.00
47114.00
47121.00
47171.00
47201.00
47162.00
47112.00
47121.00
47174.00
47202.00
47190.00
47132.00
47143.00
47175.00
47213.00
47187.00
47139.00
47140.00
47174.00
47211.00
47203.00
47140.00
47132.00
47166.00
47218.00
47188.00
47156.00
47119.00
47168.00
47234.00
47192.00
47134.00
47117.00
47148.00
47195.00
47190.00
47132.00
47100.00
47113.00
47174.00
47170.00
47117.00
47074.00
47114.00
47158.00
47164.00
47120.00
47097.00
47100.00
47153.00
47154.00
47135.00
47090.00
47105.00
47148.00
47162.00
47117.00
47083.00
47089.00
47139.00
47168.00
47120.00
47088.00
47094.00
47143.00
47160.00
47120.00
47070.00
47086.00
47137.00
47152.00
47132.00
47081.00
47082.00
47110.00
47150.00
47130.00
47065.00
47070.00
47111.00
47153.00
47114.00
47072.00
47071.00
47096.00
47145.00
47119.00
47079.00
47058.00
47104.00
47145.00
47135.00
47096.00
47065.00
47102.00
47141.00
47145.00
47089.00
47066.00
47082.00
47150.00
47142.00
47092.00
47072.00
47090.00
47141.00
47147.00
47100.00
47067.00
47086.00
47142.00
47141.00
47094.00
47058.00
47067.00
47117.00
47127.00
47102.00
47076.00
47065.00
47126.00
47135.00
47113.00
47067.00
47070.00
47127.00
47145.00
47103.00
47073.00
47068.00
47111.00
47139.00
47121.00
47072.00
47076.00
47120.00
47135.00
47106.00
47067.00
47068.00
47079.00
47113.00
47097.00
47055.00
47043.00
47080.00
47118.00
47105.00
47060.00
47038.00
47082.00
47111.00
47090.00
47051.00
47046.00
47079.00
47119.00
47112.00
47061.00
47048.00
47064.00
47139.00
47092.00
47052.00
47035.00
47078.00
47127.00
47120.00
47086.00
47053.00
47073.00
47117.00
47113.00
47065.00
47037.00
47074.00
47107.00
47114.00
47084.00
47058.00
47068.00
47121.00
47129.00
47095.00
47050.00
47070.00
47111.00
47135.00
47096.00
47058.00
47064.00
47112.00
47124.00
47106.00
47051.00
47056.00
47109.00
47139.00
47100.00
47062.00
47054.00
47102.00
47120.00
47111.00
47045.00
47059.00
47078.00
47111.00
47103.00
47052.00
47052.00
47098.00
47121.00
47092.00
47051.00
47045.00
47067.00
47118.00
47089.00
47046.00
47030.00
47070.00
47115.00
47097.00
47055.00
47023.00
47046.00
47105.00
47083.00
47050.00
47030.00
47056.00
47117.00
47108.00
47057.00
47043.00
47057.00
47089.00
47090.00
47044.00
47037.00
47044.00
47086.00
47090.00
47038.00
47020.00
47020.00
47068.00
47076.00
47045.00
47011.00
47003.00
47051.00
47086.00
47036.00
47003.00
47006.00
47051.00
47085.00
47049.00
47003.00
47001.00
47056.00
47089.00
47040.00
47003.00
47000.00
47049.00
47085.00
47070.00
47013.00
46998.00
47061.00
47073.00
47060.00
47009.00
47002.00
47045.00
47083.00
47071.00
47019.00
47009.00
47032.00
47078.00
47061.00
47007.00
47009.00
47024.00
47073.00
47069.00
47022.00
46994.00
47028.00
47086.00
47068.00
47022.00
46996.00
47026.00
47075.00
47067.00
47026.00
46990.00
47020.00
47072.00
47069.00
47043.00
47004.00
47011.00
47055.00
47090.00
47046.00
47002.00
47022.00
47073.00
47081.00
47039.00
46999.00
47015.00
47066.00
47084.00
47057.00
46994.00
46996.00
47045.00
47078.00
47041.00
47003.00
47001.00
47030.00
47071.00
47050.00
46996.00
47003.00
47036.00
47064.00
47058.00
47011.00
46980.00
47041.00
47065.00
47062.00
47009.00
46993.00
47028.00
47072.00
47053.00
47009.00
46987.00
47031.00
47071.00
47053.00
47002.00
46994.00
47044.00
47087.00
47070.00
47020.00
46988.00
47029.00
47086.00
47061.00
47028.00
47003.00
47032.00
47072.00
47069.00
47025.00
47002.00
47016.00
47067.00
47078.00
47034.00
47005.00
47038.00
47060.00
47084.00
47033.00
47002.00
47005.00
47061.00
47070.00
47042.00
46998.00
47007.00
47066.00
47083.00
47053.00
46998.00
47027.00
47045.00
47077.00
47052.00
47003.00
47003.00
47046.00
47076.00
47044.00
47018.00
46999.00
47048.00
47082.00
47052.00
46997.00
46994.00
47032.00
47076.00
47054.00
47023.00
47005.00
47045.00
47086.00
47092.00
47060.00
47072.00
47105.00
47155.00
47168.00
47142.00
47145.00
47188.00
47248.00
47248.00
47217.00
47217.00
47219.00
47294.00
47289.00
47261.00
47217.00
47252.00
47305.00
47302.00
47265.00
47229.00
47250.00
47303.00
47326.00
47282.00
47235.00
47248.00
47308.00
47341.00
47298.00
47266.00
47283.00
47320.00
47361.00
47328.00
47295.00
47301.00
47347.00
47359.00
47329.00
47272.00
47290.00
47338.00
47368.00
47331.00
47299.00
47295.00
47367.00
47402.00
47380.00
47336.00
47330.00
47372.00
47442.00
47409.00
47375.00
47379.00
47420.00
47487.00
47465.00
47412.00
47394.00
47415.00
47482.00
47472.00
47428.00
47412.00
47455.00
47512.00
47514.00
47478.00
47457.00
47489.00
47558.00
47548.00
47504.00
47467.00
47505.00
47549.00
47570.00
47532.00
47513.00
47537.00
47580.00
47596.00
47546.00
47511.00
47552.00
47599.00
47619.00
47582.00
47557.00
47580.00
47631.00
47639.00
47622.00
47576.00
47594.00
47631.00
47660.00
47636.00
47581.00
47602.00
47632.00
47689.00
47653.00
47616.00
47616.00
47656.00
47691.00
47656.00
47618.00
47608.00
47644.00
47691.00
47661.00
47613.00
47611.00
47646.00
47699.00
47688.00
47633.00
47625.00
47668.00
47701.00
47675.00
47611.00
47570.00
47618.00
47667.00
47644.00
47595.00
47572.00
47595.00
47668.00
47631.00
47575.00
47562.00
47593.00
47641.00
47640.00
47608.00
47577.00
47609.00
47666.00
47656.00
47614.00
47579.00
47607.00
47656.00
47673.00
47639.00
47587.00
47597.00
47650.00
47666.00
47623.00
47583.00
47585.00
47645.00
47645.00
47597.00
47548.00
47571.00
47621.00
47648.00
47623.00
47574.00
47593.00
47656.00
47663.00
47639.00
47595.00
47589.00
47625.00
47652.00
47623.00
47589.00
47573.00
47626.00
47657.00
47636.00
47592.00
47577.00
47634.00
47664.00
47641.00
47601.00
47565.00
47607.00
47653.00
47658.00
47580.00
47567.00
47622.00
47664.00
47644.00
47585.00
47556.00
47589.00
47631.00
47608.00
47567.00
47539.00
47588.00
47647.00
47639.00
47586.00
47558.00
47586.00
47631.00
47621.00
47587.00
47537.00
47541.00
47613.00
47618.00
47586.00
47540.00
47557.00
47612.00
47638.00
47586.00
47538.00
47551.00
47598.00
47624.00
47597.00
47536.00
47547.00
47587.00
47610.00
47584.00
47518.00
47532.00
47592.00
47610.00
47573.00
47535.00
47527.00
47578.00
47606.00
47570.00
47528.00
47504.00
47553.00
47603.00
47558.00
47519.00
47514.00
47547.00
47592.00
47572.00
47502.00
47524.00
47552.00
47591.00
47585.00
47520.00
47507.00
47559.00
47593.00
47593.00
47537.00
47504.00
47535.00
47569.00
47555.00
47515.00
47487.00
47511.00
47557.00
47570.00
47523.00
47483.00
47512.00
47568.00
47562.00
47527.00
47489.00
47511.00
47558.00
47581.00
47550.00
47494.00
47517.00
47574.00
47582.00
47550.00
47496.00
47520.00
47566.00
47584.00
47547.00
47508.00
47513.00
47558.00
47582.00
47540.00
47490.00
47510.00
47552.00
47570.00
47551.00
47518.00
47508.00
47554.00
47598.00
47564.00
47510.00
47509.00
47534.00
47588.00
47548.00
47500.00
47506.00
47540.00
47607.00
47580.00
47532.00
47500.00
47540.00
47586.00
47582.00
47526.00
47513.00
47551.00
47597.00
47578.00
47530.00
47489.00
47528.00
47584.00
47564.00
47500.00
47455.00
47488.00
47521.00
47519.00
47476.00
47452.00
47481.00
47536.00
47555.00
47491.00
47458.00
47479.00
47531.00
47543.00
47493.00
47461.00
47487.00
47531.00
47548.00
47507.00
47472.00
47482.00
47536.00
47550.00
47522.00
47485.00
47488.00
47539.00
47566.00
47517.00
47472.00
47456.00
47518.00
47569.00
47553.00
47485.00
47497.00
47533.00
47572.00
47528.00
47481.00
47475.00
47527.00
47537.00
47493.00
47433.00
47412.00
47440.00
47477.00
47443.00
47387.00
47362.00
47426.00
47474.00
47476.00
47406.00
47390.00
47418.00
47465.00
47472.00
47426.00
47385.00
47413.00
47481.00
47464.00
47420.00
47381.00
47416.00
47479.00
47476.00
47443.00
47391.00
47398.00
47465.00
47457.00
47416.00
47368.00
47374.00
47422.00
47411.00
47376.00
47336.00
47335.00
47389.00
47414.00
47393.00
47337.00
47335.00
47385.00
47422.00
47387.00
47347.00
47346.00
47378.00
47417.00
47369.00
47325.00
47327.00
47362.00
47419.00
47389.00
47334.00
47321.00
47380.00
47418.00
47379.00
47321.00
47320.00
47353.00
47411.00
47376.00
47337.00
47307.00
47342.00
47399.00
47391.00
47339.00
47326.00
47356.00
47403.00
47397.00
47340.00
47307.00
47351.00
47397.00
47391.00
47348.00
47310.00
47331.00
47381.00
47401.00
47353.00
47332.00
47332.00
47402.00
47410.00
47365.00
47319.00
47341.00
47378.00
47413.00
47353.00
47324.00
47331.00
47392.00
47411.00
47386.00
47323.00
47345.00
47380.00
47397.00
47392.00
47315.00
47341.00
47373.00
47410.00
47366.00
47336.00
47332.00
47379.00
47409.00
47392.00
47339.00
47335.00
47380.00
47427.00
47409.00
47358.00
47340.00
47374.00
47433.00
47399.00
47348.00
47348.00
47367.00
47429.00
47421.00
47368.00
47341.00
47366.00
47413.00
47381.00
47328.00
47289.00
47304.00
47323.00
47287.00
47221.00
47156.00
47173.00
47186.00
47176.00
47091.00
47028.00
47027.00
47055.00
47035.00
46961.00
46876.00
46844.00
46882.00
46875.00
46804.00
46722.00
46741.00
46781.00
46798.00
46750.00
46697.00
46668.00
46689.00
46677.00
46618.00
46529.00
46537.00
46569.00
46572.00
46521.00
46460.00
46457.00
46507.00
46544.00
46514.00
46451.00
46436.00
46501.00
46536.00
46491.00
46442.00
46430.00
46475.00
46537.00
46505.00
46453.00
46435.00
46483.00
46540.00
46508.00
46459.00
46432.00
46494.00
46552.00
46513.00
46459.00
46453.00
46472.00
46523.00
46522.00
46467.00
46432.00
46476.00
46530.00
46514.00
46486.00
46449.00
46454.00
46531.00
46533.00
46498.00
46457.00
46472.00
46529.00
46547.00
46500.00
46462.00
46491.00
46534.00
46549.00
46512.00
46475.00
46471.00
46541.00
46570.00
46513.00
46463.00
46471.00
46524.00
46553.00
46528.00
46488.00
46494.00
46531.00
46590.00
46540.00
46498.00
46477.00
46556.00
46562.00
46544.00
46495.00
46478.00
46522.00
46573.00
46542.00
46494.00
46484.00
46535.00
46595.00
46568.00
46505.00
46490.00
46526.00
46584.00
46580.00
46498.00
46485.00
46527.00
46581.00
46569.00
46511.00
46492.00
46515.00
46575.00
46576.00
46534.00
46492.00
46524.00
46586.00
46585.00
46545.00
46503.00
46519.00
46579.00
46576.00
46538.00
46501.00
46515.00
46568.00
46590.00
46546.00
46513.00
46505.00
46569.00
46586.00
46535.00
46506.00
46505.00
46572.00
46599.00
46549.00
46526.00
46515.00
46561.00
46595.00
46580.00
46513.00
46520.00
46553.00
46601.00
46565.00
46498.00
46506.00
46553.00
46601.00
46575.00
46516.00
46522.00
46563.00
46609.00
46562.00
46519.00
46510.00
46542.00
46596.00
46573.00
46521.00
46494.00
46542.00
46587.00
46576.00
46539.00
46496.00
46536.00
46597.00
46587.00
46550.00
46514.00
46550.00
46596.00
46587.00
46541.00
46525.00
46531.00
46595.00
46608.00
46557.00
46526.00
46532.00
46581.00
46590.00
46550.00
46497.00
46519.00
46592.00
46598.00
46570.00
46509.00
46519.00
46568.00
46598.00
46555.00
46521.00
46506.00
46571.00
46593.00
46561.00
46504.00
46515.00
46568.00
46588.00
46572.00
46508.00
46514.00
46550.00
46585.00
46573.00
46505.00
46508.00
46539.00
46602.00
46567.00
46515.00
46504.00
46556.00
46606.00
46583.00
46537.00
46519.00
46559.00
46599.00
46598.00
46544.00
46515.00
46561.00
46608.00
46593.00
46543.00
46517.00
46545.00
46610.00
46598.00
46562.00
46511.00
46545.00
46595.00
46596.00
46558.00
46525.00
46540.00
46599.00
46584.00
46574.00
46522.00
46538.00
46594.00
46611.00
46567.00
46532.00
46526.00
46574.00
46585.00
46572.00
46513.00
46527.00
46584.00
46610.00
46578.00
46517.00
46513.00
46568.00
46606.00
46579.00
46524.00
46510.00
46553.00
46602.00
46579.00
46529.00
46520.00
46555.00
46604.00
46592.00
46530.00
46519.00
46567.00
46608.00
46568.00
46526.00
46511.00
46552.00
46592.00
46578.00
46526.00
46511.00
46531.00
46594.00
46583.00
46539.00
46506.00
46533.00
46589.00
46584.00
46533.00
46509.00
46536.00
46586.00
46584.00
46556.00
46502.00
46530.00
46568.00
46589.00
46545.00
46512.00
46521.00
46587.00
46594.00
46548.00
46497.00
46528.00
46580.00
46582.00
46560.00
46510.00
46511.00
46574.00
46603.00
46551.00
46510.00
46506.00
46568.00
46611.00
46573.00
46509.00
46510.00
46563.00
46583.00
46582.00
46545.00
46519.00
46559.00
46605.00
46580.00
46532.00
46518.00
46552.00
46612.00
46586.00
46528.00
46508.00
46556.00
46611.00
46579.00
46546.00
46519.00
46546.00
46599.00
46602.00
46538.00
46502.00
46527.00
46585.00
46583.00
46529.00
46510.00
46536.00
46595.00
46594.00
46530.00
46499.00
46532.00
46576.00
46594.00
46557.00
46534.00
46528.00
46581.00
46589.00
46564.00
46515.00
46524.00
46574.00
46595.00
46581.00
46523.00
46533.00
46574.00
46608.00
46566.00
46526.00
46539.00
46566.00
46602.00
46576.00
46535.00
46507.00
46570.00
46594.00
46574.00
46523.00
46522.00
46553.00
46597.00
46576.00
46541.00
46518.00
46556.00
46598.00
46585.00
46547.00
46523.00
46557.00
46603.00
46580.00
46554.00
46520.00
46546.00
46611.00
46591.00
46531.00
46511.00
46543.00
46586.00
46583.00
46544.00
46514.00
46540.00
46602.00
46578.00
46547.00
46516.00
46530.00
46589.00
46589.00
46564.00
46509.00
46531.00
46581.00
46593.00
46560.00
46511.00
46525.00
46575.00
46593.00
46548.00
46517.00
46516.00
46589.00
46588.00
46562.00
46520.00
46524.00
46582.00
46579.00
46556.00
46519.00
46520.00
46560.00
46587.00
46566.00
46517.00
46517.00
46563.00
46602.00
46577.00
46525.00
46517.00
46537.00
46597.00
46558.00
46509.00
46468.00
46494.00
46538.00
46514.00
46461.00
46424.00
46447.00
46475.00
46447.00
46424.00
46348.00
46380.00
46410.00
46380.00
46319.00
46286.00
46289.00
46331.00
46320.00
46269.00
46199.00
46217.00
46253.00
46254.00
46194.00
46149.00
46146.00
46176.00
46166.00
46109.00
46058.00
46073.00
46122.00
46138.00
46104.00
46041.00
46057.00
46094.00
46118.00
46083.00
46028.00
46032.00
46085.00
46120.00
46087.00
46038.00
46050.00
46095.00
46140.00
46113.00
46063.00
46037.00
46095.00
46130.00
46112.00
46057.00
46065.00
46103.00
46148.00
46128.00
46088.00
46070.00
46101.00
46140.00
46137.00
46079.00
46040.00
46090.00
46147.00
46130.00
46103.00
46076.00
46113.00
46153.00
46158.00
46124.00
46079.00
46123.00
46162.00
46170.00
46122.00
46102.00
46115.00
46171.00
46170.00
46140.00
46091.00
46112.00
46162.00
46179.00
46138.00
46104.00
46110.00
46172.00
46175.00
46162.00
46112.00
46109.00
46157.00
46172.00
46163.00
46110.00
46098.00
46151.00
46176.00
46161.00
46116.00
46099.00
46144.00
46193.00
46173.00
46102.00
46109.00
46140.00
46185.00
46169.00
46119.00
46093.00
46139.00
46178.00
46162.00
46146.00
46118.00
46142.00
46201.00
46182.00
46151.00
46113.00
46125.00
46178.00
46182.00
46133.00
46102.00
46120.00
46180.00
46178.00
46136.00
46120.00
46139.00
46196.00
46179.00
46146.00
46106.00
46124.00
46184.00
46184.00
46149.00
46101.00
46121.00
46175.00
46175.00
46148.00
46106.00
46111.00
46150.00
46181.00
46142.00
46107.00
46105.00
46144.00
46167.00
46136.00
46084.00
46090.00
46124.00
46179.00
46142.00
46087.00
46078.00
46130.00
46171.00
46141.00
46089.00
46075.00
46123.00
46165.00
46139.00
46094.00
46077.00
46128.00
46168.00
46146.00
46119.00
46091.00
46115.00
46160.00
46171.00
46113.00
46073.00
46120.00
46161.00
46167.00
46111.00
46076.00
46099.00
46150.00
46150.00
46120.00
46056.00
46082.00
46149.00
46163.00
46127.00
46074.00
46085.00
46137.00
46159.00
46118.00
46081.00
46085.00
46143.00
46161.00
46121.00
46084.00
46088.00
46122.00
46156.00
46111.00
46059.00
46071.00
46132.00
46150.00
46132.00
46073.00
46073.00
46121.00
46166.00
46133.00
46078.00
46076.00
46122.00
46168.00
46152.00
46098.00
46074.00
46120.00
46168.00
46149.00
46104.00
46070.00
46121.00
46165.00
46150.00
46099.00
46082.00
46108.00
46163.00
46166.00
46104.00
46061.00
46087.00
46152.00
46147.00
46115.00
46060.00
46110.00
46166.00
46153.00
46113.00
46072.00
46093.00
46142.00
46151.00
46118.00
46068.00
46087.00
46131.00
46150.00
46143.00
46092.00
46105.00
46145.00
46161.00
46112.00
46072.00
46089.00
46153.00
46160.00
46128.00
46086.00
46083.00
46126.00
46158.00
46130.00
46064.00
46061.00
46104.00
46149.00
46140.00
46077.00
46087.00
46108.00
46150.00
46142.00
46092.00
46089.00
46123.00
46148.00
46145.00
46099.00
46061.00
46118.00
46147.00
46134.00
46090.00
46058.00
46095.00
46135.00
46137.00
46090.00
46052.00
46072.00
46124.00
46129.00
46097.00
46047.00
46059.00
46130.00
46137.00
46093.00
46060.00
46075.00
46113.00
46116.00
46083.00
46047.00
46056.00
46107.00
46122.00
46094.00
46065.00
46064.00
46118.00
46140.00
46098.00
46048.00
46031.00
46102.00
46141.00
46098.00
46054.00
46052.00
46104.00
46147.00
46102.00
46058.00
46045.00
46087.00
46147.00
46113.00
46051.00
46045.00
46078.00
46138.00
46129.00
46062.00
46044.00
46085.00
46117.00
46106.00
46059.00
46038.00
46073.00
46141.00
46120.00
46064.00
46042.00
46081.00
46128.00
46101.00
46057.00
46033.00
46062.00
46136.00
46123.00
46101.00
46032.00
46071.00
46126.00
46124.00
46070.00
46034.00
46057.00
46128.00
46135.00
46081.00
46046.00
46063.00
46108.00
46139.00
46093.00
46047.00
46049.00
46109.00
46144.00
46084.00
46059.00
46044.00
46095.00
46129.00
46102.00
46055.00
46045.00
46087.00
46111.00
46097.00
46059.00
46052.00
46091.00
46120.00
46096.00
46047.00
46030.00
46075.00
46128.00
46095.00
46039.00
46032.00
46069.00
46121.00
46107.00
46049.00
46042.00
46066.00
46133.00
46112.00
46058.00
46037.00
46071.00
46125.00
46109.00
46076.00
46059.00
46064.00
46128.00
46118.00
46074.00
46043.00
46074.00
46121.00
46117.00
46059.00
46022.00
46058.00
46104.00
46131.00
46076.00
46032.00
46048.00
46119.00
46122.00
46081.00
46049.00
46061.00
46105.00
46129.00
46115.00
46050.00
46054.00
46112.00
46124.00
46085.00
46040.00
46043.00
46098.00
46124.00
46102.00
46047.00
46048.00
46106.00
46137.00
46115.00
46064.00
46048.00
46092.00
46132.00
46108.00
46039.00
46049.00
46071.00
46145.00
46120.00
46066.00
46043.00
46077.00
46132.00
46121.00
46067.00
46047.00
46073.00
46136.00
46131.00
46075.00
46044.00
46069.00
46139.00
46136.00
46092.00
46052.00
46077.00
46120.00
46121.00
46086.00
46047.00
46070.00
46100.00
46101.00
46046.00
46011.00
46021.00
46071.00
46072.00
46038.00
45975.00
45989.00
46020.00
46013.00
45980.00
45888.00
45892.00
45896.00
45904.00
45839.00
45756.00
45727.00
45754.00
45708.00
45620.00
45542.00
45493.00
45488.00
45465.00
45352.00
45236.00
45147.00
45104.00
45054.00
44942.00
44797.00
44708.00
44673.00
44659.00
44582.00
44510.00
44485.00
44495.00
44516.00
44472.00
44355.00
44306.00
44306.00
44336.00
44303.00
44246.00
44223.00
44255.00
44299.00
44289.00
44252.00
44244.00
44267.00
44317.00
44335.00
44300.00
44281.00
44349.00
44400.00
44426.00
44404.00
44399.00
44443.00
44504.00
44550.00
44528.00
44519.00
44555.00
44621.00
44652.00
44629.00
44595.00
44614.00
44684.00
44708.00
44685.00
44634.00
44658.00
44720.00
44745.00
44729.00
44671.00
44694.00
44759.00
44764.00
44742.00
44688.00
44717.00
44746.00
44785.00
44752.00
44728.00
44716.00
44761.00
44793.00
44765.00
44711.00
44713.00
44782.00
44805.00
44785.00
44717.00
44729.00
44767.00
44819.00
44789.00
44738.00
44727.00
44746.00
44818.00
44775.00
44732.00
44734.00
44767.00
44806.00
44792.00
44744.00
44738.00
44759.00
44791.00
44773.00
44735.00
44713.00
44745.00
44797.00
44787.00
44746.00
44714.00
44726.00
44796.00
44786.00
44752.00
44729.00
44727.00
44796.00
44789.00
44757.00
44724.00
44711.00
44788.00
44793.00
44744.00
44702.00
44711.00
44770.00
44782.00
44746.00
44705.00
44743.00
44756.00
44786.00
44744.00
44701.00
44730.00
44775.00
44798.00
44752.00
44718.00
44714.00
44767.00
44806.00
44766.00
44713.00
44700.00
44765.00
44789.00
44765.00
44722.00
44721.00
44761.00
44804.00
44784.00
44729.00
44724.00
44760.00
44805.00
44778.00
44742.00
44733.00
44763.00
44823.00
44780.00
44748.00
44726.00
44769.00
44820.00
44806.00
44753.00
44724.00
44760.00
44803.00
44789.00
44761.00
44733.00
44757.00
44793.00
44800.00
44770.00
44735.00
44767.00
44812.00
44820.00
44775.00
44726.00
44756.00
44809.00
44812.00
44766.00
44737.00
44739.00
44797.00
44812.00
44768.00
44745.00
44740.00
44789.00
44828.00
44787.00
44730.00
44732.00
44796.00
44819.00
44796.00
44732.00
44735.00
44800.00
44823.00
44791.00
44728.00
44727.00
44779.00
44802.00
44782.00
44729.00
44726.00
44777.00
44824.00
44784.00
44733.00
44726.00
44773.00
44820.00
44788.00
44733.00
44718.00
44767.00
44823.00
44808.00
44752.00
44746.00
44767.00
44825.00
44808.00
44758.00
44724.00
44773.00
44841.00
44821.00
44776.00
44740.00
44793.00
44841.00
44829.00
44786.00
44754.00
44786.00
44840.00
44835.00
44788.00
44753.00
44775.00
44826.00
44823.00
44781.00
44732.00
44764.00
44814.00
44835.00
44798.00
44748.00
44762.00
44820.00
44838.00
44778.00
44749.00
44753.00
44802.00
44833.00
44783.00
44747.00
44759.00
44805.00
44840.00
44793.00
44741.00
44748.00
44800.00
44836.00
44811.00
44752.00
44749.00
44802.00
44837.00
44793.00
44746.00
44752.00
44784.00
44839.00
44823.00
44760.00
44752.00
44781.00
44831.00
44807.00
44733.00
44739.00
44781.00
44857.00
44800.00
44764.00
44747.00
44778.00
44818.00
44800.00
44769.00
44757.00
44780.00
44811.00
44814.00
44763.00
44741.00
44772.00
44828.00
44840.00
44778.00
44754.00
44800.00
44844.00
44824.00
44783.00
44741.00
44765.00
44834.00
44823.00
44779.00
44748.00
44762.00
44829.00
44837.00
44791.00
44748.00
44750.00
44812.00
44819.00
44783.00
44729.00
44759.00
44794.00
44820.00
44778.00
44738.00
44757.00
44826.00
44807.00
44789.00
44746.00
44758.00
44810.00
44829.00
44790.00
44742.00
44745.00
44798.00
44832.00
44802.00
44754.00
44743.00
44789.00
44830.00
44792.00
44746.00
44740.00
44762.00
44826.00
44798.00
44728.00
44730.00
44769.00
44815.00
44785.00
44757.00
44743.00
44782.00
44833.00
44798.00
44743.00
44732.00
44747.00
44813.00
44800.00
44747.00
44723.00
44761.00
44807.00
44793.00
44755.00
44730.00
44759.00
44806.00
44800.00
44756.00
44711.00
44756.00
44799.00
44799.00
44759.00
44732.00
