43717.00
43714.00
43709.00
43681.00
43670.00
43709.00
43741.00
43723.00
43683.00
43682.00
43716.00
43729.00
43705.00
43688.00
43662.00
43709.00
43722.00
43718.00
43672.00
43660.00
43691.00
43725.00
43712.00
43665.00
43664.00
43709.00
43723.00
43704.00
43672.00
43673.00
43705.00
43720.00
43712.00
43682.00
43668.00
43700.00
43716.00
43711.00
43682.00
43677.00
43694.00
43726.00
43720.00
43682.00
43661.00
43712.00
43712.00
43729.00
43678.00
43669.00
43694.00
43718.00
43707.00
43670.00
43681.00
43685.00
43727.00
43708.00
43680.00
43691.00
43682.00
43730.00
43707.00
43680.00
43682.00
43694.00
43722.00
43712.00
43676.00
43661.00
43699.00
43720.00
43725.00
43682.00
43666.00
43700.00
43717.00
43725.00
43679.00
43679.00
43676.00
43707.00
43700.00
43689.00
43666.00
43679.00
43724.00
43718.00
43691.00
43666.00
43695.00
43745.00
43711.00
43697.00
43671.00
43695.00
43712.00
43712.00
43693.00
43677.00
43697.00
43705.00
43717.00
43692.00
43670.00
43691.00
43719.00
43722.00
43686.00
43676.00
43680.00
43708.00
43704.00
43687.00
43684.00
43666.00
43716.00
43718.00
43697.00
43677.00
43684.00
43712.00
43711.00
43709.00
43661.00
43689.00
43715.00
43714.00
43695.00
43672.00
43687.00
43734.00
43713.00
43675.00
43657.00
43670.00
43707.00
43722.00
43676.00
43670.00
43682.00
43718.00
43714.00
43693.00
43659.00
43681.00
43702.00
43727.00
43698.00
43669.00
43682.00
43718.00
43722.00
43695.00
43679.00
43688.00
43708.00
43712.00
43703.00
43695.00
43696.00
43726.00
43743.00
43730.00
43679.00
43691.00
43728.00
43728.00
43700.00
43678.00
43674.00
43720.00
43721.00
43713.00
43684.00
43685.00
43709.00
43736.00
43706.00
43685.00
43688.00
43719.00
43714.00
43711.00
43678.00
43692.00
43711.00
43735.00
43705.00
43674.00
43680.00
43724.00
43734.00
43697.00
43662.00
43666.00
43695.00
43704.00
43696.00
43657.00
43656.00
43684.00
43706.00
43689.00
43666.00
43663.00
43684.00
43707.00
43698.00
43666.00
43669.00
43698.00
43724.00
43724.00
43699.00
43689.00
43718.00
43763.00
43739.00
43732.00
43722.00
43767.00
43802.00
43796.00
43794.00
43768.00
43819.00
43852.00
43858.00
43841.00
43851.00
43889.00
43929.00
43924.00
43904.00
43914.00
43927.00
43971.00
43976.00
43933.00
43937.00
43970.00
44014.00
43993.00
43955.00
43948.00
43945.00
43989.00
43982.00
43949.00
43935.00
43951.00
43974.00
43965.00
43944.00
43934.00
43945.00
43970.00
43977.00
43917.00
43937.00
43946.00
43984.00
43968.00
43969.00
43951.00
43973.00
44018.00
43996.00
43976.00
43950.00
43960.00
43999.00
43999.00
43975.00
43951.00
43968.00
44005.00
44001.00
43987.00
43973.00
43988.00
44036.00
44033.00
43994.00
44002.00
44016.00
44051.00
44060.00
44020.00
43985.00
43991.00
44034.00
44025.00
44009.00
43966.00
43976.00
44008.00
44015.00
43989.00
43975.00
43972.00
44000.00
44013.00
43985.00
43983.00
43979.00
44023.00
44027.00
43997.00
43971.00
43994.00
44019.00
44020.00
44002.00
43983.00
43980.00
44003.00
44033.00
44005.00
43967.00
43969.00
43997.00
44008.00
43996.00
43960.00
43965.00
44007.00
44001.00
43984.00
43956.00
43979.00
44010.00
44007.00
43982.00
43959.00
43960.00
43982.00
43988.00
43963.00
43948.00
43930.00
43970.00
43975.00
43958.00
43921.00
43921.00
43922.00
43928.00
43906.00
43872.00
43857.00
43890.00
43884.00
43876.00
43842.00
43820.00
43845.00
43852.00
43829.00
43778.00
43775.00
43815.00
43823.00
43806.00
43769.00
43764.00
43776.00
43804.00
43769.00
43741.00
43749.00
43774.00
43795.00
43793.00
43750.00
43733.00
43755.00
43770.00
43774.00
43758.00
43747.00
43771.00
43799.00
43804.00
43778.00
43749.00
43787.00
43794.00
43791.00
43734.00
43724.00
43747.00
43780.00
43766.00
43731.00
43720.00
43752.00
43783.00
43761.00
43733.00
43722.00
43747.00
43772.00
43755.00
43744.00
43721.00
43734.00
43775.00
43791.00
43758.00
43746.00
43765.00
43788.00
43788.00
43754.00
43739.00
43751.00
43784.00
43779.00
43747.00
43710.00
43742.00
43770.00
43772.00
43747.00
43728.00
43738.00
43763.00
43762.00
43731.00
43713.00
43732.00
43759.00
43749.00
43716.00
43695.00
43714.00
43761.00
43749.00
43705.00
43687.00
43700.00
43731.00
43719.00
43701.00
43683.00
43690.00
43721.00
43726.00
43707.00
43700.00
43702.00
43743.00
43745.00
43728.00
43721.00
43730.00
43769.00
43788.00
43764.00
43753.00
43773.00
43819.00
43830.00
43829.00
43837.00
43873.00
43944.00
43980.00
44002.00
44026.00
44074.00
44181.00
44258.00
44298.00
44356.00
44441.00
44568.00
44707.00
44807.00
44939.00
45093.00
45337.00
45544.00
45745.00
45972.00
46242.00
46559.00
46872.00
47158.00
47447.00
47802.00
48189.00
48584.00
48972.00
49325.00
49674.00
50059.00
50390.00
50694.00
50954.00
51189.00
51404.00
51610.00
51765.00
51891.00
52039.00
52217.00
52396.00
52547.00
52626.00
52750.00
52888.00
52990.00
53078.00
53130.00
53213.00
53305.00
53406.00
53466.00
53488.00
53549.00
53612.00
53679.00
53719.00
53738.00
53774.00
53832.00
53890.00
53912.00
53913.00
53915.00
53981.00
54032.00
54063.00
54056.00
54084.00
54117.00
54150.00
54151.00
54129.00
54106.00
54109.00
54110.00
54014.00
53925.00
53842.00
53780.00
53738.00
53653.00
53581.00
53549.00
53569.00
53607.00
53611.00
53586.00
53541.00
53518.00
53499.00
53450.00
53386.00
53286.00
53215.00
53155.00
53058.00
52965.00
52844.00
52727.00
52622.00
52461.00
52260.00
52090.00
51910.00
51685.00
51405.00
51170.00
50907.00
50641.00
50426.00
50130.00
49776.00
49485.00
49242.00
48975.00
48594.00
48180.00
47765.00
47456.00
47205.00
46935.00
46639.00
46402.00
46191.00
46031.00
45875.00
45696.00
45522.00
45410.00
45303.00
45194.00
45061.00
44943.00
44859.00
44823.00
44745.00
44664.00
44569.00
44524.00
44518.00
44485.00
44423.00
44357.00
44328.00
44310.00
44293.00
44256.00
44197.00
44197.00
44212.00
44192.00
44145.00
44138.00
44129.00
44125.00
44146.00
44110.00
44061.00
44051.00
44070.00
44099.00
44063.00
44030.00
44031.00
44065.00
44079.00
44041.00
44025.00
44016.00
44045.00
44061.00
44041.00
44004.00
44004.00
44024.00
44041.00
44010.00
43968.00
43963.00
43992.00
44028.00
44021.00
44008.00
44012.00
44052.00
44097.00
44099.00
44100.00
44129.00
44181.00
44261.00
44290.00
44309.00
44372.00
44483.00
44579.00
44669.00
44748.00
44865.00
45005.00
45155.00
45291.00
45425.00
45622.00
45888.00
46165.00
46432.00
46708.00
47015.00
47357.00
47767.00
48135.00
48541.00
49019.00
49488.00
49953.00
50362.00
50760.00
51086.00
51394.00
51652.00
51866.00
52048.00
52252.00
52463.00
52639.00
52776.00
52892.00
52981.00
53088.00
53216.00
53279.00
53343.00
53392.00
53468.00
53523.00
53551.00
53559.00
53592.00
53650.00
53743.00
53784.00
53823.00
53871.00
53950.00
54051.00
54105.00
54139.00
54176.00
54243.00
54326.00
54351.00
54342.00
54351.00
54357.00
54394.00
54371.00
54282.00
54183.00
54111.00
54039.00
53950.00
53824.00
53709.00
53669.00
53654.00
53609.00
53578.00
53544.00
53555.00
53585.00
53582.00
53554.00
53539.00
53530.00
53559.00
53533.00
53484.00
53426.00
53383.00
53341.00
53272.00
53161.00
53014.00
52897.00
52790.00
52651.00
52444.00
52248.00
52045.00
51805.00
51513.00
51208.00
50902.00
50646.00
50437.00
50096.00
49761.00
49431.00
49127.00
48805.00
48430.00
47913.00
47470.00
47131.00
46841.00
46559.00
46281.00
46024.00
45805.00
45640.00
45520.00
45380.00
45221.00
45121.00
45060.00
45001.00
44905.00
44806.00
44733.00
44706.00
44701.00
44641.00
44569.00
44538.00
44525.00
44515.00
44475.00
44411.00
44385.00
44382.00
44398.00
44351.00
44310.00
44288.00
44295.00
44303.00
44261.00
44220.00
44199.00
44225.00
44241.00
44224.00
44173.00
44162.00
44184.00
44208.00
44184.00
44142.00
44147.00
44171.00
44209.00
44182.00
44141.00
44140.00
44157.00
44180.00
44156.00
44122.00
44100.00
44121.00
44128.00
44124.00
44087.00
44067.00
44085.00
44105.00
44108.00
44078.00
44067.00
44095.00
44136.00
44150.00
44146.00
44152.00
44188.00
44268.00
44315.00
44367.00
44421.00
44509.00
44628.00
44715.00
44794.00
44901.00
45061.00
45258.00
45409.00
45576.00
45786.00
46062.00
46423.00
46757.00
47089.00
47430.00
47889.00
48385.00
48898.00
49370.00
49796.00
50221.00
50679.00
50969.00
51233.00
51463.00
51703.00
51934.00
52137.00
52317.00
52457.00
52609.00
52763.00
52877.00
52950.00
53028.00
53115.00
53219.00
53295.00
53331.00
53357.00
53413.00
53508.00
53575.00
53619.00
53669.00
53769.00
53875.00
53946.00
53974.00
53986.00
54030.00
54098.00
54138.00
54151.00
54132.00
54126.00
54132.00
54120.00
54017.00
53914.00
53803.00
53745.00
53647.00
53563.00
53462.00
53436.00
53442.00
53433.00
53405.00
53324.00
53295.00
53305.00
53279.00
53195.00
53111.00
53011.00
52933.00
52841.00
52700.00
52505.00
52352.00
52217.00
52042.00
51800.00
51541.00
51250.00
51023.00
50821.00
50571.00
50261.00
49931.00
49597.00
49282.00
48924.00
48556.00
48165.00
47773.00
47409.00
47067.00
46770.00
46531.00
46311.00
46136.00
45948.00
45735.00
45575.00
45436.00
45344.00
45217.00
45101.00
44997.00
44942.00
44885.00
44804.00
44721.00
44648.00
44597.00
44586.00
44532.00
44459.00
44408.00
44387.00
44402.00
44371.00
44330.00
44289.00
44268.00
44297.00
44297.00
44258.00
44212.00
44227.00
44264.00
44259.00
44224.00
44199.00
44211.00
44229.00
44226.00
44181.00
44162.00
44160.00
44208.00
44205.00
44154.00
44133.00
44159.00
44192.00
44200.00
44151.00
44142.00
44147.00
44213.00
44211.00
44190.00
44146.00
44161.00
44184.00
44183.00
44127.00
44090.00
44099.00
44112.00
44120.00
44122.00
44103.00
44116.00
44164.00
44178.00
44187.00
44185.00
44224.00
44310.00
44362.00
44423.00
44471.00
44542.00
44661.00
44778.00
44874.00
44953.00
45104.00
45284.00
45461.00
45617.00
45819.00
46071.00
46403.00
46752.00
47083.00
47403.00
47762.00
48191.00
48665.00
49108.00
49509.00
49902.00
50300.00
50668.00
50942.00
51127.00
51348.00
51576.00
51793.00
51933.00
52074.00
52221.00
52366.00
52523.00
52615.00
52696.00
52763.00
52857.00
52951.00
53037.00
53085.00
53121.00
53198.00
53278.00
53312.00
53326.00
53346.00
53411.00
53482.00
53515.00
53542.00
53608.00
53711.00
53809.00
53860.00
53871.00
53868.00
53911.00
53976.00
53982.00
53944.00
53894.00
53882.00
53870.00
53798.00
53696.00
53576.00
53501.00
53454.00
53406.00
53357.00
53339.00
53339.00
53348.00
53340.00
53302.00
53270.00
53284.00
53250.00
53200.00
53136.00
53024.00
52928.00
52859.00
52729.00
52537.00
52356.00
52162.00
51932.00
51714.00
51446.00
51116.00
50811.00
50550.00
50197.00
49836.00
49494.00
49192.00
48851.00
48433.00
47974.00
47632.00
47355.00
47091.00
46801.00
46490.00
46231.00
46006.00
45825.00
45655.00
45468.00
45301.00
45189.00
45128.00
45041.00
44958.00
44876.00
44804.00
44762.00
44751.00
44676.00
44609.00
44579.00
44585.00
44583.00
44525.00
44474.00
44446.00
44459.00
44469.00
44436.00
44371.00
44343.00
44352.00
44364.00
44323.00
44284.00
44261.00
44286.00
44297.00
44280.00
44248.00
44226.00
44263.00
44281.00
44250.00
44216.00
44183.00
44221.00
44241.00
44229.00
44188.00
44170.00
44218.00
44249.00
44221.00
44174.00
44143.00
44133.00
44175.00
44152.00
44108.00
44111.00
44128.00
44159.00
44164.00
44140.00
44138.00
44175.00
44217.00
44217.00
44219.00
44257.00
44330.00
44419.00
44506.00
44565.00
44658.00
44778.00
44943.00
45080.00
45241.00
45416.00
45614.00
45916.00
46245.00
46558.00
46904.00
47292.00
47694.00
48187.00
48648.00
49106.00
49554.00
50013.00
50457.00
50793.00
51066.00
51354.00
51606.00
51822.00
51996.00
52133.00
52276.00
52427.00
52533.00
52593.00
52662.00
52772.00
52866.00
52940.00
52985.00
53015.00
53085.00
53150.00
53202.00
53228.00
53226.00
53292.00
53385.00
53458.00
53498.00
53557.00
53630.00
53717.00
53805.00
53833.00
53842.00
53879.00
53903.00
53909.00
53855.00
53760.00
53712.00
53667.00
53609.00
53509.00
53380.00
53277.00
53224.00
53176.00
53147.00
53084.00
53076.00
53098.00
53108.00
53084.00
53054.00
53032.00
53036.00
53028.00
52954.00
52844.00
52765.00
52688.00
52597.00
52454.00
52289.00
52130.00
51958.00
51771.00
51517.00
51217.00
50938.00
50650.00
50338.00
50004.00
49655.00
49312.00
48995.00
48680.00
48225.00
47725.00
47295.00
46977.00
46690.00
46414.00
46124.00
45883.00
45724.00
45588.00
45440.00
45273.00
45150.00
45068.00
45019.00
44918.00
44809.00
44717.00
44704.00
44681.00
44626.00
44548.00
44497.00
44493.00
44488.00
44457.00
44376.00
44347.00
44351.00
44384.00
44372.00
44327.00
44285.00
44307.00
44317.00
44307.00
44268.00
44254.00
44257.00
44270.00
44249.00
44215.00
44179.00
44216.00
44251.00
44254.00
44195.00
44170.00
44192.00
44236.00
44227.00
44198.00
44179.00
44199.00
44246.00
44229.00
44194.00
44174.00
44171.00
44196.00
44207.00
44152.00
44124.00
44129.00
44163.00
44160.00
44148.00
44123.00
44159.00
44212.00
44236.00
44233.00
44227.00
44286.00
44369.00
44442.00
44505.00
44544.00
44619.00
44760.00
44892.00
44978.00
45110.00
45252.00
45473.00
45683.00
45931.00
46201.00
46551.00
46949.00
47360.00
47769.00
48225.00
48741.00
49254.00
49715.00
50131.00
50495.00
50832.00
51144.00
51421.00
51606.00
51787.00
51974.00
52154.00
52305.00
52400.00
52490.00
52590.00
52697.00
52791.00
52859.00
52909.00
52954.00
53015.00
53089.00
53126.00
53153.00
53210.00
53293.00
53375.00
53415.00
53446.00
53483.00
53541.00
53586.00
53599.00
53560.00
53547.00
53553.00
53541.00
53453.00
53335.00
53235.00
53164.00
53138.00
53089.00
53033.00
53016.00
53049.00
53065.00
53037.00
52981.00
52931.00
52903.00
52857.00
52737.00
52573.00
52439.00
52346.00
52190.00
51984.00
51745.00
51496.00
51248.00
51019.00
50735.00
50426.00
50079.00
49750.00
49445.00
49126.00
48767.00
48365.00
47978.00
47647.00
47283.00
46967.00
46691.00
46481.00
46296.00
46096.00
45884.00
45716.00
45586.00
45498.00
45387.00
45233.00
45120.00
45035.00
45004.00
44936.00
44848.00
44733.00
44700.00
44692.00
44649.00
44574.00
44503.00
44493.00
44472.00
44451.00
44392.00
44354.00
44343.00
44365.00
44371.00
44321.00
44289.00
44283.00
44315.00
44310.00
44283.00
44232.00
44242.00
44279.00
44266.00
44237.00
44195.00
44208.00
44242.00
44255.00
44234.00
44195.00
44220.00
44260.00
44260.00
44227.00
44201.00
44221.00
44237.00
44240.00
44238.00
44174.00
44179.00
44194.00
44194.00
44172.00
44126.00
44108.00
44150.00
44149.00
44129.00
44087.00
44108.00
44164.00
44164.00
44179.00
44178.00
44205.00
44270.00
44349.00
44391.00
44429.00
44507.00
44635.00
44742.00
44855.00
44973.00
45115.00
45323.00
45510.00
45713.00
45979.00
46287.00
46668.00
47076.00
47471.00
47870.00
48350.00
48863.00
49355.00
49787.00
50162.00
50525.00
50847.00
51129.00
51351.00
51536.00
51713.00
51903.00
52081.00
52196.00
52265.00
52372.00
52486.00
52595.00
52635.00
52688.00
52752.00
52833.00
52907.00
52951.00
52953.00
52985.00
53055.00
53176.00
53255.00
53308.00
53358.00
53425.00
53520.00
53560.00
53587.00
53632.00
53678.00
53688.00
53630.00
53531.00
53426.00
53329.00
53250.00
53158.00
53068.00
53013.00
53027.00
53021.00
52997.00
52968.00
52953.00
52946.00
52944.00
52878.00
52784.00
52682.00
52621.00
52527.00
52388.00
52213.00
52034.00
51869.00
51736.00
51540.00
51277.00
51000.00
50717.00
50500.00
50220.00
49900.00
49565.00
49173.00
48779.00
48413.00
48019.00
47667.00
47333.00
46995.00
46627.00
46346.00
46088.00
45891.00
45742.00
45543.00
45349.00
45218.00
45121.00
45041.00
44977.00
44874.00
44793.00
44758.00
44748.00
44692.00
44604.00
44547.00
44541.00
44548.00
44522.00
44476.00
44447.00
44454.00
44466.00
44457.00
44434.00
44387.00
44412.00
44401.00
44370.00
44326.00
44277.00
44288.00
44322.00
44300.00
44267.00
44268.00
44283.00
44319.00
44316.00
44284.00
44251.00
44257.00
44297.00
44301.00
44278.00
44240.00
44242.00
44271.00
44271.00
44237.00
44178.00
44192.00
44215.00
44211.00
44156.00
44128.00
44141.00
44180.00
44194.00
44170.00
44153.00
44169.00
44229.00
44249.00
44252.00
44272.00
44350.00
44457.00
44550.00
44627.00
44704.00
44809.00
44970.00
45116.00
45245.00
45369.00
45543.00
45774.00
46035.00
46322.00
46633.00
46990.00
47477.00
47970.00
48492.00
48976.00
49475.00
49960.00
50381.00
50738.00
51045.00
51345.00
51653.00
51892.00
52109.00
52281.00
52473.00
52608.00
52732.00
52825.00
52880.00
52960.00
53061.00
53140.00
53184.00
53225.00
53276.00
53354.00
53416.00
53440.00
53461.00
53485.00
53553.00
53589.00
53607.00
53621.00
53664.00
53744.00
53793.00
53790.00
53768.00
53774.00
53806.00
53814.00
53765.00
53682.00
53600.00
53543.00
53470.00
53379.00
53292.00
53251.00
53254.00
53277.00
53234.00
53204.00
53191.00
53204.00
53191.00
53125.00
53052.00
52987.00
52918.00
52826.00
52682.00
52532.00
52362.00
52224.00
52072.00
51813.00
51543.00
51253.00
50987.00
50682.00
50336.00
49937.00
49553.00
49225.00
48821.00
48314.00
47800.00
47395.00
47067.00
46808.00
46495.00
46184.00
45954.00
45796.00
45657.00
45493.00
45342.00
45212.00
45133.00
45067.00
44975.00
44875.00
44816.00
44772.00
44752.00
44708.00
44643.00
44598.00
44605.00
44589.00
44529.00
44452.00
44417.00
44427.00
44449.00
44423.00
44374.00
44363.00
44387.00
44422.00
44383.00
44336.00
44312.00
44330.00
44353.00
44308.00
44277.00
44252.00
44275.00
44322.00
44304.00
44266.00
44270.00
44285.00
44333.00
44314.00
44258.00
44245.00
44264.00
44330.00
44297.00
44257.00
44239.00
44273.00
44291.00
44272.00
44222.00
44184.00
44211.00
44230.00
44218.00
44151.00
44139.00
44156.00
44187.00
44182.00
44141.00
44149.00
44164.00
44202.00
44190.00
44200.00
44208.00
44247.00
44336.00
44362.00
44386.00
44445.00
44530.00
44649.00
44725.00
44818.00
44925.00
45078.00
45266.00
45422.00
45577.00
45784.00
46062.00
46359.00
46670.00
46984.00
47349.00
47754.00
48221.00
48704.00
49155.00
49615.00
50082.00
50534.00
50858.00
51141.00
51426.00
51710.00
51941.00
52117.00
52230.00
52347.00
52466.00
52621.00
52719.00
52773.00
52823.00
52906.00
52989.00
53043.00
53070.00
53094.00
53158.00
53223.00
53243.00
53281.00
53301.00
53356.00
53420.00
53474.00
53498.00
53531.00
53599.00
53680.00
53722.00
53736.00
53721.00
53729.00
53749.00
53733.00
53687.00
53625.00
53596.00
53587.00
53522.00
53414.00
53354.00
53342.00
53360.00
53337.00
53285.00
53258.00
53264.00
53287.00
53275.00
53210.00
53170.00
53080.00
53021.00
52914.00
52784.00
52627.00
52469.00
52294.00
52083.00
51861.00
51592.00
51330.00
51062.00
50696.00
50319.00
49984.00
49647.00
49323.00
48961.00
48557.00
48075.00
47663.00
47387.00
47082.00
46768.00
46490.00
46242.00
46056.00
45880.00
45699.00
45547.00
45443.00
45369.00
45272.00
45159.00
45059.00
44991.00
44961.00
44931.00
44844.00
44780.00
44737.00
44745.00
44704.00
44652.00
44606.00
44587.00
44585.00
44522.00
44455.00
44407.00
44391.00
44434.00
44416.00
44392.00
44342.00
44345.00
44355.00
44362.00
44307.00
44269.00
44261.00
44288.00
44303.00
44266.00
44212.00
44223.00
44253.00
44289.00
44263.00
44229.00
44238.00
44275.00
44292.00
44258.00
44221.00
44225.00
44263.00
44270.00
44265.00
44206.00
44214.00
44251.00
44257.00
44229.00
44198.00
44200.00
44215.00
44211.00
44202.00
44151.00
44147.00
44169.00
44186.00
44157.00
44135.00
44144.00
44170.00
44191.00
44183.00
44190.00
44209.00
44270.00
44327.00
44370.00
44406.00
44480.00
44598.00
44720.00
44814.00
44935.00
45108.00
45295.00
45501.00
45703.00
45949.00
46258.00
46664.00
47059.00
47456.00
47888.00
48446.00
49038.00
49568.00
50004.00
50435.00
50819.00
51172.00
51472.00
51717.00
51911.00
52102.00
52312.00
52482.00
52594.00
52658.00
52736.00
52836.00
52931.00
52981.00
53022.00
53081.00
53149.00
53236.00
53271.00
53293.00
53339.00
53410.00
53473.00
53479.00
53504.00
53554.00
53600.00
53664.00
53699.00
53713.00
53761.00
53809.00
53853.00
53836.00
53783.00
53747.00
53733.00
53703.00
53620.00
53523.00
53452.00
53408.00
53371.00
53337.00
53309.00
53291.00
53303.00
53301.00
53271.00
53195.00
53134.00
53111.00
53081.00
53007.00
52895.00
52819.00
52752.00
52659.00
52560.00
52384.00
52201.00
52035.00
51857.00
51641.00
51385.00
51136.00
50915.00
50636.00
50343.00
50013.00
49689.00
49389.00
49065.00
48753.00
48366.00
47973.00
47625.00
47293.00
46971.00
46651.00
46352.00
46155.00
45996.00
45839.00
45655.00
45534.00
45447.00
45374.00
45265.00
45161.00
45075.00
45033.00
44997.00
44909.00
44823.00
44745.00
44728.00
44718.00
44658.00
44601.00
44543.00
44525.00
44512.00
44483.00
44422.00
44398.00
44393.00
44412.00
44380.00
44339.00
44309.00
44322.00
44342.00
44324.00
44298.00
44275.00
44295.00
44331.00
44309.00
44265.00
44233.00
44262.00
44289.00
44286.00
44231.00
44209.00
44237.00
44278.00
44283.00
44238.00
44218.00
44232.00
44292.00
44265.00
44239.00
44213.00
44227.00
44274.00
44245.00
44201.00
44169.00
44186.00
44224.00
44218.00
44172.00
44167.00
44177.00
44222.00
44209.00
44169.00
44158.00
44176.00
44211.00
44192.00
44190.00
44179.00
44207.00
44251.00
44248.00
44225.00
44226.00
44251.00
44306.00
44300.00
44307.00
44289.00
44324.00
44384.00
44394.00
44387.00
44394.00
44408.00
44476.00
44491.00
44455.00
44460.00
44488.00
44532.00
44546.00
44544.00
44516.00
44551.00
44599.00
44612.00
44594.00
44570.00
44612.00
44666.00
44674.00
44648.00
44647.00
44648.00
44678.00
44661.00
44631.00
44615.00
44636.00
44698.00
44705.00
44697.00
44700.00
44716.00
44764.00
44764.00
44737.00
44712.00
44720.00
44748.00
44725.00
44687.00
44667.00
44664.00
44687.00
44678.00
44653.00
44606.00
44605.00
44651.00
44636.00
44600.00
44581.00
44559.00
44608.00
44612.00
44572.00
44553.00
44555.00
44570.00
44585.00
44540.00
44536.00
44528.00
44567.00
44545.00
44516.00
44492.00
44489.00
44525.00
44524.00
44481.00
44465.00
44462.00
44506.00
44501.00
44469.00
44448.00
44460.00
44478.00
44491.00
44463.00
44423.00
44444.00
44471.00
44475.00
44462.00
44422.00
44451.00
44473.00
44467.00
44432.00
44410.00
44427.00
44443.00
44448.00
44427.00
44383.00
44405.00
44432.00
44429.00
44405.00
44380.00
44379.00
44415.00
44415.00
44389.00
44356.00
44371.00
44397.00
44413.00
44388.00
44354.00
44364.00
44381.00
44369.00
44350.00
44322.00
44330.00
44359.00
44346.00
44311.00
44292.00
44294.00
44340.00
44339.00
44311.00
44264.00
44252.00
44271.00
44262.00
44227.00
44189.00
44189.00
44221.00
44221.00
44191.00
44157.00
44168.00
44202.00
44212.00
44178.00
44173.00
44181.00
44209.00
44205.00
44178.00
44147.00
44175.00
44210.00
44200.00
44169.00
44162.00
44180.00
44168.00
44209.00
44183.00
44149.00
44151.00
44193.00
44185.00
44159.00
44127.00
44133.00
44168.00
44166.00
44147.00
44102.00
44117.00
44151.00
44144.00
44135.00
44076.00
44105.00
44124.00
44116.00
44088.00
44052.00
44060.00
44085.00
44081.00
44047.00
43999.00
43995.00
44035.00
44040.00
44008.00
43977.00
43987.00
44012.00
44011.00
43983.00
43942.00
43953.00
43981.00
43998.00
43977.00
43955.00
43947.00
43997.00
43989.00
43982.00
43938.00
43940.00
43985.00
43990.00
43977.00
43931.00
43938.00
43977.00
43999.00
43972.00
43955.00
43947.00
43973.00
44001.00
43974.00
43936.00
43944.00
43989.00
44002.00
43973.00
43942.00
43950.00
43978.00
43984.00
43972.00
43919.00
43925.00
43957.00
43978.00
43954.00
43922.00
43934.00
43959.00
43964.00
43950.00
43907.00
43922.00
43964.00
43972.00
43937.00
43919.00
43917.00
43948.00
43965.00
43928.00
43909.00
43897.00
43955.00
43958.00
43943.00
43905.00
43916.00
43938.00
43959.00
43931.00
43887.00
43891.00
43927.00
43945.00
43926.00
43901.00
43900.00
43925.00
43957.00
43932.00
43886.00
43883.00
43915.00
43951.00
43931.00
43887.00
43894.00
43924.00
43937.00
43931.00
43885.00
43884.00
43921.00
43931.00
43894.00
43883.00
43872.00
43911.00
43921.00
43907.00
43871.00
43868.00
43905.00
43927.00
43917.00
43872.00
43857.00
43894.00
43928.00
43911.00
43875.00
43882.00
43900.00
43925.00
43893.00
43876.00
43881.00
43916.00
43934.00
43908.00
43867.00
43868.00
43909.00
43940.00
43915.00
43866.00
43872.00
43902.00
43924.00
43898.00
43870.00
43870.00
43901.00
43919.00
43900.00
43855.00
43851.00
43888.00
43918.00
43901.00
43871.00
43882.00
43910.00
43933.00
43930.00
43896.00
43886.00
43920.00
43934.00
43916.00
43877.00
43890.00
43942.00
43953.00
43955.00
43903.00
43879.00
43903.00
43926.00
43904.00
43882.00
43868.00
43885.00
43907.00
43887.00
43847.00
43845.00
43874.00
43899.00
43884.00
43862.00
43860.00
43865.00
43917.00
43899.00
43867.00
43861.00
43888.00
43915.00
43901.00
43875.00
43875.00
43892.00
43911.00
43885.00
43863.00
43874.00
43895.00
43915.00
43899.00
43874.00
43861.00
43910.00
43925.00
43897.00
43858.00
43868.00
43888.00
43907.00
43907.00
43880.00
43860.00
43887.00
43917.00
43898.00
43866.00
43874.00
43893.00
43912.00
43923.00
43875.00
43852.00
43894.00
43912.00
43915.00
43870.00
43849.00
43899.00
43932.00
43918.00
43878.00
43863.00
43893.00
43915.00
43899.00
43863.00
43847.00
43857.00
43905.00
43884.00
43854.00
43858.00
43874.00
43907.00
43895.00
43862.00
43847.00
43882.00
43898.00
43903.00
43872.00
43850.00
43874.00
43924.00
43902.00
43872.00
43848.00
43872.00
43905.00
43897.00
43857.00
43858.00
43882.00
43906.00
43915.00
43871.00
43857.00
43853.00
43903.00
43914.00
43870.00
43831.00
43870.00
43886.00
43884.00
43848.00
43836.00
43854.00
43885.00
43871.00
43851.00
43824.00
43844.00
43856.00
43849.00
43816.00
43797.00
43822.00
43856.00
43837.00
43808.00
43784.00
43800.00
43842.00
43838.00
43801.00
43774.00
43812.00
43844.00
43823.00
43775.00
43777.00
43794.00
43830.00
43810.00
43796.00
43773.00
43789.00
43809.00
43813.00
43770.00
43746.00
43761.00
43809.00
43805.00
43767.00
43737.00
43765.00
43802.00
43785.00
43769.00
43734.00
43757.00
43798.00
43793.00
43765.00
43737.00
43758.00
43797.00
43801.00
43776.00
43756.00
43768.00
43811.00
43805.00
43788.00
43748.00
43767.00
43793.00
43816.00
43774.00
43757.00
43776.00
43832.00
43824.00
43799.00
43779.00
43797.00
43826.00
43832.00
43786.00
43760.00
43774.00
43817.00
43806.00
43783.00
43748.00
43761.00
43801.00
43803.00
43777.00
43765.00
43761.00
43805.00
43801.00
43784.00
43762.00
43762.00
43810.00
43804.00
43783.00
43754.00
43769.00
43798.00
43795.00
43790.00
43763.00
43769.00
43812.00
43811.00
43775.00
43754.00
43756.00
43812.00
43814.00
43797.00
43765.00
43765.00
43805.00
43805.00
43788.00
43759.00
43777.00
43799.00
43825.00
43778.00
43762.00
43770.00
43791.00
43797.00
43793.00
43760.00
43754.00
43788.00
43801.00
43776.00
43758.00
43745.00
43790.00
43797.00
43792.00
43749.00
43769.00
43790.00
43824.00
43773.00
43749.00
43739.00
43783.00
43798.00
43775.00
43746.00
43755.00
43779.00
43813.00
43784.00
43736.00
43716.00
43756.00
43789.00
43770.00
43743.00
43734.00
43762.00
43794.00
43757.00
43735.00
43737.00
43764.00
43790.00
43771.00
43731.00
43724.00
43750.00
43781.00
43794.00
43747.00
43733.00
43769.00
43803.00
43795.00
43766.00
43754.00
43779.00
43809.00
43798.00
43771.00
43756.00
43788.00
43805.00
43803.00
43753.00
43756.00
43784.00
43822.00
43811.00
43779.00
43751.00
43790.00
43834.00
43816.00
43791.00
43765.00
43796.00
43822.00
43823.00
43763.00
43773.00
43778.00
43811.00
43800.00
43781.00
43762.00
43780.00
43802.00
43796.00
43763.00
43741.00
43770.00
43829.00
43803.00
43782.00
43756.00
43778.00
43813.00
43813.00
43787.00
43748.00
43783.00
43807.00
43816.00
43785.00
43765.00
43785.00
43811.00
43813.00
43763.00
43747.00
43770.00
43789.00
43791.00
43763.00
43751.00
43764.00
43789.00
43793.00
43771.00
43734.00
43736.00
43790.00
43801.00
43765.00
43747.00
43735.00
43789.00
43793.00
43760.00
43744.00
43746.00
43789.00
43787.00
43747.00
43715.00
43738.00
43769.00
43771.00
43757.00
43719.00
43747.00
43789.00
43781.00
43759.00
43731.00
43728.00
43773.00
43793.00
43775.00
43749.00
43752.00
43800.00
43808.00
43779.00
43752.00
43765.00
43788.00
43801.00
43780.00
43743.00
43744.00
43803.00
43793.00
43775.00
43742.00
43751.00
43790.00
43806.00
43766.00
43737.00
43750.00
43787.00
43791.00
43794.00
43742.00
43754.00
43765.00
43780.00
43779.00
43738.00
43754.00
43792.00
43802.00
43787.00
43754.00
43753.00
43785.00
43804.00
43797.00
43760.00
43766.00
43790.00
43825.00
43811.00
43762.00
43756.00
43794.00
43801.00
43797.00
43749.00
43746.00
43766.00
43819.00
43802.00
43759.00
43764.00
43784.00
43809.00
43789.00
43750.00
43742.00
43772.00
43815.00
43782.00
43748.00
43747.00
43778.00
43800.00
43786.00
43763.00
43752.00
43766.00
43810.00
43774.00
43758.00
43757.00
43788.00
43806.00
43792.00
43752.00
43757.00
43783.00
43802.00
43801.00
43765.00
43755.00
43782.00
43814.00
43796.00
43766.00
43758.00
43767.00
43813.00
43789.00
43749.00
43733.00
43777.00
43809.00
43799.00
43777.00
43759.00
43762.00
43812.00
43809.00
43764.00
43753.00
43779.00
43814.00
43808.00
43774.00
43749.00
43776.00
43807.00
43811.00
43793.00
43748.00
43778.00
43808.00
43813.00
43779.00
43762.00
43768.00
43808.00
43811.00
43769.00
43782.00
43762.00
43798.00
43814.00
43785.00
43753.00
43766.00
43810.00
43815.00
43812.00
43752.00
43759.00
43811.00
43811.00
43796.00
43756.00
43761.00
43825.00
43819.00
43800.00
43765.00
43770.00
43815.00
43803.00
43799.00
43763.00
43778.00
43814.00
43826.00
43802.00
43761.00
43760.00
43797.00
43821.00
43804.00
43760.00
43772.00
43815.00
43816.00
43807.00
43754.00
43767.00
43798.00
43830.00
43801.00
43775.00
43767.00
43787.00
43798.00
43821.00
43771.00
43773.00
43809.00
43823.00
43811.00
43772.00
43751.00
43790.00
43812.00
43798.00
43758.00
43756.00
43782.00
43819.00
43807.00
43763.00
43757.00
43797.00
43809.00
43781.00
43764.00
43756.00
43783.00
43813.00
43803.00
43765.00
43758.00
43790.00
43824.00
43810.00
43777.00
43752.00
43803.00
43809.00
43811.00
43780.00
43773.00
43770.00
43812.00
43806.00
43766.00
43755.00
43753.00
43801.00
43798.00
43755.00
43735.00
43783.00
43800.00
43792.00
43754.00
43745.00
43759.00
43797.00
43783.00
43750.00
43731.00
43739.00
43777.00
43771.00
43759.00
43727.00
43747.00
43769.00
43770.00
43752.00
43723.00
43742.00
43788.00
43781.00
43763.00
43727.00
43744.00
43776.00
43786.00
43740.00
43740.00
43751.00
43776.00
43777.00
43752.00
43729.00
43730.00
43752.00
43760.00
43736.00
43715.00
43732.00
43771.00
43777.00
43749.00
43716.00
43733.00
43750.00
43783.00
43743.00
43700.00
43717.00
43742.00
43767.00
43754.00
43727.00
43713.00
43763.00
43759.00
43742.00
43708.00
43719.00
43762.00
43782.00
43757.00
43695.00
43717.00
43755.00
43770.00
43748.00
43717.00
43700.00
43749.00
43761.00
43752.00
43715.00
43717.00
43745.00
43762.00
43735.00
43711.00
43713.00
43740.00
43766.00
43730.00
43710.00
43713.00
43760.00
43767.00
43750.00
43705.00
43698.00
43724.00
43722.00
43737.00
43703.00
43701.00
43738.00
43766.00
43751.00
43711.00
43710.00
43736.00
43768.00
43745.00
43712.00
43713.00
43733.00
43774.00
43757.00
43723.00
43713.00
43745.00
43766.00
43756.00
43722.00
43725.00
43746.00
43801.00
43766.00
43747.00
43728.00
43752.00
43785.00
43767.00
43728.00
43721.00
43740.00
43765.00
43771.00
43725.00
43717.00
43741.00
43782.00
43761.00
43737.00
43718.00
43736.00
43769.00
43769.00
43743.00
43736.00
43744.00
43770.00
43761.00
43749.00
43744.00
43744.00
43784.00
43784.00
43739.00
43722.00
43737.00
43787.00
43790.00
43753.00
43736.00
43736.00
43786.00
43786.00
43760.00
43734.00
43742.00
43788.00
43768.00
43764.00
43744.00
43731.00
43767.00
43779.00
43757.00
43722.00
43734.00
43772.00
43785.00
43762.00
43734.00
43729.00
43777.00
43789.00
43763.00
43721.00
43725.00
43761.00
43781.00
43773.00
43740.00
43732.00
43771.00
43791.00
43758.00
43724.00
43742.00
43758.00
43778.00
43759.00
43723.00
43735.00
43758.00
43789.00
43773.00
43722.00
43727.00
43767.00
43795.00
43772.00
43739.00
43732.00
43758.00
43796.00
43780.00
43736.00
43739.00
43746.00
43788.00
43764.00
43734.00
43745.00
43768.00
43796.00
43775.00
43742.00
43729.00
43754.00
43789.00
43776.00
43742.00
43714.00
43737.00
43785.00
43766.00
43740.00
43721.00
43745.00
43780.00
43754.00
43734.00
43721.00
43748.00
43768.00
43773.00
43736.00
43731.00
43748.00
43773.00
43755.00
43734.00
43712.00
43740.00
43766.00
43765.00
43726.00
43720.00
43740.00
43769.00
43754.00
43727.00
43707.00
43729.00
43765.00
43757.00
43727.00
43709.00
43739.00
43758.00
43733.00
43731.00
43707.00
43732.00
43761.00
43769.00
43741.00
43742.00
43741.00
43793.00
43805.00
43795.00
43774.00
43801.00
43873.00
43888.00
43882.00
43869.00
43909.00
43969.00
43998.00
43992.00
43993.00
44025.00
44064.00
44095.00
44069.00
44058.00
44085.00
44123.00
44128.00
44107.00
44093.00
44122.00
44137.00
44164.00
44143.00
44096.00
44114.00
44137.00
44172.00
44141.00
44117.00
44129.00
44160.00
44158.00
44145.00
44129.00
44127.00
44155.00
44175.00
44128.00
44108.00
44112.00
44139.00
44145.00
44116.00
44095.00
44077.00
44118.00
44153.00
44136.00
44106.00
44121.00
44139.00
44152.00
44148.00
44132.00
44110.00
44134.00
44146.00
44109.00
44092.00
44096.00
44121.00
44165.00
44130.00
44099.00
44098.00
44126.00
44155.00
44135.00
44082.00
44095.00
44108.00
44158.00
44126.00
44103.00
44103.00
44124.00
44144.00
44146.00
44124.00
44121.00
44154.00
44155.00
44137.00
44116.00
44095.00
44131.00
44147.00
44127.00
44105.00
44087.00
44112.00
44153.00
44133.00
44114.00
44094.00
44123.00
44145.00
44141.00
44135.00
44103.00
44125.00
44156.00
44157.00
44141.00
44122.00
44139.00
44160.00
44172.00
44145.00
44118.00
44136.00
44163.00
44156.00
44138.00
44121.00
44154.00
44189.00
44177.00
44150.00
44125.00
44150.00
44184.00
44163.00
44151.00
44128.00
44157.00
44175.00
44171.00
44151.00
44135.00
44149.00
44174.00
44172.00
44151.00
44129.00
44135.00
44194.00
44199.00
44159.00
44142.00
44154.00
44208.00
44211.00
44181.00
44169.00
44183.00
44228.00
44223.00
44207.00
44206.00
44214.00
44244.00
44272.00
44243.00
44228.00
44223.00
44274.00
44272.00
44274.00
44242.00
44272.00
44307.00
44319.00
44298.00
44277.00
44276.00
44301.00
44317.00
44292.00
44274.00
44274.00
44322.00
44320.00
44308.00
44266.00
44273.00
44296.00
44307.00
44282.00
44261.00
44269.00
44300.00
44303.00
44274.00
44229.00
44233.00
44245.00
44280.00
44261.00
44222.00
44230.00
44271.00
44276.00
44266.00
44237.00
44230.00
44276.00
44297.00
44300.00
44260.00
44279.00
44298.00
44321.00
44306.00
44284.00
44273.00
44304.00
44305.00
44288.00
44260.00
44234.00
44252.00
44280.00
44266.00
44235.00
44223.00
44255.00
44271.00
44257.00
44233.00
44221.00
44269.00
44277.00
44263.00
44231.00
44216.00
44228.00
44242.00
44222.00
44168.00
44146.00
44145.00
44142.00
44122.00
44048.00
44018.00
44028.00
44066.00
44019.00
43977.00
43956.00
43946.00
43956.00
43934.00
43883.00
43852.00
43859.00
43880.00
43860.00
43818.00
43798.00
43794.00
43833.00
43817.00
43788.00
43766.00
43775.00
43822.00
43807.00
43776.00
43776.00
43796.00
43815.00
43795.00
43786.00
43751.00
43784.00
43815.00
43812.00
43769.00
43755.00
43778.00
43832.00
43828.00
43798.00
43778.00
43791.00
43838.00
43842.00
43828.00
43796.00
43832.00
43864.00
43853.00
43830.00
43815.00
43822.00
43873.00
43860.00
43826.00
43800.00
43813.00
43860.00
43843.00
43845.00
43798.00
43801.00
43838.00
43844.00
43834.00
43800.00
43813.00
43846.00
43841.00
43814.00
43784.00
43794.00
43834.00
43841.00
43806.00
43777.00
43784.00
43837.00
43836.00
43797.00
43792.00
43790.00
43806.00
43812.00
43776.00
43763.00
43765.00
43812.00
43818.00
43792.00
43753.00
43756.00
43796.00
43808.00
43781.00
43762.00
43774.00
43806.00
43808.00
43781.00
43741.00
43741.00
43781.00
43818.00
43784.00
43762.00
43758.00
43817.00
43835.00
43820.00
43782.00
43787.00
43818.00
43840.00
43812.00
43787.00
43791.00
43823.00
43853.00
43820.00
43784.00
43775.00
43803.00
43836.00
43813.00
43781.00
43779.00
43814.00
43844.00
43824.00
43802.00
43781.00
43795.00
43826.00
43808.00
43777.00
43769.00
43809.00
43825.00
43819.00
43771.00
43776.00
43802.00
43840.00
43805.00
43776.00
43767.00
43805.00
43819.00
43816.00
43762.00
43746.00
43785.00
43821.00
43787.00
43761.00
43751.00
43767.00
43811.00
43794.00
43744.00
43737.00
43775.00
43814.00
43804.00
43767.00
43769.00
43791.00
43824.00
43808.00
43771.00
43762.00
43796.00
43835.00
43807.00
43793.00
43763.00
43786.00
43822.00
43815.00
43775.00
43765.00
43787.00
43835.00
43812.00
43786.00
43766.00
43787.00
43816.00
43801.00
43770.00
43743.00
43750.00
43781.00
43774.00
43748.00
43728.00
43760.00
43798.00
43795.00
43774.00
43758.00
43787.00
43836.00
43824.00
43815.00
43828.00
43861.00
43910.00
43928.00
43916.00
43910.00
43974.00
44053.00
44073.00
44093.00
44112.00
44191.00
44281.00
44337.00
44388.00
44448.00
44578.00
44702.00
44777.00
44864.00
44971.00
45122.00
45327.00
45532.00
45719.00
45931.00
46161.00
46472.00
46776.00
47052.00
47391.00
47823.00
48258.00
48638.00
48952.00
49309.00
49719.00
50129.00
50483.00
50775.00
50977.00
51184.00
51363.00
51536.00
51702.00
51837.00
51945.00
52060.00
52138.00
52220.00
52303.00
52384.00
52491.00
52536.00
52532.00
52546.00
52596.00
52681.00
52737.00
52786.00
52779.00
52760.00
52814.00
52857.00
52864.00
52859.00
52904.00
52939.00
52954.00
52945.00
52926.00
52921.00
52951.00
52930.00
52873.00
52781.00
52751.00
52727.00
52697.00
52640.00
52564.00
52525.00
52547.00
52542.00
52502.00
52444.00
52421.00
52428.00
52410.00
52340.00
52272.00
52244.00
52226.00
52163.00
52089.00
52030.00
51980.00
51969.00
51923.00
51843.00
51762.00
51691.00
51638.00
51554.00
51399.00
51217.00
51054.00
50911.00
50773.00
50578.00
50370.00
50229.00
50084.00
49908.00
49699.00
49453.00
49210.00
48961.00
48730.00
48458.00
48183.00
47920.00
47690.00
47427.00
47162.00
46894.00
46698.00
46528.00
46364.00
46195.00
46050.00
45908.00
45793.00
45690.00
45577.00
45447.00
45350.00
45276.00
45229.00
45137.00
45031.00
44974.00
44915.00
44864.00
44765.00
44680.00
44648.00
44627.00
44601.00
44550.00
44491.00
44445.00
44482.00
44478.00
44444.00
44382.00
44342.00
44349.00
44359.00
44306.00
44220.00
44197.00
44205.00
44207.00
44184.00
44123.00
44113.00
44128.00
44154.00
44112.00
44079.00
44049.00
44086.00
44095.00
44091.00
44032.00
44028.00
44044.00
44073.00
44056.00
44002.00
43999.00
44012.00
44036.00
43998.00
43961.00
43940.00
43964.00
43984.00
43947.00
43903.00
43900.00
43909.00
43951.00
43925.00
43896.00
43891.00
43907.00
43945.00
43926.00
43885.00
43886.00
43941.00
43964.00
43966.00
43938.00
43949.00
44003.00
44071.00
44107.00
44096.00
44137.00
44197.00
44291.00
44334.00
44387.00
44447.00
44543.00
44646.00
44746.00
44838.00
44927.00
45086.00
45249.00
45390.00
45568.00
45763.00
46029.00
46352.00
46656.00
46972.00
47325.00
47704.00
48145.00
48578.00
49006.00
49394.00
49758.00
50129.00
50456.00
50709.00
50961.00
51230.00
51422.00
51543.00
51679.00
51821.00
51976.00
52115.00
52189.00
52256.00
52329.00
52421.00
52530.00
52594.00
52648.00
52681.00
52736.00
52788.00
52808.00
52797.00
52781.00
52811.00
52857.00
52838.00
52791.00
52777.00
52789.00
52816.00
52810.00
52750.00
52699.00
52678.00
52677.00
52617.00
52541.00
52459.00
52439.00
52430.00
52381.00
52303.00
52288.00
52275.00
52288.00
52253.00
52202.00
52133.00
52099.00
52060.00
51998.00
51923.00
51865.00
51845.00
51790.00
51663.00
51540.00
51416.00
51292.00
51182.00
50996.00
50771.00
50532.00
50273.00
50070.00
49814.00
49546.00
49210.00
48866.00
48557.00
48188.00
47841.00
47523.00
47223.00
47005.00
46785.00
46585.00
46423.00
46295.00
46212.00
46086.00
45921.00
45778.00
45660.00
45598.00
45476.00
45323.00
45174.00
45087.00
45036.00
44937.00
44865.00
44761.00
44705.00
44694.00
44643.00
44556.00
44473.00
44446.00
44395.00
44361.00
44285.00
44221.00
44225.00
44237.00
44211.00
44150.00
44101.00
44112.00
44140.00
44119.00
44106.00
44036.00
44063.00
44087.00
44077.00
44048.00
44011.00
44036.00
44067.00
44075.00
44033.00
44024.00
44028.00
44083.00
44069.00
44036.00
43996.00
44025.00
44066.00
44073.00
44034.00
44004.00
44022.00
44059.00
44053.00
44039.00
43989.00
43998.00
44040.00
44025.00
43990.00
43969.00
43969.00
43995.00
43997.00
43971.00
43940.00
43941.00
43996.00
43997.00
43983.00
43958.00
43956.00
44024.00
44046.00
44030.00
44016.00
44042.00
44115.00
44143.00
44142.00
44140.00
44186.00
44246.00
44303.00
44308.00
44334.00
44407.00
44488.00
44564.00
44619.00
44660.00
44779.00
44909.00
45020.00
45107.00
45206.00
45329.00
45535.00
45744.00
45957.00
46178.00
46486.00
46809.00
47149.00
47482.00
47851.00
48251.00
48738.00
49191.00
49569.00
49930.00
50259.00
50620.00
50865.00
51100.00
51307.00
51477.00
51624.00
51769.00
51885.00
51991.00
52117.00
52218.00
52314.00
52332.00
52374.00
52436.00
52531.00
52601.00
52643.00
52662.00
52740.00
52812.00
52844.00
52832.00
52811.00
52792.00
52783.00
52750.00
52692.00
52605.00
52542.00
52523.00
52501.00
52466.00
52406.00
52368.00
52352.00
52313.00
52304.00
52203.00
52150.00
52181.00
52145.00
52080.00
51998.00
51946.00
51936.00
51903.00
51825.00
51741.00
51685.00
51650.00
51638.00
51584.00
51461.00
51343.00
51251.00
51160.00
51060.00
50883.00
50652.00
50458.00
50280.00
50029.00
49760.00
49487.00
49200.00
48959.00
48681.00
48413.00
48142.00
47834.00
47542.00
47232.00
46972.00
46744.00
46584.00
46433.00
46246.00
46066.00
45947.00
45856.00
45768.00
45665.00
45526.00
45420.00
45368.00
45315.00
45224.00
45102.00
45038.00
44997.00
44971.00
44887.00
44776.00
44717.00
44691.00
44672.00
44608.00
44514.00
44441.00
44411.00
44392.00
44331.00
44265.00
44230.00
44228.00
44240.00
44193.00
44141.00
44109.00
44139.00
44145.00
44128.00
44085.00
44086.00
44102.00
44135.00
44098.00
44057.00
44063.00
44097.00
44109.00
44074.00
44040.00
44032.00
44047.00
44070.00
44049.00
43995.00
43997.00
44017.00
44066.00
44051.00
44022.00
43988.00
44049.00
44080.00
44069.00
44050.00
44053.00
44102.00
44158.00
44150.00
44142.00
44150.00
44220.00
44281.00
44310.00
44325.00
44363.00
44441.00
44541.00
44593.00
44622.00
44696.00
44779.00
44896.00
44939.00
44978.00
45065.00
45184.00
45332.00
45435.00
45531.00
45669.00
45879.00
46119.00
46360.00
46622.00
46928.00
47258.00
47590.00
47924.00
48241.00
48616.00
49041.00
49427.00
49763.00
50080.00
50419.00
50708.00
50992.00
51214.00
51379.00
51512.00
51738.00
51919.00
52044.00
52099.00
52116.00
52173.00
52271.00
52317.00
52337.00
52364.00
52417.00
52484.00
52477.00
52466.00
52520.00
52589.00
52632.00
52609.00
52568.00
52557.00
52582.00
52607.00
52560.00
52510.00
52496.00
52526.00
52516.00
52453.00
52349.00
52260.00
52210.00
52164.00
52086.00
52008.00
51992.00
52004.00
52056.00
52011.00
51952.00
51935.00
51884.00
51842.00
51800.00
51714.00
51645.00
51591.00
51513.00
51378.00
51226.00
51064.00
50881.00
50635.00
50383.00
50162.00
49952.00
49776.00
49640.00
49409.00
49222.00
49051.00
48798.00
48523.00
48266.00
48017.00
47702.00
47355.00
47089.00
46814.00
46564.00
46367.00
46175.00
46068.00
45904.00
45743.00
45621.00
45510.00
45423.00
45325.00
45157.00
45036.00
44974.00
44903.00
44831.00
44706.00
44662.00
44611.00
44587.00
44550.00
44452.00
44390.00
44378.00
44417.00
44378.00
44319.00
44267.00
44263.00
44263.00
44247.00
44203.00
44185.00
44215.00
44233.00
44225.00
44176.00
44147.00
44163.00
44203.00
44195.00
44177.00
44120.00
44154.00
44185.00
44192.00
44165.00
44121.00
44140.00
44208.00
44192.00
44158.00
44114.00
44121.00
44150.00
44139.00
44081.00
44039.00
44067.00
44101.00
44100.00
44057.00
44039.00
44058.00
44096.00
44090.00
44093.00
44062.00
44086.00
44132.00
44160.00
44147.00
44130.00
44163.00
44230.00
44251.00
44245.00
44248.00
44309.00
44381.00
44428.00
44448.00
44492.00
44560.00
44640.00
44719.00
44769.00
44824.00
44948.00
45096.00
45203.00
45298.00
45412.00
45575.00
45809.00
46056.00
46308.00
46596.00
46953.00
47352.00
47773.00
48199.00
48660.00
49150.00
49598.00
49996.00
50380.00
50718.00
51028.00
51309.00
51532.00
51723.00
51867.00
52037.00
52232.00
52350.00
52445.00
52546.00
52640.00
52742.00
52815.00
52824.00
52862.00
52915.00
52990.00
53054.00
53049.00
53042.00
53104.00
53168.00
53215.00
53207.00
53186.00
53207.00
53282.00
53297.00
53279.00
53216.00
53177.00
53192.00
53193.00
53140.00
53060.00
53016.00
52989.00
52924.00
52826.00
52726.00
52666.00
52676.00
52672.00
52642.00
52566.00
52527.00
52518.00
52465.00
52393.00
52317.00
52251.00
52215.00
52143.00
52061.00
51984.00
51915.00
51870.00
51790.00
51710.00
51610.00
51506.00
51353.00
51194.00
51028.00
50854.00
50698.00
50534.00
50357.00
50185.00
50026.00
49871.00
49753.00
49592.00
49369.00
49095.00
48861.00
48639.00
48392.00
48121.00
47838.00
47592.00
47357.00
47105.00
46872.00
46663.00
46500.00
46394.00
46295.00
46147.00
45964.00
45853.00
45773.00
45685.00
45553.00
45413.00
45301.00
45245.00
45168.00
45064.00
44956.00
44869.00
44845.00
44786.00
44719.00
44679.00
44610.00
44621.00
44582.00
44502.00
44437.00
44407.00
44374.00
44353.00
44309.00
44273.00
44273.00
44290.00
44310.00
44284.00
44238.00
44233.00
44261.00
44265.00
44234.00
44209.00
44200.00
44222.00
44245.00
44209.00
44150.00
44152.00
44176.00
44209.00
44188.00
44130.00
44133.00
44164.00
44187.00
44140.00
44105.00
44112.00
44146.00
44169.00
44146.00
44132.00
44130.00
44201.00
44232.00
44213.00
44189.00
44199.00
44247.00
44305.00
44291.00
44261.00
44280.00
44339.00
44419.00
44439.00
44453.00
44497.00
44570.00
44646.00
44706.00
44728.00
44798.00
44896.00
45022.00
45107.00
45171.00
45281.00
45442.00
45578.00
45724.00
45910.00
46141.00
46436.00
46768.00
47100.00
47438.00
47807.00
48197.00
48638.00
49012.00
49347.00
49704.00
50117.00
50449.00
50751.00
50956.00
51164.00
51387.00
51596.00
51760.00
51885.00
52013.00
52145.00
52284.00
52356.00
52381.00
52431.00
52497.00
52546.00
52567.00
52559.00
52552.00
52604.00
52649.00
52658.00
52628.00
52653.00
52688.00
52743.00
52732.00
52684.00
52658.00
52672.00
52686.00
52669.00
52643.00
52627.00
52614.00
52580.00
52485.00
52368.00
52297.00
52259.00
52241.00
52205.00
52153.00
52103.00
52114.00
52106.00
52065.00
51985.00
51922.00
51913.00
51843.00
51738.00
51617.00
51510.00
51445.00
51347.00
51177.00
50984.00
50798.00
50628.00
50462.00
50282.00
50061.00
49884.00
49717.00
49562.00
49324.00
49045.00
48758.00
48516.00
48283.00
47988.00
47699.00
47411.00
47177.00
46965.00
46726.00
46463.00
46265.00
46108.00
45996.00
45870.00
45715.00
45585.00
45470.00
45419.00
45319.00
45235.00
45119.00
45074.00
45017.00
44951.00
44852.00
44788.00
44759.00
44744.00
44682.00
44602.00
44569.00
44561.00
44548.00
44503.00
44441.00
44393.00
44400.00
44397.00
44366.00
44295.00
44269.00
44283.00
44330.00
44312.00
44257.00
44239.00
44243.00
44284.00
44260.00
44207.00
44191.00
44206.00
44222.00
44243.00
44197.00
44172.00
44177.00
44222.00
44208.00
44160.00
44133.00
44145.00
44176.00
44187.00
44122.00
44100.00
44125.00
44171.00
44167.00
44125.00
44144.00
44163.00
44207.00
44219.00
44202.00
44197.00
44222.00
44271.00
44295.00
44285.00
44295.00
44325.00
44384.00
44415.00
44435.00
44443.00
44502.00
44568.00
44639.00
44673.00
44710.00
44787.00
44885.00
44978.00
45057.00
45117.00
45229.00
45398.00
45514.00
45661.00
45829.00
46078.00
46376.00
46708.00
47032.00
47405.00
47816.00
48267.00
48713.00
49136.00
49517.00
49936.00
50335.00
50666.00
50923.00
51152.00
51400.00
51635.00
51832.00
51991.00
52138.00
52264.00
52434.00
52514.00
52548.00
52563.00
52612.00
52662.00
52689.00
52694.00
52708.00
52745.00
52788.00
52767.00
52721.00
52704.00
52697.00
52757.00
52767.00
52741.00
52692.00
52679.00
52694.00
52680.00
52629.00
52546.00
52464.00
52408.00
52331.00
52214.00
52105.00
52068.00
52075.00
52096.00
52086.00
52043.00
52047.00
52089.00
52098.00
52033.00
51975.00
51926.00
51877.00
51821.00
51708.00
51559.00
51455.00
51393.00
51281.00
51179.00
51048.00
50917.00
50818.00
50703.00
50500.00
50313.00
50130.00
49979.00
49731.00
49499.00
49264.00
49026.00
48823.00
48537.00
48232.00
47900.00
47618.00
47363.00
47094.00
46814.00
46578.00
46444.00
46330.00
46197.00
46035.00
45832.00
45707.00
45643.00
45576.00
45452.00
45297.00
45191.00
45136.00
45072.00
44986.00
44892.00
44836.00
44821.00
44806.00
44730.00
44642.00
44604.00
44615.00
44586.00
44522.00
44454.00
44435.00
44457.00
44471.00
44430.00
44369.00
44351.00
44367.00
44378.00
44342.00
44295.00
44275.00
44285.00
44305.00
44288.00
44245.00
44250.00
44268.00
44297.00
44281.00
44238.00
44244.00
44274.00
44272.00
44262.00
44203.00
44203.00
44248.00
44276.00
44250.00
44194.00
44163.00
44196.00
44230.00
44190.00
44141.00
44125.00
44155.00
44171.00
44170.00
44129.00
44115.00
44134.00
44174.00
44173.00
44153.00
44167.00
44195.00
44221.00
44234.00
44212.00
44227.00
44263.00
44329.00
44328.00
44341.00
44356.00
44406.00
44478.00
44512.00
44532.00
44574.00
44660.00
44753.00
44814.00
44857.00
44927.00
45032.00
45173.00
45275.00
45367.00
45481.00
45635.00
45813.00
46000.00
46221.00
46483.00
46804.00
47152.00
47527.00
47866.00
48200.00
48672.00
49152.00
49506.00
49817.00
50131.00
50489.00
50836.00
51073.00
51279.00
51468.00
51666.00
51872.00
52004.00
52093.00
52197.00
52325.00
52515.00
52607.00
52665.00
52715.00
52771.00
52841.00
52877.00
52898.00
52916.00
52955.00
53017.00
53023.00
53028.00
53022.00
53072.00
53140.00
53156.00
53128.00
53105.00
53117.00
53177.00
53159.00
53136.00
53101.00
53092.00
53094.00
53042.00
52969.00
52905.00
52852.00
52827.00
52750.00
52654.00
52597.00
52586.00
52589.00
52554.00
52469.00
52403.00
52358.00
52325.00
52281.00
52189.00
52057.00
51974.00
51920.00
51837.00
51745.00
51599.00
51445.00
51312.00
51159.00
50936.00
50685.00
50468.00
50296.00
50067.00
49806.00
49500.00
49237.00
49022.00
48788.00
48524.00
48155.00
47811.00
47565.00
47333.00
47143.00
46900.00
46675.00
46485.00
46275.00
46071.00
45878.00
45745.00
45641.00
45516.00
45384.00
45278.00
45204.00
45163.00
45107.00
45007.00
44912.00
44859.00
44866.00
44821.00
44757.00
44647.00
44629.00
44633.00
44628.00
44566.00
44470.00
44414.00
44384.00
44409.00
44366.00
44321.00
44319.00
44360.00
44374.00
44350.00
44294.00
44274.00
44313.00
44333.00
44269.00
44228.00
44208.00
44235.00
44245.00
44220.00
44194.00
44163.00
44211.00
44244.00
44219.00
44196.00
44173.00
44211.00
44248.00
44210.00
44154.00
44150.00
44198.00
44204.00
44183.00
44156.00
44166.00
44198.00
44237.00
44240.00
44206.00
44215.00
44246.00
44277.00
44293.00
44271.00
44282.00
44328.00
44377.00
44415.00
44398.00
44423.00
44486.00
44554.00
44562.00
44570.00
44611.00
44665.00
44734.00
44755.00
44773.00
44839.00
44939.00
45041.00
45111.00
45191.00
45275.00
45407.00
45543.00
45659.00
45813.00
45993.00
46293.00
46575.00
46878.00
47183.00
47514.00
47928.00
48376.00
48808.00
49227.00
49636.00
50063.00
50422.00
50699.00
50931.00
51158.00
51397.00
51655.00
51841.00
51974.00
52116.00
52262.00
52381.00
52468.00
52506.00
52557.00
52629.00
52737.00
52745.00
52749.00
52765.00
52801.00
52861.00
52832.00
52783.00
52748.00
52738.00
52764.00
52753.00
52699.00
52680.00
52708.00
52743.00
52764.00
52738.00
52715.00
52724.00
52723.00
52678.00
52625.00
52554.00
52523.00
52484.00
52382.00
52262.00
52120.00
52049.00
52008.00
51938.00
51887.00
51850.00
51862.00
51884.00
51881.00
51866.00
51836.00
51825.00
51797.00
51743.00
51631.00
51551.00
51496.00
51456.00
51373.00
51263.00
51153.00
51045.00
50906.00
50782.00
50635.00
50459.00
50310.00
50170.00
49978.00
49766.00
49554.00
49357.00
49193.00
48972.00
48709.00
48406.00
48123.00
47889.00
47659.00
47434.00
47189.00
47004.00
46857.00
46681.00
46510.00
46306.00
46178.00
46078.00
45967.00
45824.00
45675.00
45580.00
45528.00
45445.00
45347.00
45239.00
45167.00
45135.00
45078.00
44984.00
44898.00
44865.00
44859.00
44822.00
44758.00
44675.00
44653.00
44643.00
44602.00
44515.00
44468.00
44451.00
44501.00
44498.00
44466.00
44403.00
44367.00
44361.00
44368.00
44303.00
44261.00
44247.00
44285.00
44318.00
44273.00
44228.00
44228.00
44249.00
44282.00
44257.00
44217.00
44210.00
44265.00
44269.00
44250.00
44213.00
44200.00
44215.00
44220.00
44188.00
44150.00
44132.00
44164.00
44199.00
44185.00
44141.00
44150.00
44185.00
44207.00
44208.00
44170.00
44190.00
44228.00
44268.00
44291.00
44274.00
44304.00
44353.00
44403.00
44427.00
44439.00
44473.00
44555.00
44624.00
44660.00
44698.00
44744.00
44828.00
44942.00
45020.00
45067.00
45151.00
45257.00
45399.00
45493.00
45584.00
45720.00
45891.00
46133.00
46342.00
46592.00
46878.00
47202.00
47561.00
47899.00
48257.00
48639.00
49085.00
49480.00
49847.00
50185.00
50505.00
50797.00
51070.00
51280.00
51479.00
51666.00
51852.00
52021.00
52144.00
52168.00
52234.00
52348.00
52431.00
52475.00
52499.00
52525.00
52563.00
52619.00
52633.00
52612.00
52585.00
52592.00
52597.00
52587.00
52556.00
52512.00
52549.00
52572.00
52593.00
52576.00
52584.00
52583.00
52612.00
52587.00
52505.00
52450.00
52386.00
52360.00
52305.00
52211.00
52124.00
52089.00
52060.00
52019.00
51936.00
51853.00
51797.00
51724.00
51634.00
51529.00
51450.00
51411.00
51420.00
51403.00
51342.00
51277.00
51238.00
51211.00
51175.00
51127.00
51059.00
51019.00
50985.00
50927.00
50827.00
50711.00
50633.00
50589.00
50502.00
50320.00
50137.00
49954.00
49831.00
49688.00
49491.00
49271.00
49089.00
48991.00
48824.00
48559.00
48218.00
47928.00
47791.00
47650.00
47452.00
47199.00
46972.00
46830.00
46705.00
46556.00
46392.00
46272.00
46214.00
46155.00
46051.00
45935.00
45880.00
45839.00
45790.00
45750.00
45695.00
45679.00
45685.00
45704.00
45673.00
45611.00
45615.00
45629.00
45653.00
45631.00
45588.00
45566.00
45569.00
45576.00
45536.00
45473.00
45433.00
45422.00
45424.00
45375.00
45305.00
45264.00
45278.00
45294.00
45260.00
45211.00
45174.00
45160.00
45185.00
45158.00
45096.00
45060.00
45072.00
45075.00
45041.00
44987.00
44964.00
44982.00
45028.00
45012.00
44979.00
44969.00
44995.00
45019.00
45005.00
44961.00
44953.00
44967.00
44999.00
44995.00
44942.00
44925.00
44925.00
44959.00
44946.00
44914.00
44898.00
44906.00
44907.00
44888.00
44839.00
44799.00
44823.00
44859.00
44875.00
44873.00
44905.00
44920.00
45008.00
45037.00
45013.00
45006.00
45067.00
45092.00
45127.00
45128.00
45100.00
45161.00
45217.00
45238.00
45213.00
45198.00
45208.00
45246.00
45262.00
45229.00
45190.00
45187.00
45211.00
45193.00
45165.00
45115.00
45143.00
45187.00
45206.00
45143.00
45086.00
45077.00
45092.00
45052.00
44995.00
44944.00
44918.00
44933.00
44914.00
44877.00
44833.00
44837.00
44864.00
44871.00
44826.00
44789.00
44792.00
44834.00
44827.00
44810.00
44765.00
44769.00
44795.00
44798.00
44758.00
44714.00
44720.00
44737.00
44737.00
44705.00
44653.00
44655.00
44667.00
44651.00
44607.00
44554.00
44537.00
44545.00
44543.00
44521.00
44475.00
44438.00
44455.00
44463.00
44421.00
44364.00
44372.00
44400.00
44432.00
44421.00
44355.00
44346.00
44362.00
44391.00
44344.00
44290.00
44278.00
44292.00
44317.00
44287.00
44237.00
44223.00
44235.00
44274.00
44262.00
44207.00
44202.00
44237.00
44255.00
44234.00
44201.00
44186.00
44237.00
44264.00
44278.00
44249.00
44247.00
44302.00
44366.00
44364.00
44340.00
44364.00
44422.00
44501.00
44516.00
44503.00
44527.00
44582.00
44647.00
44676.00
44658.00
44684.00
44743.00
44849.00
44911.00
44916.00
44909.00
44974.00
45038.00
45065.00
45056.00
45072.00
45123.00
45186.00
45224.00
45207.00
45209.00
45247.00
45303.00
45296.00
45279.00
45268.00
45281.00
45302.00
45293.00
45255.00
45231.00
45235.00
45291.00
45300.00
45275.00
45266.00
45291.00
45337.00
45347.00
45333.00
45300.00
45317.00
45359.00
45360.00
45352.00
45342.00
45362.00
45415.00
45442.00
45423.00
45415.00
45453.00
45501.00
45517.00
45496.00
45493.00
45498.00
45537.00
45547.00
45501.00
45481.00
45506.00
45542.00
45552.00
45535.00
45514.00
45541.00
45570.00
45592.00
45564.00
45547.00
45557.00
45589.00
45597.00
45569.00
45550.00
45554.00
45590.00
45607.00
45598.00
45565.00
45562.00
45589.00
45605.00
45577.00
45531.00
45530.00
45551.00
45570.00
45527.00
45483.00
45448.00
45459.00
45438.00
45383.00
45344.00
45324.00
45328.00
45325.00
45278.00
45240.00
45219.00
45232.00
45234.00
45191.00
45145.00
45131.00
45146.00
45161.00
45144.00
45097.00
45081.00
45104.00
45129.00
45103.00
45070.00
45058.00
45081.00
45102.00
45093.00
45060.00
45038.00
45074.00
45111.00
45085.00
45046.00
45035.00
45056.00
45087.00
45080.00
45023.00
45019.00
45033.00
45064.00
45063.00
45018.00
45016.00
45041.00
45068.00
45037.00
45018.00
45001.00
45012.00
45040.00
45034.00
44997.00
44982.00
45016.00
45060.00
45030.00
45000.00
44986.00
45029.00
45070.00
45055.00
45029.00
45002.00
45034.00
45066.00
45069.00
45030.00
45032.00
45048.00
45088.00
45105.00
45077.00
45061.00
45088.00
45124.00
45122.00
45111.00
45102.00
45134.00
45167.00
45176.00
45165.00
45139.00
45158.00
45196.00
45197.00
45163.00
45140.00
45146.00
45173.00
45143.00
45099.00
45059.00
45077.00
45102.00
45089.00
45051.00
45046.00
45044.00
45078.00
45071.00
45034.00
45013.00
45023.00
45074.00
45067.00
45053.00
45025.00
45023.00
45054.00
45064.00
45048.00
45010.00
45029.00
45084.00
45100.00
45081.00
45071.00
45089.00
45124.00
45136.00
45116.00
45076.00
45106.00
45155.00
45165.00
45158.00
45162.00
45220.00
45304.00
45374.00
45413.00
45474.00
45549.00
45673.00
45734.00
45748.00
45718.00
45742.00
45808.00
45830.00
45766.00
45721.00
45723.00
45741.00
45735.00
45678.00
45588.00
45531.00
45534.00
45526.00
45487.00
45446.00
45452.00
45473.00
45513.00
45494.00
45458.00
45450.00
45474.00
45459.00
45405.00
45366.00
45352.00
45365.00
45363.00
45339.00
45297.00
45281.00
45305.00
45322.00
45317.00
45273.00
45269.00
45301.00
45326.00
45323.00
45294.00
45313.00
45346.00
45391.00
45379.00
45357.00
45372.00
45398.00
45425.00
45410.00
45357.00
45347.00
45370.00
45390.00
45368.00
45318.00
45287.00
45287.00
45302.00
45277.00
45225.00
45184.00
45196.00
45223.00
45192.00
45131.00
45090.00
45083.00
45102.00
45068.00
45003.00
44965.00
44961.00
44978.00
44949.00
44874.00
44831.00
44812.00
44814.00
44773.00
44697.00
44639.00
44623.00
44657.00
44612.00
44559.00
44513.00
44518.00
44527.00
44488.00
44435.00
44391.00
44401.00
44416.00
44405.00
44360.00
44323.00
44339.00
44367.00
44351.00
44322.00
44282.00
44289.00
44326.00
44325.00
44301.00
44278.00
44286.00
44323.00
44318.00
44279.00
44251.00
44288.00
44314.00
44322.00
44279.00
44255.00
44258.00
44309.00
44299.00
44276.00
44234.00
44248.00
44288.00
44306.00
44270.00
44247.00
44262.00
44296.00
44313.00
44289.00
44277.00
44288.00
44363.00
44388.00
44390.00
44390.00
44423.00
44506.00
44565.00
44570.00
44588.00
44620.00
44700.00
44764.00
44809.00
44837.00
44894.00
45013.00
45089.00
45157.00
45192.00
45271.00
45392.00
45495.00
45587.00
45637.00
45778.00
45973.00
46199.00
46429.00
46698.00
47018.00
47395.00
47791.00
48107.00
48456.00
48840.00
49221.00
49662.00
50063.00
50355.00
50665.00
51005.00
51293.00
51490.00
51682.00
51839.00
52022.00
52203.00
52300.00
52375.00
52501.00
52619.00
52752.00
52802.00
52820.00
52850.00
52906.00
52970.00
52991.00
53007.00
53048.00
53097.00
53156.00
53179.00
53163.00
53175.00
53209.00
53258.00
53253.00
53230.00
53231.00
53236.00
53263.00
53245.00
53214.00
53202.00
53201.00
53202.00
53132.00
53051.00
52993.00
53004.00
53002.00
52957.00
52891.00
52820.00
52790.00
52762.00
52687.00
52601.00
52525.00
52464.00
52420.00
52314.00
52194.00
52102.00
51992.00
51933.00
51804.00
51642.00
51469.00
51347.00
51209.00
51050.00
50813.00
50580.00
50377.00
50197.00
49967.00
49694.00
49417.00
49158.00
48873.00
48564.00
48218.00
47892.00
47608.00
47384.00
47119.00
46848.00
46637.00
46490.00
46336.00
46151.00
45958.00
45809.00
45703.00
45632.00
45529.00
45361.00
45213.00
45212.00
45196.00
45154.00
45090.00
45003.00
44988.00
44990.00
44946.00
44876.00
44827.00
44805.00
44827.00
44808.00
44731.00
44669.00
44646.00
44664.00
44624.00
44579.00
44537.00
44521.00
44550.00
44529.00
44475.00
44415.00
44423.00
44434.00
44433.00
44377.00
44331.00
44316.00
44357.00
44359.00
44312.00
44263.00
44275.00
44310.00
44325.00
44290.00
44245.00
44252.00
44284.00
44311.00
44264.00
44222.00
44234.00
44260.00
44272.00
44249.00
44193.00
44193.00
44210.00
44230.00
44197.00
44148.00
44140.00
44184.00
44213.00
44161.00
44153.00
44143.00
44174.00
44183.00
44145.00
44101.00
44107.00
44143.00
44176.00
44152.00
44109.00
44137.00
44156.00
44218.00
44198.00
44192.00
44207.00
44286.00
44335.00
44341.00
44326.00
44358.00
44454.00
44525.00
44544.00
44536.00
44556.00
44639.00
44727.00
44748.00
44763.00
44802.00
44912.00
45028.00
45095.00
45142.00
45217.00
45314.00
45457.00
45548.00
45648.00
45780.00
45956.00
46223.00
46410.00
46652.00
46934.00
47293.00
47639.00
47987.00
48302.00
48687.00
49135.00
49573.00
49915.00
50217.00
50558.00
50902.00
51230.00
51458.00
51620.00
51782.00
51966.00
52171.00
52352.00
52463.00
52565.00
52670.00
52761.00
52805.00
52828.00
52858.00
52915.00
52967.00
52984.00
52971.00
52946.00
52959.00
52977.00
52967.00
52904.00
52859.00
52839.00
52829.00
52749.00
52651.00
52564.00
52507.00
52450.00
52375.00
52274.00
52198.00
52153.00
52125.00
52025.00
51932.00
51861.00
51787.00
51722.00
51643.00
51510.00
51361.00
51261.00
51167.00
51046.00
50843.00
50653.00
50424.00
50246.00
50072.00
49849.00
49603.00
49352.00
49168.00
48879.00
48574.00
48261.00
47992.00
47705.00
47350.00
47002.00
46681.00
46490.00
46333.00
46160.00
45941.00
45744.00
45616.00
45544.00
45466.00
45338.00
45197.00
45109.00
45055.00
45019.00
44908.00
44803.00
44729.00
44710.00
44681.00
44630.00
44535.00
44492.00
44486.00
44496.00
44437.00
44391.00
44379.00
44384.00
44407.00
44360.00
44303.00
44286.00
44337.00
44327.00
44311.00
44266.00
44256.00
44281.00
44308.00
44292.00
44240.00
44236.00
44255.00
44298.00
44257.00
44223.00
44201.00
44236.00
44258.00
44228.00
44174.00
44179.00
44189.00
44237.00
44215.00
44191.00
44188.00
44210.00
44261.00
44256.00
44242.00
44231.00
44277.00
44320.00
44330.00
44303.00
44298.00
44325.00
44385.00
44386.00
44363.00
44380.00
44419.00
44480.00
44488.00
44458.00
44473.00
44512.00
44595.00
44632.00
44658.00
44707.00
44776.00
44886.00
44965.00
45038.00
45096.00
45210.00
45338.00
45462.00
45546.00
45676.00
45873.00
46161.00
46422.00
46707.00
47012.00
47399.00
47860.00
48294.00
48718.00
49180.00
49619.00
50022.00
50390.00
50660.00
50902.00
51184.00
51428.00
51636.00
51801.00
51951.00
52100.00
52255.00
52336.00
52394.00
52434.00
52484.00
52545.00
52567.00
52554.00
52552.00
52583.00
52619.00
52612.00
52607.00
52616.00
52682.00
52769.00
52808.00
52801.00
52806.00
52801.00
52843.00
52832.00
52782.00
52717.00
52696.00
52697.00
52673.00
52640.00
52560.00
52522.00
52504.00
52466.00
52403.00
52309.00
52263.00
52239.00
52198.00
52119.00
52017.00
51952.00
51903.00
51812.00
51689.00
51591.00
51469.00
51354.00
51193.00
51005.00
50777.00
50570.00
50363.00
50176.00
49941.00
49694.00
49467.00
49247.00
48994.00
48721.00
48396.00
48072.00
47722.00
47371.00
47031.00
46694.00
46452.00
46266.00
46071.00
45881.00
45678.00
45538.00
45440.00
45362.00
45255.00
45128.00
45031.00
44992.00
44998.00
44922.00
44836.00
44755.00
44742.00
44742.00
44679.00
44604.00
44524.00
44511.00
44497.00
44433.00
44380.00
44369.00
44364.00
44403.00
44386.00
44333.00
44317.00
44333.00
44313.00
44270.00
44208.00
44196.00
44207.00
44254.00
44223.00
44174.00
44139.00
44153.00
44207.00
44187.00
44134.00
44123.00
44160.00
44216.00
44207.00
44168.00
44177.00
44205.00
44256.00
44264.00
44253.00
44231.00
44266.00
44320.00
44321.00
44308.00
44316.00
44343.00
44406.00
44423.00
44410.00
44416.00
44467.00
44521.00
44563.00
44580.00
44598.00
44668.00
44785.00
44861.00
44906.00
44947.00
45057.00
45181.00
45293.00
45377.00
45501.00
45673.00
45905.00
46150.00
46375.00
46642.00
46989.00
47393.00
47779.00
48166.00
48617.00
49153.00
49640.00
50046.00
50396.00
50728.00
51097.00
51430.00
51676.00
51877.00
52014.00
52210.00
52407.00
52575.00
52666.00
52749.00
52854.00
52980.00
53063.00
53106.00
53107.00
53165.00
53203.00
53226.00
53187.00
53154.00
53142.00
53147.00
53162.00
53152.00
53109.00
53114.00
53159.00
53187.00
53173.00
53119.00
53078.00
53086.00
53090.00
53061.00
52992.00
52928.00
52912.00
52873.00
52777.00
52673.00
52591.00
52545.00
52480.00
52378.00
52228.00
52135.00
52038.00
51894.00
51723.00
51513.00
51357.00
51199.00
51021.00
50789.00
50483.00
50228.00
50017.00
49836.00
49608.00
49310.00
49005.00
48712.00
48398.00
48026.00
47616.00
47216.00
46931.00
46722.00
46524.00
46293.00
46108.00
45966.00
45846.00
45713.00
45585.00
45475.00
45411.00
45368.00
45276.00
45152.00
45107.00
45059.00
45024.00
44955.00
44861.00
44781.00
44748.00
44740.00
44704.00
44642.00
44561.00
44547.00
44532.00
44491.00
44421.00
44394.00
44408.00
44447.00
44431.00
44378.00
44337.00
44343.00
44390.00
44366.00
44354.00
44289.00
44302.00
44347.00
44320.00
44272.00
44237.00
44262.00
44318.00
44314.00
44270.00
44264.00
44283.00
44338.00
44342.00
44305.00
44316.00
44337.00
44392.00
44363.00
44323.00
44316.00
44352.00
44392.00
44408.00
44400.00
44400.00
44410.00
44460.00
44481.00
44478.00
44454.00
44483.00
44522.00
44561.00
44560.00
44578.00
44629.00
44700.00
44758.00
44787.00
44819.00
44918.00
45029.00
45144.00
45212.00
45282.00
45392.00
45543.00
45703.00
45863.00
46068.00
46355.00
46633.00
46926.00
47246.00
47633.00
48168.00
48737.00
49303.00
49777.00
50192.00
50647.00
51116.00
51476.00
51703.00
51905.00
52103.00
52368.00
52590.00
52741.00
52855.00
52975.00
53125.00
53264.00
53364.00
53409.00
53460.00
53524.00
53574.00
53548.00
53494.00
53491.00
53513.00
53520.00
53474.00
53436.00
53440.00
53474.00
53490.00
53430.00
53356.00
53275.00
53265.00
53222.00
53165.00
53049.00
52969.00
52905.00
52832.00
52763.00
52641.00
52560.00
52531.00
52483.00
52382.00
52261.00
52136.00
52036.00
51957.00
51814.00
51628.00
51456.00
51303.00
51150.00
50909.00
50632.00
50410.00
50235.00
50067.00
49840.00
49555.00
49280.00
49036.00
48819.00
48510.00
48145.00
47777.00
47486.00
47237.00
46985.00
46739.00
46482.00
46310.00
46193.00
46036.00
45898.00
45765.00
45665.00
45624.00
45540.00
45431.00
45358.00
45297.00
45262.00
45205.00
45097.00
45013.00
44972.00
45001.00
44931.00
44839.00
44777.00
44755.00
44738.00
44671.00
44574.00
44518.00
44503.00
44526.00
44478.00
44411.00
44381.00
44371.00
44392.00
44390.00
44355.00
44310.00
44335.00
44366.00
44377.00
44331.00
44316.00
44332.00
44370.00
44365.00
44335.00
44299.00
44307.00
44356.00
44347.00
44315.00
44266.00
44270.00
44305.00
44309.00
44271.00
44236.00
44266.00
44314.00
44322.00
44307.00
44276.00
44270.00
44327.00
44349.00
44320.00
44297.00
44319.00
44357.00
44389.00
44369.00
44356.00
44365.00
44417.00
44452.00
44428.00
44415.00
44425.00
44486.00
44516.00
44534.00
44540.00
44570.00
44662.00
44711.00
44740.00
44764.00
44807.00
44906.00
44986.00
45041.00
45086.00
45176.00
45285.00
45386.00
45477.00
45543.00
45670.00
45872.00
46080.00
46271.00
46471.00
46760.00
47102.00
47493.00
47819.00
48175.00
48621.00
49148.00
49621.00
49951.00
50213.00
50522.00
50923.00
51272.00
51512.00
51672.00
51867.00
52079.00
52284.00
52477.00
52580.00
52680.00
52826.00
52948.00
53021.00
53066.00
53116.00
53148.00
53210.00
53229.00
53230.00
53274.00
53338.00
53368.00
53351.00
53314.00
53317.00
53377.00
53430.00
53407.00
53348.00
53338.00
53378.00
53396.00
53364.00
53300.00
53255.00
53227.00
53232.00
53180.00
53091.00
53028.00
53001.00
52960.00
52881.00
52823.00
52746.00
52729.00
52726.00
52658.00
52562.00
52497.00
52472.00
52461.00
52402.00
52324.00
52276.00
52235.00
52193.00
52105.00
51998.00
51894.00
51797.00
51701.00
51559.00
51378.00
51243.00
51136.00
50994.00
50818.00
50595.00
50377.00
50197.00
50025.00
49780.00
49467.00
49187.00
48932.00
48695.00
48379.00
48006.00
47652.00
47356.00
47127.00
46900.00
46623.00
46375.00
46191.00
46090.00
45963.00
45820.00
45680.00
45578.00
45507.00
45408.00
45298.00
45198.00
45148.00
45113.00
45045.00
44933.00
44864.00
44825.00
44833.00
44818.00
44756.00
44699.00
44657.00
44657.00
44655.00
44580.00
44514.00
44510.00
44523.00
44481.00
44418.00
44380.00
44379.00
44400.00
44422.00
44379.00
44349.00
44355.00
44383.00
44413.00
44388.00
44353.00
44364.00
44393.00
44420.00
44375.00
44358.00
44327.00
44374.00
44398.00
44359.00
44289.00
44289.00
44328.00
44352.00
44314.00
44295.00
44284.00
44324.00
44374.00
44341.00
44318.00
44307.00
44347.00
44362.00
44351.00
44312.00
44315.00
44363.00
44393.00
44381.00
44346.00
44360.00
44387.00
44434.00
44438.00
44427.00
44435.00
44469.00
44501.00
44499.00
44451.00
44455.00
44519.00
44560.00
44549.00
44527.00
44530.00
44565.00
44638.00
44671.00
44694.00
44717.00
44801.00
44899.00
44956.00
45023.00
45102.00
45238.00
45355.00
45445.00
45530.00
45657.00
45849.00
46120.00
46443.00
46743.00
47048.00
47431.00
47883.00
48347.00
48745.00
49154.00
49582.00
50046.00
50429.00
50735.00
50966.00
51231.00
51485.00
51721.00
51926.00
52091.00
52247.00
52417.00
52528.00
52589.00
52673.00
52778.00
52897.00
52953.00
52959.00
52969.00
53028.00
53077.00
53064.00
53030.00
52993.00
53034.00
53095.00
53106.00
53096.00
53081.00
53130.00
53215.00
53252.00
53235.00
53211.00
53247.00
53279.00
53280.00
53226.00
53157.00
53146.00
53150.00
53115.00
53033.00
52970.00
52958.00
52971.00
52948.00
52886.00
52826.00
52808.00
52791.00
52738.00
52653.00
52564.00
52534.00
52548.00
52497.00
52422.00
52330.00
52275.00
52298.00
52263.00
52154.00
52054.00
51985.00
51950.00
51866.00
51749.00
51597.00
51495.00
51381.00
51240.00
51026.00
50789.00
50622.00
50490.00
50305.00
50074.00
49870.00
49728.00
49603.00
49448.00
49226.00
48950.00
48703.00
48481.00
48222.00
47909.00
47571.00
47326.00
47104.00
46924.00
46689.00
46448.00
46261.00
46130.00
45998.00
45854.00
45714.00
45610.00
45540.00
45480.00
45377.00
45268.00
45204.00
45157.00
45099.00
45005.00
44922.00
44890.00
44899.00
44876.00
44811.00
44743.00
44711.00
44706.00
44692.00
44620.00
44567.00
44559.00
44566.00
44560.00
44515.00
44416.00
44381.00
44402.00
44394.00
44408.00
44363.00
44342.00
44359.00
44389.00
44376.00
44327.00
44328.00
44363.00
44387.00
44375.00
44304.00
44256.00
44293.00
44310.00
44312.00
44272.00
44271.00
44293.00
44340.00
44345.00
44304.00
44300.00
44357.00
44414.00
44414.00
44399.00
44400.00
44450.00
44508.00
44516.00
44490.00
44475.00
44544.00
44605.00
44613.00
44627.00
44654.00
44713.00
44791.00
44799.00
44813.00
44861.00
44942.00
45040.00
45094.00
45128.00
45167.00
45268.00
45368.00
45451.00
45529.00
45647.00
45773.00
45940.00
46055.00
46222.00
46412.00
46729.00
47048.00
47326.00
47541.00
47807.00
48187.00
48589.00
48981.00
49270.00
49605.00
49948.00
50331.00
50610.00
50815.00
51017.00
51254.00
51530.00
51758.00
51887.00
51999.00
52128.00
52263.00
52364.00
52430.00
52476.00
52544.00
52617.00
52651.00
52647.00
52641.00
52671.00
52714.00
52717.00
52684.00
52664.00
52679.00
52715.00
52689.00
52642.00
52579.00
52566.00
52613.00
52637.00
52635.00
52639.00
52674.00
52727.00
52745.00
52706.00
52660.00
52624.00
52610.00
52580.00
52510.00
52425.00
52421.00
52414.00
52387.00
52314.00
52246.00
52188.00
52173.00
52115.00
52060.00
51985.00
51951.00
51948.00
51898.00
51848.00
51766.00
51712.00
51658.00
51600.00
51495.00
51396.00
51305.00
51223.00
51100.00
50966.00
50804.00
50663.00
50523.00
50362.00
50122.00
49876.00
49660.00
49450.00
49190.00
48883.00
48607.00
48326.00
48088.00
47809.00
47515.00
47212.00
46969.00
46783.00
46600.00
46378.00
46172.00
46010.00
45909.00
45818.00
45689.00
45563.00
45485.00
45443.00
45400.00
45255.00
45142.00
45059.00
45025.00
44994.00
44918.00
44816.00
44766.00
44742.00
44717.00
44631.00
44541.00
44518.00
44529.00
44542.00
44491.00
44441.00
44435.00
44438.00
44449.00
44427.00
44376.00
44344.00
44376.00
44394.00
44386.00
44326.00
44328.00
44327.00
44361.00
44329.00
44288.00
44294.00
44315.00
44342.00
44328.00
44282.00
44256.00
44276.00
44311.00
44297.00
44249.00
44229.00
44245.00
44273.00
44265.00
44237.00
44225.00
44258.00
44314.00
44276.00
44264.00
44255.00
44286.00
44356.00
44354.00
44338.00
44336.00
44397.00
44459.00
44487.00
44484.00
44506.00
44555.00
44620.00
44649.00
44661.00
44668.00
44730.00
44813.00
44823.00
44820.00
44834.00
44910.00
45003.00
45038.00
45066.00
45121.00
45176.00
45275.00
45327.00
45353.00
45413.00
45520.00
45631.00
45720.00
45792.00
45924.00
46103.00
46331.00
46510.00
46677.00
46908.00
47183.00
47541.00
47855.00
48143.00
48469.00
48857.00
49243.00
49605.00
49872.00
50117.00
50378.00
50665.00
50895.00
51098.00
51240.00
51415.00
51625.00
51805.00
51908.00
51977.00
52071.00
52192.00
52277.00
52284.00
52280.00
52309.00
52365.00
52364.00
52349.00
52312.00
52312.00
52377.00
52425.00
52398.00
52342.00
52315.00
52341.00
52334.00
52298.00
52267.00
52274.00
52339.00
52384.00
52411.00
52418.00
52457.00
52532.00
52582.00
52597.00
52581.00
52590.00
52616.00
52631.00
52568.00
52505.00
52451.00
52431.00
52393.00
52305.00
52233.00
52193.00
52189.00
52170.00
52134.00
52076.00
52047.00
52052.00
52040.00
51970.00
51912.00
51891.00
51879.00
51835.00
51752.00
51641.00
51569.00
51569.00
51545.00
51474.00
51386.00
51319.00
51276.00
51206.00
51081.00
50933.00
50812.00
50725.00
50584.00
50397.00
50175.00
49976.00
49829.00
49660.00
49410.00
49086.00
48777.00
48541.00
48276.00
47942.00
47613.00
47315.00
47110.00
46927.00
46728.00
46514.00
46326.00
46202.00
46069.00
45911.00
45722.00
45593.00
45518.00
45462.00
45361.00
45250.00
45174.00
45164.00
45149.00
45090.00
45022.00
44976.00
44966.00
44947.00
44912.00
44830.00
44787.00
44798.00
44780.00
44746.00
44673.00
44633.00
44630.00
44650.00
44640.00
44573.00
44526.00
44531.00
44589.00
44559.00
44516.00
44491.00
44521.00
44554.00
44532.00
44478.00
44442.00
44463.00
44489.00
44470.00
44427.00
44400.00
44428.00
44476.00
44465.00
44439.00
44427.00
44438.00
44483.00
44475.00
44454.00
44432.00
44470.00
44502.00
44504.00
44486.00
44475.00
44504.00
44561.00
44559.00
44535.00
44533.00
44559.00
44605.00
44618.00
44579.00
44579.00
44598.00
44656.00
44685.00
44653.00
44664.00
44708.00
44795.00
44839.00
44834.00
44891.00
44952.00
45060.00
45135.00
45191.00
45241.00
45327.00
45438.00
45579.00
45684.00
45841.00
46032.00
46345.00
46694.00
47093.00
47472.00
47843.00
48330.00
48873.00
49435.00
49843.00
50200.00
50610.00
50962.00
51238.00
51448.00
51686.00
51904.00
52055.00
52195.00
52259.00
52369.00
52490.00
52527.00
52530.00
52519.00
52574.00
52636.00
52683.00
52713.00
52683.00
52692.00
52727.00
52713.00
52703.00
52701.00
52777.00
52830.00
52858.00
52851.00
52831.00
52824.00
52889.00
52902.00
52878.00
52865.00
52855.00
52870.00
52838.00
52772.00
52725.00
52716.00
52727.00
52708.00
52615.00
52547.00
52518.00
52540.00
52531.00
52469.00
52373.00
52346.00
52343.00
52309.00
52233.00
52135.00
52091.00
52081.00
52062.00
52002.00
51935.00
51902.00
51879.00
51840.00
51765.00
51675.00
51614.00
51560.00
51491.00
51356.00
51209.00
51095.00
51010.00
50888.00
50656.00
50437.00
50256.00
50120.00
49937.00
49689.00
49431.00
49207.00
49019.00
48812.00
48510.00
48175.00
47862.00
47578.00
47315.00
46990.00
46679.00
46438.00
46254.00
46092.00
45930.00
45766.00
45632.00
45565.00
45493.00
45400.00
45278.00
45182.00
45145.00
45098.00
45018.00
44896.00
44836.00
44837.00
44839.00
44786.00
44725.00
44699.00
44703.00
44703.00
44661.00
44601.00
44564.00
44589.00
44610.00
44570.00
44494.00
44480.00
44491.00
44515.00
44505.00
44454.00
44407.00
44396.00
44384.00
44353.00
44307.00
44299.00
44321.00
44355.00
44322.00
44261.00
44261.00
44271.00
44306.00
44276.00
44250.00
44223.00
44252.00
44290.00
44273.00
44226.00
44191.00
44230.00
44271.00
44249.00
44204.00
44206.00
44217.00
44264.00
44266.00
44227.00
44226.00
44241.00
44289.00
44282.00
44256.00
44259.00
44288.00
44335.00
44333.00
44311.00
44307.00
44330.00
44406.00
44416.00
44404.00
44391.00
44446.00
44500.00
44528.00
44516.00
44518.00
44548.00
44617.00
44633.00
44638.00
44657.00
44702.00
44782.00
44797.00
44795.00
44825.00
44885.00
44946.00
44954.00
44980.00
45009.00
45090.00
45173.00
45219.00
45240.00
45309.00
45393.00
45487.00
45543.00
45593.00
45695.00
45870.00
46046.00
46201.00
46331.00
46556.00
46937.00
47349.00
47638.00
47920.00
48258.00
48616.00
48935.00
49240.00
49555.00
49858.00
50142.00
50355.00
50536.00
50695.00
50898.00
51110.00
51362.00
51561.00
51765.00
51959.00
52168.00
52374.00
52521.00
52644.00
52752.00
52885.00
53050.00
53129.00
53184.00
53220.00
53302.00
53417.00
53480.00
53487.00
53466.00
53493.00
53545.00
53562.00
53531.00
53486.00
53496.00
53554.00
53578.00
53568.00
53559.00
53569.00
53648.00
53678.00
53657.00
53612.00
53613.00
53650.00
53649.00
53604.00
53544.00
53548.00
53563.00
53564.00
53512.00
53441.00
53418.00
53433.00
53403.00
53329.00
53256.00
53244.00
53246.00
53219.00
53118.00
53044.00
53018.00
53013.00
52971.00
52849.00
52745.00
52688.00
52683.00
52674.00
52592.00
52512.00
52458.00
52492.00
52505.00
52480.00
52412.00
52390.00
52392.00
52369.00
52293.00
52204.00
52170.00
52180.00
52169.00
52102.00
52040.00
52016.00
52041.00
52067.00
52056.00
52008.00
51990.00
52010.00
52037.00
51984.00
51904.00
51859.00
51850.00
51839.00
51770.00
51692.00
51630.00
51611.00
51569.00
51523.00
51462.00
51441.00
51460.00
51469.00
51444.00
51375.00
51362.00
51405.00
51438.00
51418.00
51375.00
51358.00
51381.00
51409.00
51400.00
51363.00
51362.00
51397.00
51422.00
51404.00
51406.00
51412.00
51459.00
51520.00
51477.00
51441.00
51439.00
51487.00
51560.00
51588.00
51572.00
51587.00
51641.00
51701.00
51711.00
51679.00
51684.00
51695.00
51699.00
51679.00
51636.00
51611.00
51599.00
51613.00
51595.00
51551.00
51506.00
51506.00
51533.00
51518.00
51486.00
51499.00
51533.00
51597.00
51590.00
51587.00
51592.00
51623.00
51660.00
51666.00
51654.00
51651.00
51700.00
51764.00
51754.00
51732.00
51722.00
51746.00
51793.00
51800.00
51784.00
51792.00
51823.00
51871.00
51826.00
51764.00
51728.00
51716.00
51736.00
51716.00
51658.00
51596.00
51588.00
51587.00
51541.00
51498.00
51465.00
51469.00
51468.00
51438.00
51368.00
51288.00
51242.00
51221.00
51110.00
50955.00
50798.00
50697.00
50628.00
50517.00
50375.00
50221.00
50102.00
50004.00
49856.00
49702.00
49577.00
49470.00
49372.00
49210.00
48958.00
48712.00
48517.00
48380.00
48192.00
47943.00
47687.00
47482.00
47337.00
47176.00
46969.00
46771.00
46608.00
46502.00
46354.00
46157.00
45958.00
45859.00
45795.00
45702.00
45569.00
45423.00
45331.00
45273.00
45194.00
45090.00
44983.00
44966.00
44964.00
44915.00
44847.00
44735.00
44669.00
44640.00
44588.00
44525.00
44472.00
44476.00
44483.00
44516.00
44470.00
44409.00
44434.00
44462.00
44458.00
44398.00
44323.00
44337.00
