15993.00
15950.00
15978.00
16014.00
16023.00
15982.00
15942.00
15969.00
16015.00
16023.00
15992.00
15977.00
15970.00
16017.00
16039.00
15974.00
15935.00
15935.00
15982.00
16014.00
15997.00
15951.00
15976.00
16024.00
16052.00
16012.00
15942.00
15963.00
15996.00
16041.00
15992.00
15935.00
15939.00
15978.00
16012.00
16014.00
15961.00
15956.00
15974.00
16008.00
15990.00
15955.00
15966.00
15985.00
16035.00
16020.00
15968.00
15946.00
15962.00
16023.00
16005.00
15959.00
15932.00
15971.00
16050.00
16037.00
15959.00
15940.00
15965.00
16006.00
16027.00
15973.00
15954.00
15981.00
16036.00
16054.00
15999.00
15954.00
15994.00
16019.00
16022.00
15996.00
15951.00
15993.00
16014.00
16031.00
15998.00
15958.00
15988.00
16032.00
16053.00
16022.00
15982.00
15968.00
16014.00
16043.00
16025.00
15974.00
15989.00
16017.00
16048.00
16012.00
15958.00
15972.00
15998.00
16039.00
16026.00
15961.00
15967.00
16008.00
16032.00
16030.00
15974.00
15932.00
15970.00
16008.00
16009.00
15943.00
15936.00
15970.00
16000.00
16011.00
15967.00
15935.00
15955.00
16010.00
16012.00
15963.00
15926.00
15956.00
16005.00
16007.00
15938.00
15931.00
15946.00
15989.00
15993.00
15958.00
15912.00
15946.00
15998.00
16009.00
15978.00
15926.00
15933.00
15983.00
15998.00
15991.00
15931.00
15961.00
15982.00
16013.00
16017.00
15962.00
15969.00
16011.00
16044.00
16010.00
15966.00
15978.00
16009.00
16036.00
16056.00
15995.00
15994.00
16035.00
16066.00
16069.00
16006.00
16021.00
16044.00
16087.00
16104.00
16074.00
16069.00
16098.00
16150.00
16139.00
16119.00
16099.00
16118.00
16183.00
16189.00
16159.00
16155.00
16179.00
16228.00
16230.00
16203.00
16186.00
16191.00
16251.00
16271.00
16242.00
16216.00
16246.00
16273.00
16285.00
16259.00
16231.00
16252.00
16301.00
16295.00
16278.00
16245.00
16271.00
16296.00
16313.00
16313.00
16272.00
16274.00
16298.00
16318.00
16312.00
16275.00
16294.00
16304.00
16363.00
16345.00
16285.00
16273.00
16313.00
16345.00
16317.00
16286.00
16289.00
16323.00
16357.00
16367.00
16329.00
16308.00
16318.00
16344.00
16316.00
16277.00
16245.00
16274.00
16299.00
16284.00
16273.00
16225.00
16277.00
16321.00
16287.00
16279.00
16225.00
16232.00
16279.00
16306.00
16241.00
16210.00
16233.00
16257.00
16280.00
16245.00
16194.00
16211.00
16238.00
16235.00
16216.00
16171.00
16205.00
16231.00
16250.00
16218.00
16193.00
16195.00
16227.00
16246.00
16220.00
16182.00
16190.00
16212.00
16253.00
16231.00
16190.00
16191.00
16219.00
16263.00
16227.00
16212.00
16188.00
16197.00
16245.00
16250.00
16214.00
16214.00
16260.00
16284.00
16281.00
16241.00
16230.00
16245.00
16281.00
16277.00
16263.00
16228.00
16270.00
16294.00
16272.00
16233.00
16191.00
16172.00
16201.00
16171.00
16143.00
16094.00
16087.00
16097.00
16053.00
16001.00
15954.00
15925.00
15934.00
15901.00
15852.00
15766.00
15757.00
15746.00
15741.00
15691.00
15626.00
15579.00
15597.00
15578.00
15520.00
15455.00
15419.00
15433.00
15406.00
15359.00
15276.00
15248.00
15280.00
15273.00
15209.00
15122.00
15087.00
15069.00
15075.00
15011.00
14924.00
14880.00
14860.00
14849.00
14787.00
14705.00
14656.00
14629.00
14615.00
14573.00
14482.00
14442.00
14427.00
14427.00
14400.00
14333.00
14266.00
14238.00
14233.00
14225.00
14137.00
14087.00
14072.00
14092.00
14070.00
14014.00
13966.00
13947.00
13968.00
13944.00
13895.00
13842.00
13829.00
13812.00
13807.00
13760.00
13718.00
13693.00
13711.00
13719.00
13662.00
13613.00
13594.00
13618.00
13625.00
13595.00
13568.00
13558.00
13568.00
13573.00
13556.00
13519.00
13516.00
13534.00
13532.00
13536.00
13505.00
13468.00
13517.00
13546.00
13540.00
13498.00
13479.00
13503.00
13527.00
13512.00
13479.00
13471.00
13490.00
13527.00
13536.00
13504.00
13483.00
13525.00
13541.00
13537.00
13513.00
13516.00
13539.00
13561.00
13594.00
13577.00
13552.00
13616.00
13657.00
13701.00
13685.00
13680.00
13727.00
13822.00
13871.00
13873.00
13878.00
13920.00
13997.00
14063.00
14053.00
14066.00
14111.00
14196.00
14261.00
14268.00
14267.00
14310.00
14375.00
14441.00
14458.00
14470.00
14507.00
14594.00
14683.00
14723.00
14717.00
14794.00
14866.00
14964.00
14999.00
15008.00
15052.00
15116.00
15205.00
15255.00
15287.00
15335.00
15429.00
15503.00
15569.00
15574.00
15576.00
15658.00
15734.00
15773.00
15786.00
15809.00
15855.00
15934.00
15948.00
15965.00
15967.00
15991.00
16058.00
16079.00
16059.00
16029.00
16055.00
16109.00
16149.00
16135.00
16088.00
16123.00
16155.00
16185.00
16166.00
16130.00
16134.00
16157.00
16202.00
16183.00
16149.00
16156.00
16168.00
16197.00
16177.00
16124.00
16120.00
16149.00
16171.00
16125.00
16117.00
16096.00
16120.00
16150.00
16133.00
16100.00
16058.00
16087.00
16097.00
16074.00
16030.00
15990.00
16012.00
16015.00
16000.00
15969.00
15933.00
15916.00
15950.00
15936.00
15873.00
15845.00
15844.00
15879.00
15868.00
15845.00
15802.00
15818.00
15890.00
15919.00
15903.00
15883.00
15906.00
15960.00
16018.00
15992.00
15977.00
15987.00
16063.00
16093.00
16098.00
16089.00
16086.00
16142.00
16168.00
16157.00
16124.00
16139.00
16179.00
16199.00
16192.00
16165.00
16155.00
16180.00
16196.00
16190.00
16138.00
16120.00
16126.00
16138.00
16142.00
16073.00
16017.00
15985.00
15976.00
15932.00
15843.00
15779.00
15739.00
15728.00
15686.00
15601.00
15537.00
15510.00
15516.00
15477.00
15383.00
15310.00
15286.00
15276.00
15266.00
15180.00
15096.00
15084.00
15051.00
15033.00
14951.00
14860.00
14814.00
14806.00
14788.00
14723.00
14613.00
14591.00
14582.00
14539.00
14444.00
14381.00
14345.00
14324.00
14302.00
14226.00
14162.00
14130.00
14125.00
14117.00
14075.00
14024.00
13993.00
13976.00
13982.00
13949.00
13897.00
13856.00
13845.00
13870.00
13833.00
13781.00
13748.00
13746.00
13756.00
13741.00
13676.00
13633.00
13630.00
13655.00
13650.00
13617.00
13584.00
13593.00
13617.00
13607.00
13570.00
13527.00
13525.00
13548.00
13564.00
13552.00
13524.00
13531.00
13549.00
13571.00
13540.00
13503.00
13497.00
13518.00
13535.00
13516.00
13494.00
13504.00
13542.00
13553.00
13542.00
13505.00
13512.00
13529.00
13561.00
13562.00
13517.00
13516.00
13542.00
13574.00
13587.00
13553.00
13566.00
13618.00
13643.00
13659.00
13654.00
13667.00
13698.00
13766.00
13770.00
13782.00
13779.00
13814.00
13877.00
13919.00
13935.00
13934.00
14010.00
14093.00
14128.00
14135.00
14179.00
14224.00
14322.00
14367.00
14391.00
14417.00
14449.00
14543.00
14627.00
14647.00
14668.00
14735.00
14824.00
14875.00
14924.00
14937.00
14995.00
15059.00
15117.00
15160.00
15163.00
15209.00
15288.00
15350.00
15397.00
15406.00
15445.00
15522.00
15595.00
15619.00
15624.00
15661.00
15714.00
15772.00
15794.00
15801.00
15817.00
15859.00
15910.00
15930.00
15907.00
15949.00
15992.00
16054.00
16083.00
16057.00
16050.00
16078.00
16122.00
16135.00
16110.00
16105.00
16136.00
16163.00
16186.00
16173.00
16149.00
16168.00
16196.00
16211.00
16172.00
16144.00
16168.00
16191.00
16189.00
16160.00
16109.00
16087.00
16085.00
16067.00
16000.00
15929.00
15916.00
15894.00
15907.00
15849.00
15756.00
15737.00
15730.00
15744.00
15714.00
15641.00
15638.00
15669.00
15703.00
15715.00
15673.00
15676.00
15715.00
15755.00
15763.00
15735.00
15769.00
15807.00
15890.00
15934.00
15921.00
15958.00
16005.00
16065.00
16085.00
16055.00
16047.00
16078.00
16127.00
16151.00
16141.00
16092.00
16133.00
16164.00
16165.00
16153.00
16103.00
16118.00
16122.00
16148.00
16076.00
16017.00
15992.00
15986.00
15941.00
15867.00
15774.00
15707.00
15685.00
15658.00
15573.00
15483.00
15427.00
15434.00
15422.00
15359.00
15278.00
15217.00
15206.00
15193.00
15148.00
15043.00
14990.00
14989.00
14984.00
14920.00
14825.00
14780.00
14747.00
14735.00
14707.00
14612.00
14543.00
14530.00
14506.00
14453.00
14404.00
14303.00
14280.00
14271.00
14233.00
14153.00
14095.00
14054.00
14038.00
14022.00
13945.00
13877.00
13847.00
13859.00
13838.00
13794.00
13723.00
13716.00
13733.00
13746.00
13714.00
13666.00
13642.00
13645.00
13652.00
13622.00
13557.00
13557.00
13600.00
13591.00
13565.00
13535.00
13536.00
13546.00
13554.00
13562.00
13516.00
13489.00
13518.00
13536.00
13553.00
13536.00
13530.00
13551.00
13579.00
13583.00
13545.00
13543.00
13552.00
13579.00
13583.00
13571.00
13564.00
13607.00
13642.00
13676.00
13672.00
13678.00
13727.00
13817.00
13874.00
13900.00
13951.00
14018.00
14104.00
14228.00
14263.00
14267.00
14347.00
14451.00
14558.00
14596.00
14646.00
14701.00
14813.00
14911.00
14952.00
15001.00
15054.00
15142.00
15227.00
15264.00
15300.00
15365.00
15425.00
15523.00
15560.00
15559.00
15585.00
15642.00
15711.00
15721.00
15726.00
15772.00
15805.00
15895.00
15922.00
15913.00
15922.00
15982.00
16030.00
16027.00
16031.00
16021.00
16063.00
16100.00
16114.00
16105.00
16092.00
16108.00
16150.00
16150.00
16131.00
16103.00
16123.00
16159.00
16184.00
16158.00
16122.00
16127.00
16166.00
16162.00
16100.00
16068.00
16035.00
16054.00
16062.00
16061.00
16003.00
15988.00
15997.00
15999.00
15988.00
15923.00
15911.00
15912.00
15929.00
15892.00
15836.00
15820.00
15831.00
15843.00
15803.00
15753.00
15698.00
15711.00
15745.00
15737.00
15699.00
15655.00
15674.00
15747.00
15778.00
15761.00
15752.00
15794.00
15850.00
15907.00
15885.00
15884.00
15952.00
15996.00
16030.00
16061.00
16023.00
16075.00
16122.00
16166.00
16148.00
16119.00
16129.00
16182.00
16212.00
16179.00
16145.00
16141.00
16154.00
16165.00
16131.00
16041.00
15977.00
15966.00
15961.00
15883.00
15764.00
15694.00
15678.00
15658.00
15583.00
15518.00
15439.00
15407.00
15390.00
15323.00
15219.00
15133.00
15112.00
15101.00
15075.00
14967.00
14909.00
14901.00
14870.00
14824.00
14716.00
14645.00
14595.00
14600.00
14564.00
14486.00
14417.00
14357.00
14353.00
14303.00
14263.00
14184.00
14123.00
14120.00
14082.00
14010.00
13939.00
13900.00
13900.00
13869.00
13809.00
13747.00
13716.00
13726.00
13709.00
13677.00
13633.00
13611.00
13621.00
13636.00
13605.00
13565.00
13544.00
13556.00
13579.00
13560.00
13520.00
13479.00
13487.00
13531.00
13530.00
13491.00
13474.00
13493.00
13515.00
13516.00
13492.00
13449.00
13468.00
13501.00
13532.00
13511.00
13484.00
13482.00
13523.00
13518.00
13498.00
13470.00
13490.00
13536.00
13545.00
13528.00
13527.00
13524.00
13572.00
13598.00
13576.00
13557.00
13579.00
13625.00
13657.00
13658.00
13640.00
13663.00
13749.00
13808.00
13844.00
13858.00
13896.00
13982.00
14062.00
14130.00
14145.00
14205.00
14277.00
14380.00
14428.00
14458.00
14488.00
14576.00
14680.00
14732.00
14771.00
14817.00
14906.00
15012.00
15059.00
15092.00
15124.00
15193.00
15281.00
15348.00
15357.00
15370.00
15428.00
15526.00
15569.00
15601.00
15591.00
15645.00
15702.00
15769.00
15755.00
15768.00
15776.00
15876.00
15893.00
15915.00
15897.00
15929.00
16010.00
16057.00
16037.00
16016.00
16020.00
16073.00
16108.00
16099.00
16093.00
16100.00
16149.00
16172.00
16147.00
16159.00
16131.00
16180.00
16212.00
16192.00
16161.00
16149.00
16191.00
16188.00
16186.00
16148.00
16117.00
16121.00
16110.00
16072.00
15996.00
15947.00
15902.00
15883.00
15833.00
15723.00
15612.00
15553.00
15528.00
15484.00
15394.00
15306.00
15274.00
15259.00
15248.00
15167.00
15097.00
15071.00
15105.00
15085.00
15029.00
14971.00
14964.00
15007.00
15047.00
15055.00
15037.00
15064.00
15140.00
15221.00
15261.00
15254.00
15334.00
15435.00
15559.00
15639.00
15669.00
15718.00
15820.00
15932.00
15973.00
15975.00
16014.00
16041.00
16119.00
16117.00
16100.00
16086.00
16115.00
16130.00
16120.00
16042.00
15982.00
15946.00
15943.00
15895.00
15808.00
15721.00
15669.00
15619.00
15579.00
15479.00
15383.00
15333.00
15329.00
15289.00
15193.00
15105.00
15054.00
15033.00
14984.00
14925.00
14812.00
14756.00
14742.00
14700.00
14619.00
14532.00
14445.00
14401.00
14380.00
14329.00
14249.00
14161.00
14173.00
14152.00
14091.00
13979.00
13936.00
13881.00
13886.00
13837.00
13764.00
13736.00
13739.00
13753.00
13719.00
13663.00
13621.00
13639.00
13643.00
13651.00
13629.00
13597.00
13599.00
13673.00
13653.00
13613.00
13580.00
13589.00
13622.00
13634.00
13584.00
13562.00
13568.00
13601.00
13608.00
13603.00
13557.00
13566.00
13596.00
13587.00
13581.00
13534.00
13544.00
13568.00
13600.00
13590.00
13547.00
13557.00
13591.00
13627.00
13617.00
13611.00
13619.00
13686.00
13755.00
13810.00
13827.00
13901.00
13995.00
14104.00
14193.00
14255.00
14290.00
14405.00
14482.00
14595.00
14646.00
14733.00
14825.00
14937.00
14997.00
15038.00
15092.00
15177.00
15283.00
15324.00
15361.00
15384.00
15476.00
15566.00
15630.00
15639.00
15647.00
15703.00
15768.00
15831.00
15851.00
15876.00
15907.00
15978.00
16041.00
16057.00
16026.00
16040.00
16098.00
16133.00
16129.00
16102.00
16099.00
16168.00
16182.00
16171.00
16150.00
16136.00
16180.00
16208.00
16180.00
16135.00
16150.00
16164.00
16221.00
16185.00
16137.00
16110.00
16108.00
16131.00
16103.00
16030.00
15966.00
15965.00
15969.00
15926.00
15859.00
15784.00
15755.00
15740.00
15678.00
15561.00
15475.00
15431.00
15430.00
15382.00
15296.00
15226.00
15206.00
15225.00
15194.00
15130.00
15068.00
15044.00
15047.00
15051.00
14977.00
14905.00
14895.00
14921.00
14943.00
14918.00
14864.00
14854.00
14883.00
14925.00
14917.00
14888.00
14905.00
14946.00
15014.00
15038.00
15030.00
15074.00
15156.00
15265.00
15330.00
15344.00
15384.00
15480.00
15604.00
15655.00
15686.00
15754.00
15814.00
15913.00
15950.00
15957.00
15957.00
16002.00
16065.00
16070.00
16067.00
16012.00
16051.00
16095.00
16089.00
16031.00
16014.00
15977.00
15962.00
15947.00
15838.00
15739.00
15708.00
15684.00
15625.00
15538.00
15446.00
15381.00
15340.00
15312.00
15237.00
15146.00
15086.00
15066.00
15012.00
14912.00
14816.00
14744.00
14698.00
14667.00
14577.00
14481.00
14408.00
14375.00
14344.00
14262.00
14141.00
14048.00
14023.00
13980.00
13911.00
13809.00
13722.00
13704.00
13698.00
13669.00
13616.00
13555.00
13549.00
13545.00
13525.00
13470.00
13418.00
13419.00
13448.00
13467.00
13411.00
13375.00
13393.00
13415.00
13411.00
13364.00
13338.00
13346.00
13389.00
13408.00
13372.00
13357.00
13366.00
13382.00
13389.00
13366.00
13335.00
13341.00
13355.00
13363.00
13368.00
13324.00
13340.00
13330.00
13365.00
13349.00
13320.00
13319.00
13349.00
13371.00
13395.00
13362.00
13389.00
13451.00
13544.00
13576.00
13627.00
13665.00
13778.00
13903.00
13967.00
14014.00
14086.00
14196.00
14315.00
14383.00
14413.00
14464.00
14573.00
14678.00
14731.00
14789.00
14808.00
14882.00
14964.00
15024.00
15062.00
15080.00
15141.00
15242.00
15288.00
15301.00
15325.00
15377.00
15466.00
15514.00
15518.00
15532.00
15582.00
15640.00
15708.00
15727.00
15717.00
15772.00
15803.00
15882.00
15874.00
15868.00
15876.00
15930.00
15991.00
15996.00
15991.00
15987.00
16046.00
16094.00
16101.00
16070.00
16098.00
16127.00
16167.00
16179.00
16120.00
16136.00
16157.00
16182.00
16199.00
16154.00
16141.00
16159.00
16193.00
16205.00
16167.00
16138.00
16142.00
16177.00
16176.00
16100.00
16058.00
16078.00
16090.00
16088.00
16016.00
15950.00
15908.00
15906.00
15860.00
15747.00
15624.00
15538.00
15490.00
15424.00
15267.00
15180.00
15097.00
15093.00
15062.00
14978.00
14900.00
14885.00
14882.00
14871.00
14831.00
14741.00
14713.00
14752.00
14777.00
14749.00
14693.00
14705.00
14746.00
14774.00
14786.00
14782.00
14834.00
14881.00
15002.00
15054.00
15076.00
15127.00
15253.00
15353.00
15431.00
15452.00
15516.00
15612.00
15726.00
15803.00
15851.00
15884.00
15936.00
16003.00
16081.00
16060.00
16005.00
16069.00
16121.00
16144.00
16095.00
16101.00
16111.00
16125.00
16116.00
16069.00
16010.00
15956.00
15956.00
15918.00
15835.00
15724.00
15679.00
15661.00
15635.00
15549.00
15459.00
15416.00
15391.00
15338.00
15284.00
15176.00
15130.00
15116.00
15065.00
15004.00
14885.00
14822.00
14782.00
14765.00
14661.00
14547.00
14502.00
14462.00
14410.00
14341.00
14232.00
14176.00
14151.00
14104.00
14029.00
13906.00
13838.00
13785.00
13754.00
13688.00
13599.00
13534.00
13529.00
13534.00
13527.00
13460.00
13427.00
13442.00
13473.00
13469.00
13421.00
13384.00
13352.00
13402.00
13398.00
13359.00
13314.00
13327.00
13378.00
13375.00
13379.00
13314.00
13347.00
13377.00
13372.00
13369.00
13325.00
13317.00
13345.00
13347.00
13310.00
13307.00
13287.00
13342.00
13369.00
13352.00
13340.00
13345.00
13383.00
13437.00
13475.00
13490.00
13516.00
13597.00
13656.00
13712.00
13718.00
13769.00
13869.00
13963.00
14069.00
14109.00
14173.00
14297.00
14420.00
14487.00
14521.00
14581.00
14687.00
14784.00
14865.00
14897.00
14934.00
15013.00
15134.00
15177.00
15218.00
15237.00
15323.00
15399.00
15466.00
15496.00
15494.00
15548.00
15632.00
15664.00
15676.00
15673.00
15720.00
15795.00
15841.00
15836.00
15819.00
15865.00
15935.00
15971.00
15975.00
15982.00
16022.00
16053.00
16089.00
16082.00
16061.00
16081.00
16146.00
16159.00
16161.00
16103.00
16112.00
16176.00
16194.00
16166.00
16144.00
16153.00
16158.00
16191.00
16167.00
16120.00
16096.00
16090.00
16083.00
16056.00
15971.00
15947.00
15970.00
15939.00
15874.00
15776.00
15710.00
15667.00
15626.00
15565.00
15495.00
15387.00
15341.00
15331.00
15278.00
15163.00
15100.00
15075.00
15073.00
15048.00
14980.00
14906.00
14914.00
14919.00
14911.00
14877.00
14822.00
14832.00
14888.00
14898.00
14898.00
14868.00
14929.00
15023.00
15086.00
15128.00
15129.00
15218.00
15324.00
15421.00
15481.00
15518.00
15603.00
15727.00
15828.00
15853.00
15886.00
15922.00
15974.00
16054.00
16041.00
16015.00
16022.00
16063.00
16129.00
16122.00
16090.00
16068.00
16078.00
16101.00
16063.00
15981.00
15917.00
15905.00
15868.00
15820.00
15750.00
15683.00
15637.00
15622.00
15560.00
15476.00
15394.00
15358.00
15356.00
15284.00
15193.00
15118.00
15113.00
15100.00
15038.00
14940.00
14837.00
14786.00
14734.00
14690.00
14594.00
14503.00
14432.00
14399.00
14335.00
14223.00
14113.00
14063.00
14009.00
13954.00
13847.00
13759.00
13723.00
13718.00
13695.00
13653.00
13580.00
13540.00
13552.00
13560.00
13515.00
13452.00
13448.00
13458.00
13480.00
13460.00
13424.00
13418.00
13427.00
13441.00
13414.00
13366.00
13368.00
13381.00
13411.00
13395.00
13353.00
13343.00
13355.00
13399.00
13400.00
13358.00
13322.00
13346.00
13374.00
13373.00
13326.00
13323.00
13346.00
13388.00
13405.00
13361.00
13346.00
13382.00
13441.00
13461.00
13469.00
13453.00
13532.00
13624.00
13697.00
13747.00
13796.00
13872.00
13972.00
14048.00
14130.00
14164.00
14274.00
14398.00
14504.00
14549.00
14621.00
14722.00
14853.00
14943.00
14989.00
15023.00
15079.00
15195.00
15298.00
15333.00
15349.00
15418.00
15502.00
15575.00
15616.00
15612.00
15673.00
15728.00
15777.00
15812.00
15804.00
15851.00
15910.00
15954.00
15988.00
15974.00
15978.00
16038.00
16086.00
16087.00
16080.00
16084.00
16117.00
16182.00
16195.00
16165.00
16162.00
16187.00
16240.00
16232.00
16217.00
16200.00
16203.00
16241.00
16252.00
16223.00
16213.00
16223.00
16242.00
16242.00
16183.00
16117.00
16115.00
16121.00
16110.00
16038.00
15962.00
15913.00
15871.00
15795.00
15703.00
15562.00
15471.00
15404.00
15354.00
15225.00
15082.00
15019.00
15001.00
14960.00
14857.00
14754.00
14732.00
14733.00
14726.00
14696.00
14637.00
14614.00
14663.00
14720.00
14723.00
14696.00
14727.00
14797.00
14906.00
14943.00
14959.00
15037.00
15155.00
15270.00
15365.00
15423.00
15523.00
15643.00
15791.00
15875.00
15896.00
15936.00
16057.00
16135.00
16162.00
16135.00
16118.00
16171.00
16189.00
16181.00
16164.00
16098.00
16110.00
16109.00
16066.00
15970.00
15914.00
15864.00
15836.00
15772.00
15704.00
15560.00
15539.00
15512.00
15474.00
15397.00
15290.00
15216.00
15175.00
15127.00
15023.00
14901.00
14818.00
14769.00
14725.00
14626.00
14509.00
14441.00
14392.00
14312.00
14221.00
14085.00
14004.00
13944.00
13912.00
13848.00
13762.00
13715.00
13681.00
13669.00
13645.00
13538.00
13526.00
13532.00
13520.00
13499.00
13443.00
13420.00
13423.00
13456.00
13432.00
13406.00
13364.00
13383.00
13407.00
13426.00
13379.00
13350.00
13383.00
13427.00
13434.00
13405.00
13381.00
13388.00
13428.00
13410.00
13385.00
13340.00
13348.00
13376.00
13359.00
13331.00
13311.00
13308.00
13358.00
13357.00
13332.00
13312.00
13322.00
13361.00
13396.00
13403.00
13392.00
13440.00
13516.00
13563.00
13592.00
13611.00
13684.00
13795.00
13892.00
13942.00
13979.00
14107.00
14209.00
14299.00
14393.00
14467.00
14530.00
14645.00
14745.00
14818.00
14835.00
14917.00
15046.00
15123.00
15167.00
15210.00
15292.00
15358.00
15457.00
15496.00
15498.00
15577.00
15648.00
15750.00
15802.00
15823.00
15870.00
15954.00
16029.00
16084.00
16052.00
16092.00
16127.00
16231.00
16253.00
16268.00
16251.00
16264.00
16305.00
16335.00
16313.00
16292.00
16314.00
16373.00
16362.00
16348.00
16306.00
16279.00
16287.00
16248.00
16182.00
16115.00
16079.00
16032.00
15976.00
15870.00
15753.00
15700.00
15672.00
15617.00
15507.00
15395.00
15342.00
15312.00
15303.00
15212.00
15125.00
15102.00
15093.00
15092.00
15053.00
14965.00
14969.00
15024.00
15069.00
15052.00
15044.00
15076.00
15138.00
15209.00
15255.00
15254.00
15319.00
15414.00
15528.00
15613.00
15650.00
15702.00
15828.00
15940.00
16021.00
16036.00
16094.00
16157.00
16222.00
16256.00
16256.00
16233.00
16281.00
16327.00
16328.00
16288.00
16218.00
16243.00
16252.00
16209.00
16110.00
16023.00
15972.00
15936.00
15867.00
15775.00
15675.00
15623.00
15587.00
15521.00
15425.00
15341.00
15276.00
15226.00
15179.00
15087.00
14985.00
14909.00
14884.00
14787.00
14709.00
14584.00
14532.00
14472.00
14422.00
14340.00
14214.00
14181.00
14170.00
14141.00
14042.00
13956.00
13881.00
13874.00
13814.00
13790.00
13705.00
13671.00
13686.00
13674.00
13668.00
13591.00
13557.00
13563.00
13542.00
13569.00
13495.00
13484.00
13514.00
13520.00
13523.00
13475.00
13453.00
13466.00
13481.00
13486.00
13458.00
13431.00
13453.00
13485.00
13486.00
13452.00
13424.00
13431.00
13447.00
13445.00
13395.00
13370.00
13394.00
13428.00
13418.00
13394.00
13367.00
13373.00
13401.00
13411.00
13415.00
13367.00
13403.00
13449.00
13463.00
13475.00
13493.00
13564.00
13642.00
13720.00
13748.00
13764.00
13856.00
13974.00
14069.00
14133.00
14180.00
14269.00
14383.00
14494.00
14576.00
14616.00
14710.00
14823.00
14916.00
14989.00
15031.00
15105.00
15224.00
15321.00
15381.00
15408.00
15446.00
15517.00
15617.00
15664.00
15683.00
15700.00
15785.00
15888.00
15918.00
15904.00
15936.00
15985.00
16046.00
16091.00
16063.00
16070.00
16096.00
16160.00
16163.00
16165.00
16152.00
16183.00
16231.00
16255.00
16225.00
16220.00
16250.00
16314.00
16351.00
16337.00
16316.00
16331.00
16370.00
16370.00
16337.00
16326.00
16302.00
16344.00
16383.00
16352.00
16332.00
16362.00
16391.00
16400.00
16388.00
16345.00
16329.00
16380.00
16400.00
16369.00
16319.00
16327.00
16374.00
16400.00
16375.00
16354.00
16370.00
16410.00
16397.00
16401.00
16375.00
16381.00
16419.00
16452.00
16433.00
16390.00
16382.00
16429.00
16435.00
16442.00
16390.00
16381.00
16428.00
16460.00
16465.00
16431.00
16429.00
16426.00
16455.00
16445.00
16415.00
16408.00
16412.00
16430.00
16455.00
16450.00
16433.00
16451.00
16463.00
16442.00
16451.00
16449.00
16459.00
16513.00
16524.00
16492.00
16467.00
16473.00
16512.00
16518.00
16504.00
16476.00
16483.00
16505.00
16531.00
16507.00
16483.00
16485.00
16539.00
16516.00
16519.00
16495.00
16492.00
16515.00
16552.00
16539.00
16480.00
16504.00
16546.00
16560.00
16535.00
16487.00
16516.00
16517.00
16541.00
16524.00
16485.00
16497.00
16542.00
16569.00
16561.00
16513.00
16496.00
16530.00
16543.00
16533.00
16504.00
16515.00
16538.00
16568.00
16555.00
16508.00
16507.00
16524.00
16576.00
16551.00
16520.00
16478.00
16514.00
16552.00
16567.00
16546.00
16528.00
16547.00
16581.00
16573.00
16534.00
16520.00
16535.00
16570.00
16580.00
16563.00
16543.00
16572.00
16597.00
16590.00
16563.00
16538.00
16553.00
16584.00
16594.00
16562.00
16548.00
16556.00
16585.00
16607.00
16604.00
16571.00
16564.00
16596.00
16618.00
16579.00
16558.00
16572.00
16617.00
16617.00
16600.00
16564.00
16578.00
16572.00
16599.00
16571.00
16525.00
16519.00
16542.00
16537.00
16509.00
16444.00
16423.00
16443.00
16464.00
16459.00
16380.00
16374.00
16402.00
16421.00
16414.00
16366.00
16365.00
16401.00
16424.00
16407.00
16400.00
16387.00
16423.00
16478.00
16492.00
16490.00
16482.00
16536.00
16579.00
16595.00
16551.00
16554.00
16551.00
16595.00
16605.00
16594.00
16552.00
16578.00
16627.00
16623.00
16612.00
16575.00
16594.00
16630.00
16638.00
16607.00
16576.00
16601.00
16643.00
16665.00
16635.00
16607.00
16615.00
16668.00
16687.00
16665.00
16633.00
16641.00
16685.00
16728.00
16709.00
16663.00
16676.00
16729.00
16755.00
16725.00
16694.00
16711.00
16742.00
16768.00
16771.00
16720.00
16729.00
16751.00
16757.00
16763.00
16704.00
16686.00
16728.00
16792.00
16772.00
16725.00
16725.00
16750.00
16798.00
16746.00
16706.00
16695.00
16748.00
16772.00
16774.00
16733.00
16708.00
16722.00
16775.00
16750.00
16741.00
16697.00
16731.00
16762.00
16746.00
16712.00
16687.00
16750.00
16764.00
16763.00
16733.00
16694.00
16728.00
16749.00
16771.00
16700.00
16674.00
16692.00
16745.00
16759.00
16746.00
16717.00
16735.00
16766.00
16787.00
16759.00
16675.00
16722.00
16778.00
16781.00
16768.00
16722.00
16731.00
16753.00
16772.00
16752.00
16687.00
16686.00
16720.00
16767.00
16741.00
16729.00
16726.00
16746.00
16778.00
16748.00
16703.00
16694.00
16735.00
16758.00
16735.00
16701.00
16709.00
16753.00
16785.00
16773.00
16731.00
16741.00
16740.00
16760.00
16754.00
16703.00
16696.00
16730.00
16747.00
16757.00
16722.00
16718.00
16719.00
16743.00
16727.00
16725.00
16700.00
16731.00
16787.00
16785.00
16738.00
16715.00
16749.00
16769.00
16765.00
16730.00
16715.00
16738.00
16786.00
16790.00
16751.00
16713.00
16739.00
16745.00
16766.00
16743.00
16713.00
16738.00
16769.00
16779.00
16752.00
16721.00
16722.00
16798.00
16768.00
16777.00
16743.00
16738.00
16756.00
16798.00
16771.00
16721.00
16749.00
16765.00
16770.00
16734.00
16705.00
16698.00
16733.00
16771.00
16753.00
16725.00
16732.00
16763.00
16774.00
16764.00
16699.00
16720.00
16728.00
16746.00
16758.00
16711.00
16705.00
16738.00
16766.00
16747.00
16711.00
16708.00
16740.00
16772.00
16740.00
16700.00
16655.00
16707.00
16728.00
16749.00
16697.00
16665.00
16690.00
16718.00
16704.00
16674.00
16650.00
16661.00
16705.00
16687.00
16672.00
16640.00
16676.00
16701.00
16721.00
16694.00
16672.00
16670.00
16704.00
16723.00
16696.00
16672.00
16669.00
16717.00
16694.00
16677.00
16625.00
16672.00
16680.00
16709.00
16690.00
16661.00
16672.00
16710.00
16725.00
16723.00
16662.00
16676.00
16705.00
16719.00
16705.00
16671.00
16679.00
16697.00
16726.00
16726.00
16694.00
16666.00
16687.00
16705.00
16676.00
16646.00
16641.00
16695.00
16743.00
16754.00
16686.00
16674.00
16678.00
16706.00
16698.00
16619.00
16615.00
16634.00
16670.00
16678.00
16670.00
16641.00
16669.00
16687.00
16703.00
16676.00
16670.00
16702.00
16725.00
16705.00
16688.00
16679.00
16683.00
16727.00
16732.00
16702.00
16669.00
16693.00
16743.00
16754.00
16715.00
16679.00
16705.00
16751.00
16757.00
16739.00
16693.00
16718.00
16735.00
16741.00
16713.00
16681.00
16698.00
16712.00
16744.00
16697.00
16670.00
16668.00
16693.00
16702.00
16667.00
16611.00
16621.00
16666.00
16663.00
16652.00
16601.00
16603.00
16623.00
16635.00
16612.00
16559.00
16554.00
16581.00
16592.00
16555.00
16505.00
16474.00
16498.00
16513.00
16502.00
16426.00
16405.00
16416.00
16435.00
16414.00
16363.00
16345.00
16379.00
16408.00
16388.00
16350.00
16333.00
16353.00
16397.00
16403.00
16349.00
16356.00
16387.00
16437.00
16449.00
16422.00
16400.00
16443.00
16476.00
16506.00
16480.00
16444.00
16497.00
16553.00
16554.00
16531.00
16502.00
16506.00
16562.00
16573.00
16542.00
16482.00
16499.00
16524.00
16541.00
16490.00
16420.00
16432.00
16449.00
16435.00
16384.00
16301.00
16233.00
16285.00
16283.00
16206.00
16131.00
16086.00
16077.00
16073.00
15987.00
15903.00
15870.00
15858.00
15857.00
15790.00
15704.00
15656.00
15619.00
15591.00
15523.00
15410.00
15340.00
15316.00
15267.00
15211.00
15097.00
15020.00
14980.00
14929.00
14833.00
14682.00
14581.00
14516.00
14481.00
14403.00
14277.00
14204.00
14174.00
14162.00
14125.00
14051.00
13973.00
13944.00
13945.00
13907.00
13830.00
13788.00
13806.00
13809.00
13786.00
13738.00
13717.00
13693.00
13711.00
13706.00
13655.00
13615.00
13616.00
13652.00
13658.00
13609.00
13567.00
13583.00
13597.00
13607.00
13568.00
13558.00
13558.00
13576.00
13606.00
13574.00
13546.00
13579.00
13610.00
13619.00
13593.00
13540.00
13534.00
13577.00
13603.00
13563.00
13539.00
13545.00
13581.00
13603.00
13597.00
13540.00
13559.00
13593.00
13630.00
13633.00
13612.00
13665.00
13746.00
13801.00
13838.00
13852.00
13903.00
13983.00
14088.00
14148.00
14186.00
14248.00
14353.00
14449.00
14523.00
14576.00
14642.00
14731.00
14837.00
14904.00
14950.00
14998.00
15118.00
15218.00
15261.00
15304.00
15364.00
15471.00
15545.00
15582.00
15610.00
15653.00
15721.00
15826.00
15890.00
15905.00
15938.00
15991.00
16048.00
16076.00
16092.00
16089.00
16153.00
16231.00
16258.00
16247.00
16244.00
16320.00
16370.00
16404.00
16374.00
16352.00
16397.00
16457.00
16457.00
16441.00
16424.00
16444.00
16493.00
16517.00
16487.00
16443.00
16465.00
16504.00
16510.00
16479.00
16421.00
16387.00
16428.00
16394.00
16378.00
16309.00
16271.00
16285.00
16307.00
16222.00
16125.00
16086.00
16093.00
16068.00
15965.00
15867.00
15807.00
15788.00
15798.00
15748.00
15693.00
15650.00
15671.00
15725.00
15713.00
15675.00
15645.00
15682.00
15733.00
15726.00
15695.00
15708.00
15752.00
15797.00
15870.00
15860.00
15871.00
15958.00
16046.00
16096.00
16103.00
16107.00
16172.00
16229.00
16261.00
16267.00
16276.00
16344.00
16395.00
16433.00
16399.00
16371.00
16404.00
16431.00
16456.00
16420.00
16374.00
16354.00
16371.00
16328.00
16273.00
16234.00
16182.00
16188.00
16192.00
16113.00
16029.00
15993.00
15967.00
15929.00
15829.00
15751.00
15716.00
15682.00
15672.00
15589.00
15476.00
15411.00
15372.00
15320.00
15203.00
15021.00
14911.00
14828.00
14783.00
14712.00
14632.00
14594.00
14570.00
14541.00
14481.00
14383.00
14295.00
14215.00
14180.00
14056.00
14003.00
13943.00
13923.00
13902.00
13853.00
13786.00
13714.00
13730.00
13723.00
13676.00
13646.00
13649.00
13669.00
13702.00
13715.00
13640.00
13624.00
13647.00
13671.00
13656.00
13623.00
13581.00
13605.00
13633.00
13640.00
13621.00
13615.00
13626.00
13658.00
13656.00
13608.00
13589.00
13594.00
13620.00
13608.00
13568.00
13551.00
13561.00
13607.00
13624.00
13591.00
13565.00
13566.00
13595.00
13628.00
13612.00
13585.00
13620.00
13672.00
13722.00
13727.00
13713.00
13755.00
13820.00
13884.00
13929.00
13938.00
13999.00
14099.00
14190.00
14229.00
14245.00
14325.00
14429.00
14518.00
14575.00
14596.00
14680.00
14764.00
14888.00
14954.00
14988.00
15046.00
15173.00
15281.00
15335.00
15371.00
15408.00
15489.00
15605.00
15657.00
15677.00
15718.00
15797.00
15877.00
15928.00
15939.00
15983.00
16023.00
16085.00
16131.00
16138.00
16175.00
16227.00
16283.00
16316.00
16302.00
16310.00
16334.00
16391.00
16424.00
16394.00
16370.00
16434.00
16492.00
16502.00
16471.00
16434.00
16449.00
16523.00
16498.00
16465.00
16450.00
16406.00
16448.00
16461.00
16432.00
16346.00
16317.00
16319.00
16321.00
16228.00
16158.00
16127.00
16135.00
16129.00
16055.00
15996.00
15982.00
16044.00
16046.00
16002.00
15965.00
15962.00
15991.00
16042.00
16032.00
15982.00
16020.00
16065.00
16104.00
16100.00
16063.00
16088.00
16129.00
16203.00
16197.00
16182.00
16189.00
16267.00
16334.00
16358.00
16328.00
16338.00
16363.00
16410.00
16418.00
16342.00
16349.00
16375.00
16447.00
16416.00
16374.00
16340.00
16374.00
16407.00
16379.00
16330.00
16264.00
16254.00
16244.00
16233.00
16172.00
16100.00
16073.00
16076.00
16017.00
15940.00
15844.00
15798.00
15803.00
15721.00
15611.00
15521.00
15490.00
15441.00
15390.00
15305.00
15158.00
15093.00
15051.00
14953.00
14850.00
14738.00
14689.00
14648.00
14600.00
14491.00
14421.00
14411.00
14366.00
14315.00
14232.00
14113.00
14037.00
13993.00
13947.00
13889.00
13780.00
13764.00
13745.00
13732.00
13690.00
13605.00
13589.00
13610.00
13628.00
13595.00
13559.00
13531.00
13555.00
13570.00
13579.00
13548.00
13523.00
13535.00
13547.00
13551.00
13500.00
13479.00
13514.00
13534.00
13538.00
13497.00
13502.00
13528.00
13548.00
13534.00
13498.00
13448.00
13495.00
13505.00
13509.00
13469.00
13445.00
13466.00
13509.00
13502.00
13450.00
13434.00
13422.00
13453.00
13456.00
13439.00
13417.00
13439.00
13462.00
13478.00
13443.00
13407.00
13412.00
13444.00
13456.00
13461.00
13409.00
13427.00
13473.00
13518.00
13484.00
13485.00
13521.00
13555.00
13601.00
13615.00
13613.00
13624.00
13725.00
13762.00
13787.00
13810.00
13857.00
13950.00
14022.00
14076.00
14096.00
14141.00
14240.00
14333.00
14370.00
14397.00
14455.00
14530.00
14636.00
14656.00
14677.00
14736.00
14818.00
14882.00
14944.00
14974.00
14991.00
15082.00
15157.00
15185.00
15199.00
15248.00
15315.00
15391.00
15421.00
15412.00
15454.00
15544.00
15607.00
15624.00
15633.00
15650.00
15709.00
15802.00
15857.00
15854.00
15867.00
15941.00
16012.00
16049.00
16041.00
16061.00
16121.00
16183.00
16202.00
16223.00
16187.00
16227.00
16301.00
16317.00
16313.00
16304.00
16310.00
16345.00
16386.00
16371.00
16322.00
16376.00
16422.00
16449.00
16449.00
16414.00
16431.00
16457.00
16488.00
16483.00
16451.00
16418.00
16496.00
16510.00
16495.00
16440.00
16451.00
16466.00
16498.00
16448.00
16385.00
16391.00
16394.00
16416.00
16376.00
16341.00
16304.00
16333.00
16394.00
16387.00
16348.00
16340.00
16378.00
16423.00
16405.00
16343.00
16340.00
16389.00
16419.00
16442.00
16382.00
16381.00
16416.00
16462.00
16468.00
16446.00
16427.00
16465.00
16503.00
16515.00
16477.00
16483.00
16477.00
16529.00
16521.00
16468.00
16421.00
16457.00
16485.00
16462.00
16399.00
16340.00
16317.00
16320.00
16316.00
16238.00
16147.00
16149.00
16122.00
16105.00
16036.00
15950.00
15893.00
15867.00
15830.00
15741.00
15613.00
15574.00
15529.00
15494.00
15427.00
15284.00
15214.00
15152.00
15077.00
14990.00
14860.00
14754.00
14697.00
14605.00
14560.00
14404.00
14323.00
14288.00
14216.00
14132.00
14028.00
13943.00
13889.00
13873.00
13801.00
13717.00
13692.00
13685.00
13705.00
13690.00
13614.00
13625.00
13630.00
13653.00
13639.00
13595.00
13560.00
13572.00
13589.00
13586.00
13529.00
13506.00
13538.00
13586.00
13563.00
13530.00
13504.00
13518.00
13553.00
13547.00
13527.00
13498.00
13527.00
13560.00
13576.00
13540.00
13508.00
13517.00
13514.00
13530.00
13497.00
13470.00
13482.00
13512.00
13521.00
13518.00
13452.00
13455.00
13498.00
13525.00
13493.00
13437.00
13458.00
13489.00
13512.00
13491.00
13471.00
13494.00
13559.00
13605.00
13606.00
13588.00
13625.00
13691.00
13767.00
13804.00
13835.00
13888.00
13970.00
14072.00
14124.00
14133.00
14193.00
14310.00
14422.00
14470.00
14516.00
14589.00
14693.00
14790.00
14833.00
14895.00
14929.00
15040.00
15133.00
15212.00
15253.00
15299.00
15400.00
15491.00
15526.00
15558.00
15590.00
15645.00
15762.00
15773.00
15794.00
15795.00
15889.00
15940.00
16042.00
16020.00
16056.00
16103.00
16174.00
16189.00
16191.00
16179.00
16242.00
16281.00
16323.00
16326.00
16291.00
16332.00
16381.00
16413.00
16394.00
16381.00
16419.00
16469.00
16496.00
16484.00
16435.00
16465.00
16499.00
16519.00
16499.00
16454.00
16443.00
16487.00
16521.00
16469.00
16403.00
16403.00
16410.00
16420.00
16387.00
16320.00
16315.00
16327.00
16334.00
16290.00
16216.00
16207.00
16200.00
16193.00
16134.00
16074.00
15998.00
16073.00
16094.00
16102.00
16053.00
16048.00
16099.00
16157.00
16160.00
16104.00
16106.00
16156.00
16224.00
16207.00
16191.00
16202.00
16249.00
16322.00
16370.00
16366.00
16325.00
16374.00
16450.00
16454.00
16426.00
16387.00
16414.00
16476.00
16480.00
16435.00
16379.00
16394.00
16397.00
16363.00
16289.00
16226.00
16201.00
16203.00
16169.00
16114.00
16012.00
15962.00
15961.00
15933.00
15846.00
15758.00
15697.00
15661.00
15614.00
15517.00
15414.00
15345.00
15311.00
15278.00
15146.00
14977.00
14875.00
14815.00
14764.00
14653.00
14506.00
14435.00
14396.00
14389.00
14306.00
14211.00
14145.00
14125.00
14106.00
14049.00
13935.00
13888.00
13834.00
13819.00
13781.00
13705.00
13658.00
13634.00
13628.00
13612.00
13554.00
13521.00
13512.00
13538.00
13510.00
13476.00
13467.00
13486.00
13516.00
13533.00
13496.00
13477.00
13508.00
13550.00
13547.00
13526.00
13477.00
13486.00
13530.00
13549.00
13522.00
13496.00
13505.00
13521.00
13533.00
13519.00
13483.00
13469.00
13482.00
13509.00
13465.00
13423.00
13432.00
13468.00
13465.00
13435.00
13373.00
13372.00
13415.00
13431.00
13397.00
13351.00
13362.00
13404.00
13399.00
13380.00
13349.00
13337.00
13387.00
13412.00
13431.00
13404.00
13434.00
13492.00
13556.00
13567.00
13545.00
13599.00
13682.00
13793.00
13841.00
13853.00
13906.00
14001.00
14103.00
14184.00
14220.00
14280.00
14377.00
14482.00
14529.00
14582.00
14656.00
14747.00
14865.00
14915.00
14960.00
15011.00
15119.00
15225.00
15308.00
15337.00
15374.00
15466.00
15548.00
15632.00
15672.00
15681.00
15779.00
15841.00
15903.00
15920.00
15921.00
15996.00
16081.00
16143.00
16129.00
16156.00
16190.00
16251.00
16293.00
16279.00
16276.00
16301.00
16368.00
16394.00
16388.00
16365.00
16389.00
16462.00
16493.00
16456.00
16425.00
16461.00
16473.00
16520.00
16514.00
16459.00
16487.00
16509.00
16534.00
16491.00
16473.00
16448.00
16479.00
16480.00
16429.00
16379.00
16336.00
16351.00
16359.00
16308.00
16223.00
16170.00
16147.00
16124.00
16067.00
15936.00
15858.00
15820.00
15844.00
15824.00
15752.00
15734.00
15749.00
15788.00
15779.00
15720.00
15703.00
15719.00
15786.00
15786.00
15755.00
15745.00
15799.00
15870.00
15889.00
15893.00
15884.00
15965.00
16052.00
16107.00
16117.00
16113.00
16187.00
16274.00
16304.00
16314.00
16288.00
16336.00
16394.00
16429.00
16402.00
16390.00
16384.00
16406.00
16452.00
16399.00
16375.00
16374.00
16371.00
16363.00
16316.00
16238.00
16191.00
16223.00
16207.00
16125.00
16032.00
15990.00
15989.00
15958.00
15886.00
15756.00
15712.00
15666.00
15637.00
15524.00
15394.00
15347.00
15283.00
15247.00
15126.00
15023.00
14885.00
14785.00
14727.00
14652.00
14492.00
14393.00
14320.00
14267.00
14160.00
14054.00
13937.00
13900.00
13881.00
13807.00
13701.00
13616.00
13604.00
13584.00
13552.00
13519.00
13449.00
13460.00
13458.00
13449.00
13391.00
13362.00
13355.00
13401.00
13421.00
13394.00
13377.00
13371.00
13413.00
13420.00
13397.00
13351.00
13362.00
13410.00
13433.00
13390.00
13364.00
13384.00
13414.00
13442.00
13430.00
13381.00
13383.00
13403.00
13427.00
13404.00
13330.00
13333.00
13360.00
13379.00
13349.00
13313.00
13285.00
13303.00
13319.00
13297.00
13267.00
13235.00
13242.00
13262.00
13249.00
13214.00
13195.00
13216.00
13264.00
13258.00
13212.00
13212.00
13242.00
13290.00
13324.00
13296.00
13290.00
13341.00
13425.00
13469.00
13511.00
13547.00
13606.00
13702.00
13790.00
13820.00
13834.00
13955.00
14057.00
14150.00
14189.00
14265.00
14400.00
14514.00
14619.00
14674.00
14719.00
14847.00
14956.00
15057.00
15111.00
15144.00
15244.00
15333.00
15414.00
15466.00
15499.00
15562.00
15659.00
15744.00
15773.00
15772.00
15848.00
15934.00
15994.00
16032.00
16025.00
16073.00
16148.00
16192.00
16218.00
16180.00
16238.00
16267.00
16337.00
16356.00
16328.00
16344.00
16396.00
16434.00
16447.00
16418.00
16391.00
16432.00
16475.00
16470.00
16447.00
16429.00
16418.00
16427.00
16409.00
16352.00
16285.00
16294.00
16333.00
16303.00
16257.00
16193.00
16185.00
16184.00
16117.00
16033.00
15949.00
15890.00
15902.00
15892.00
15835.00
15798.00
15822.00
15878.00
15889.00
15850.00
15813.00
15836.00
15898.00
15922.00
15887.00
15868.00
15904.00
15966.00
16019.00
15995.00
15973.00
15994.00
16085.00
16125.00
16128.00
16110.00
16152.00
16238.00
16288.00
16265.00
16257.00
16298.00
16348.00
16385.00
16395.00
16378.00
16370.00
16412.00
16445.00
16446.00
16382.00
16377.00
16402.00
16417.00
16385.00
16330.00
16282.00
16256.00
16281.00
16223.00
16130.00
16091.00
16051.00
16043.00
15994.00
15894.00
15830.00
15780.00
15749.00
15690.00
15574.00
15438.00
15364.00
15326.00
15243.00
15092.00
14951.00
14860.00
14806.00
14752.00
14638.00
14514.00
14427.00
14351.00
14264.00
14156.00
14041.00
13962.00
13928.00
13857.00
13740.00
13646.00
13604.00
13621.00
13594.00
13523.00
13448.00
13458.00
13468.00
13486.00
13449.00
13420.00
13414.00
13439.00
13457.00
13439.00
13376.00
13364.00
13398.00
13426.00
13420.00
13358.00
13377.00
13398.00
13438.00
13422.00
13373.00
13386.00
13401.00
13416.00
13407.00
13353.00
13343.00
13368.00
13386.00
13385.00
13338.00
13326.00
13334.00
13365.00
13350.00
13282.00
13273.00
13296.00
13314.00
13312.00
13257.00
13252.00
13270.00
13295.00
13302.00
13240.00
13236.00
13243.00
13273.00
13282.00
13257.00
13220.00
13267.00
13317.00
13335.00
13341.00
13355.00
13388.00
13437.00
13506.00
13519.00
13510.00
13547.00
13655.00
13727.00
13743.00
13799.00
13849.00
13948.00
14052.00
14094.00
14125.00
14226.00
14332.00
14440.00
14485.00
14533.00
14627.00
14731.00
14839.00
14894.00
14943.00
15004.00
15120.00
15204.00
15277.00
15311.00
15393.00
15539.00
15607.00
15674.00
15681.00
15743.00
15847.00
15926.00
15964.00
15978.00
15998.00
16103.00
16170.00
16199.00
16183.00
16196.00
16248.00
16301.00
16320.00
16326.00
16304.00
16359.00
16415.00
16442.00
16439.00
16418.00
16454.00
16472.00
16476.00
16454.00
16418.00
16440.00
16462.00
16460.00
16388.00
16334.00
16312.00
16305.00
16249.00
16123.00
15988.00
15948.00
15927.00
15874.00
15752.00
15637.00
15559.00
15552.00
15533.00
15461.00
15367.00
15380.00
15405.00
15426.00
15410.00
15375.00
15397.00
15437.00
15493.00
15478.00
15428.00
15470.00
15545.00
15605.00
15605.00
15616.00
15709.00
15797.00
15874.00
15909.00
15940.00
15976.00
16075.00
16156.00
16170.00
16174.00
16214.00
16280.00
16332.00
16327.00
16300.00
16285.00
16292.00
16332.00
16297.00
16253.00
16198.00
16179.00
16206.00
16159.00
16061.00
15994.00
15962.00
15932.00
15892.00
15815.00
15708.00
15668.00
15622.00
15522.00
15398.00
15281.00
15211.00
15143.00
15092.00
14965.00
14817.00
14741.00
14690.00
14576.00
14426.00
14296.00
14219.00
14125.00
14025.00
13901.00
13808.00
13784.00
13709.00
13652.00
13532.00
13437.00
13418.00
13427.00
13425.00
13377.00
13299.00
13296.00
13334.00
13350.00
13317.00
13271.00
13267.00
13305.00
13324.00
13322.00
13273.00
13269.00
13307.00
13336.00
13349.00
13305.00
13297.00
13332.00
13343.00
13340.00
13297.00
13280.00
13277.00
13327.00
13323.00
13261.00
13241.00
13258.00
13268.00
13255.00
13197.00
13182.00
13190.00
13207.00
13205.00
13172.00
13134.00
13164.00
13197.00
13192.00
13156.00
13127.00
13177.00
13253.00
13287.00
13295.00
13328.00
13403.00
13508.00
13597.00
13668.00
13704.00
13821.00
13952.00
14039.00
14130.00
14230.00
14339.00
14479.00
14601.00
14676.00
14758.00
14845.00
14994.00
15096.00
15175.00
15228.00
15317.00
15424.00
15530.00
15560.00
15599.00
15665.00
15739.00
15830.00
15863.00
15853.00
15931.00
16011.00
16079.00
16109.00
16120.00
16142.00
16190.00
16265.00
16274.00
16289.00
16283.00
16355.00
16390.00
16395.00
16363.00
16370.00
16405.00
16466.00
16495.00
16459.00
16420.00
16467.00
16480.00
16442.00
16361.00
16336.00
16326.00
16344.00
16309.00
16237.00
16166.00
16144.00
16079.00
16031.00
15884.00
15764.00
15684.00
15656.00
15600.00
15482.00
15383.00
15342.00
15370.00
15357.00
15329.00
15277.00
15303.00
15362.00
15396.00
15381.00
15364.00
15401.00
15467.00
15509.00
15522.00
15496.00
15573.00
15639.00
15719.00
15750.00
15765.00
15833.00
15939.00
16013.00
16052.00
16051.00
16099.00
16163.00
16252.00
16273.00
16239.00
16263.00
16299.00
16340.00
16331.00
16276.00
16275.00
16272.00
16280.00
16232.00
16164.00
16109.00
16095.00
16087.00
16039.00
15948.00
15849.00
15818.00
15811.00
15738.00
15619.00
15524.00
15461.00
15394.00
15308.00
15170.00
15059.00
14947.00
14873.00
14763.00
14630.00
14514.00
14430.00
14391.00
14290.00
14129.00
14008.00
13939.00
13887.00
13833.00
13726.00
13598.00
13510.00
13459.00
13412.00
13337.00
13221.00
13155.00
13156.00
13158.00
13135.00
13093.00
13088.00
13120.00
13151.00
13147.00
13125.00
13147.00
13191.00
13223.00
13236.00
13206.00
13199.00
13241.00
13286.00
13267.00
13199.00
13206.00
13218.00
13253.00
13206.00
13179.00
13151.00
13159.00
13163.00
13149.00
13090.00
13077.00
13072.00
13109.00
13101.00
13062.00
13034.00
13043.00
13072.00
13061.00
13049.00
13006.00
13052.00
13127.00
13161.00
13195.00
13222.00
13304.00
13402.00
13481.00
13548.00
13583.00
13701.00
13813.00
13915.00
13980.00
14037.00
14154.00
14277.00
14369.00
14415.00
14432.00
14509.00
14624.00
14710.00
14766.00
14812.00
14907.00
15004.00
15111.00
15183.00
15200.00
15275.00
15365.00
15421.00
15512.00
15490.00
15556.00
15644.00
15726.00
15752.00
15752.00
15799.00
15867.00
15925.00
15930.00
15931.00
15957.00
16025.00
16054.00
16089.00
16075.00
16087.00
16132.00
16185.00
16215.00
16180.00
16190.00
16241.00
16274.00
16307.00
16292.00
16300.00
16333.00
16411.00
16406.00
16387.00
16370.00
16418.00
16463.00
16473.00
16455.00
16420.00
16451.00
16499.00
16530.00
16498.00
16451.00
16505.00
16539.00
16556.00
16527.00
16510.00
16512.00
16549.00
16570.00
16558.00
16525.00
16529.00
16565.00
16575.00
16570.00
16538.00
16546.00
16565.00
16611.00
16583.00
16547.00
16551.00
16576.00
16590.00
16580.00
16521.00
16522.00
16548.00
16571.00
16556.00
16508.00
16518.00
16575.00
16601.00
16603.00
16558.00
16538.00
16568.00
16602.00
16620.00
16578.00
16577.00
16595.00
16639.00
16625.00
16581.00
16565.00
16605.00
16638.00
16635.00
16595.00
16580.00
16611.00
16644.00
16657.00
16616.00
16590.00
16610.00
16643.00
16644.00
16628.00
16602.00
16616.00
16658.00
16667.00
16638.00
16584.00
16604.00
16660.00
16665.00
16626.00
16589.00
16599.00
16627.00
16649.00
16624.00
16589.00
16600.00
16646.00
16644.00
16617.00
16586.00
16575.00
16650.00
16666.00
16653.00
16605.00
16633.00
16655.00
16666.00
16666.00
16611.00
16611.00
16631.00
16677.00
16666.00
16619.00
16626.00
16646.00
16684.00
16665.00
16623.00
16612.00
16657.00
16668.00
16648.00
16608.00
16617.00
16636.00
16666.00
16674.00
16615.00
16640.00
16642.00
16675.00
16677.00
16618.00
16595.00
16646.00
16668.00
16663.00
16634.00
16624.00
16631.00
16668.00
16673.00
16633.00
16614.00
16652.00
16691.00
16693.00
16651.00
16626.00
16641.00
16678.00
16716.00
16690.00
16661.00
16678.00
16723.00
16732.00
16697.00
16653.00
16657.00
16697.00
16719.00
16710.00
16630.00
16631.00
16656.00
16680.00
16631.00
16600.00
16560.00
16577.00
16556.00
16487.00
16369.00
16310.00
16277.00
16221.00
16139.00
15997.00
15937.00
15901.00
15870.00
15785.00
15661.00
15550.00
15469.00
15401.00
15291.00
15169.00
15086.00
14978.00
14924.00
14822.00
14674.00
14546.00
14451.00
14361.00
14272.00
14134.00
14001.00
13937.00
13912.00
13841.00
13717.00
13651.00
13636.00
13637.00
13615.00
13574.00
13524.00
13506.00
13533.00
13513.00
13457.00
13431.00
13469.00
13501.00
13499.00
13473.00
13427.00
13432.00
13462.00
13475.00
13442.00
13443.00
13449.00
13492.00
13512.00
13489.00
13456.00
13461.00
13486.00
13501.00
13485.00
13437.00
13447.00
13472.00
13493.00
13462.00
13411.00
13394.00
13396.00
13410.00
13397.00
13330.00
13329.00
13331.00
13366.00
13350.00
13314.00
13314.00
13341.00
13381.00
13395.00
13389.00
13403.00
13466.00
13550.00
13588.00
13607.00
13659.00
13743.00
13839.00
13913.00
13947.00
13979.00
14109.00
14242.00
14312.00
14350.00
14425.00
14519.00
14634.00
14738.00
14777.00
14821.00
14941.00
15081.00
15167.00
15220.00
15261.00
15329.00
15425.00
15508.00
15532.00
15575.00
15630.00
15715.00
15779.00
15814.00
15819.00
15888.00
15965.00
16040.00
16053.00
16030.00
16122.00
16183.00
16222.00
16269.00
16273.00
16300.00
16333.00
16391.00
16380.00
16343.00
16355.00
16371.00
16427.00
16419.00
16421.00
16418.00
16466.00
16507.00
16530.00
16471.00
16460.00
16489.00
16547.00
16525.00
16497.00
16490.00
16544.00
16572.00
16554.00
16528.00
16512.00
16538.00
16578.00
16566.00
16534.00
16503.00
16533.00
16587.00
16572.00
16528.00
16494.00
16499.00
16552.00
16570.00
16523.00
16502.00
16508.00
16559.00
16582.00
16556.00
16504.00
16519.00
16555.00
16577.00
16539.00
16518.00
16516.00
16570.00
16571.00
16551.00
16488.00
16512.00
16541.00
16543.00
16510.00
16453.00
16407.00
16481.00
16490.00
16454.00
16380.00
16337.00
16358.00
16343.00
16336.00
16248.00
16203.00
16185.00
16189.00
16139.00
16077.00
16003.00
15986.00
15932.00
15854.00
15756.00
15654.00
15644.00
15608.00
15494.00
15402.00
15318.00
15265.00
15222.00
15144.00
15014.00
14882.00
14824.00
14789.00
14701.00
14563.00
14436.00
14414.00
14381.00
14309.00
14213.00
14098.00
14059.00
14021.00
13966.00
13863.00
13775.00
13705.00
13714.00
13703.00
13659.00
13601.00
13571.00
13570.00
13561.00
13517.00
13442.00
13448.00
13483.00
13490.00
13474.00
13451.00
13472.00
13511.00
13530.00
13501.00
13476.00
13468.00
13489.00
13520.00
13494.00
13438.00
13475.00
13488.00
13500.00
13492.00
13449.00
13426.00
13443.00
13468.00
13434.00
13394.00
13382.00
13406.00
13412.00
13399.00
13373.00
13352.00
13351.00
13388.00
13378.00
13340.00
13326.00
13354.00
13384.00
13422.00
13434.00
13430.00
13515.00
13591.00
13654.00
13652.00
13687.00
13775.00
13902.00
14025.00
14096.00
14150.00
14254.00
14394.00
14501.00
14549.00
14614.00
14739.00
14869.00
14973.00
15055.00
15102.00
15199.00
15301.00
15397.00
15455.00
15503.00
15582.00
15689.00
15758.00
15832.00
15861.00
15925.00
16024.00
16119.00
16149.00
16153.00
16177.00
16249.00
16291.00
16318.00
16291.00
16319.00
16379.00
16415.00
16427.00
16425.00
16397.00
16467.00
16490.00
16486.00
16444.00
16469.00
16491.00
16548.00
16553.00
16487.00
16466.00
16512.00
16531.00
16504.00
16473.00
16411.00
16414.00
16424.00
16453.00
16388.00
16324.00
16361.00
16396.00
16398.00
16365.00
16302.00
16335.00
16399.00
16377.00
16349.00
16338.00
16348.00
16398.00
16406.00
16369.00
16336.00
16370.00
16422.00
16436.00
16395.00
16364.00
16399.00
16436.00
16465.00
16464.00
16445.00
16480.00
16540.00
16543.00
16529.00
16479.00
16505.00
16566.00
16587.00
16596.00
16533.00
16521.00
16559.00
16568.00
16544.00
16482.00
16474.00
16487.00
16474.00
16451.00
16387.00
16324.00
16328.00
16307.00
16263.00
16191.00
16109.00
16112.00
16116.00
16070.00
15998.00
15920.00
15893.00
15864.00
15796.00
15678.00
15589.00
15534.00
15501.00
15423.00
15329.00
15238.00
15185.00
15133.00
15061.00
14917.00
14801.00
14694.00
14652.00
14498.00
14340.00
14202.00
14084.00
14012.00
13932.00
13803.00
13677.00
13610.00
13607.00
13565.00
13509.00
13441.00
13443.00
13477.00
13455.00
13444.00
13379.00
13380.00
13422.00
13444.00
13424.00
13386.00
13395.00
13428.00
13460.00
13447.00
13425.00
13420.00
13454.00
13474.00
13466.00
13433.00
13432.00
13457.00
13483.00
13469.00
13441.00
13430.00
13452.00
13481.00
13445.00
13414.00
13368.00
13382.00
13410.00
13388.00
13358.00
13318.00
13324.00
13349.00
13320.00
13274.00
13250.00
13272.00
13322.00
13305.00
13280.00
13265.00
13308.00
13351.00
13389.00
13387.00
13408.00
13474.00
13558.00
13618.00
13637.00
13686.00
13784.00
13912.00
14016.00
14075.00
14142.00
14266.00
14404.00
14519.00
14583.00
14639.00
14753.00
14900.00
15023.00
15116.00
15163.00
15269.00
15379.00
15481.00
15546.00
15590.00
15667.00
15784.00
15897.00
15937.00
15965.00
16035.00
16114.00
16166.00
16189.00
16201.00
16234.00
16294.00
16346.00
16358.00
16339.00
16364.00
16395.00
16449.00
16437.00
16401.00
16408.00
16459.00
16480.00
16496.00
16450.00
16442.00
16499.00
16547.00
16546.00
16516.00
16486.00
16497.00
16541.00
16541.00
16482.00
16452.00
16454.00
16459.00
16418.00
16365.00
16292.00
16262.00
16226.00
16201.00
16105.00
15998.00
15928.00
15878.00
15825.00
15697.00
15559.00
15529.00
15512.00
15443.00
15371.00
15314.00
15293.00
15314.00
15317.00
15245.00
15188.00
15196.00
15234.00
15254.00
15223.00
15201.00
15218.00
15319.00
15363.00
15398.00
15371.00
15401.00
15481.00
15564.00
15587.00
15589.00
15647.00
15741.00
15840.00
15868.00
15895.00
15928.00
16019.00
16122.00
16163.00
16151.00
16211.00
16307.00
16368.00
16362.00
16351.00
16355.00
16411.00
16428.00
16420.00
16385.00
16366.00
16371.00
16387.00
16339.00
16284.00
16210.00
16214.00
16188.00
16160.00
16081.00
16003.00
15975.00
15968.00
15918.00
15826.00
15762.00
15682.00
15672.00
15608.00
15514.00
15412.00
15360.00
15316.00
15212.00
15099.00
14966.00
14859.00
14764.00
14660.00
14555.00
14420.00
14350.00
14287.00
14208.00
14112.00
14014.00
13941.00
13904.00
13867.00
13782.00
13676.00
13643.00
13663.00
13614.00
13567.00
13521.00
13508.00
13531.00
13535.00
13501.00
13444.00
13442.00
13476.00
13486.00
13478.00
13424.00
13439.00
13461.00
13483.00
13495.00
13453.00
13447.00
13464.00
13486.00
13478.00
13436.00
13404.00
13412.00
13466.00
13451.00
13404.00
13371.00
13373.00
13396.00
13397.00
13369.00
13326.00
13339.00
13365.00
13385.00
13344.00
13308.00
13352.00
13388.00
13390.00
13382.00
13357.00
13387.00
13430.00
13479.00
13492.00
13491.00
13551.00
13609.00
13670.00
13687.00
13696.00
13772.00
13870.00
13982.00
14024.00
14077.00
14152.00
14310.00
14419.00
14487.00
14528.00
14605.00
14733.00
14831.00
14924.00
14989.00
15050.00
15164.00
15259.00
15317.00
15332.00
15406.00
15510.00
15615.00
15641.00
15692.00
15740.00
15836.00
15932.00
15959.00
15966.00
16033.00
16104.00
16205.00
16223.00
16214.00
16228.00
16309.00
16360.00
16380.00
16379.00
16396.00
16438.00
16492.00
16494.00
16478.00
16469.00
16501.00
16539.00
16571.00
16543.00
16507.00
16534.00
16553.00
16557.00
16491.00
16445.00
16449.00
16432.00
16414.00
16342.00
16256.00
16202.00
16163.00
16078.00
15939.00
15824.00
15741.00
15675.00
15595.00
15511.00
15405.00
15364.00
15334.00
15299.00
15193.00
15099.00
15065.00
15114.00
15108.00
15084.00
15019.00
15043.00
15071.00
15115.00
15132.00
15077.00
15103.00
15164.00
15224.00
15261.00
15192.00
15263.00
15343.00
15488.00
15533.00
15549.00
15623.00
15720.00
15812.00
15901.00
15890.00
15939.00
16045.00
16161.00
16231.00
16225.00
16250.00
16314.00
16370.00
16376.00
16326.00
16322.00
16357.00
16385.00
16376.00
16306.00
16280.00
16278.00
16285.00
16227.00
16146.00
16078.00
16060.00
16048.00
15970.00
15883.00
15796.00
15750.00
15729.00
15664.00
15535.00
15419.00
15346.00
15294.00
15194.00
15083.00
14920.00
14828.00
14771.00
14667.00
14512.00
14343.00
14229.00
14134.00
14024.00
13878.00
13725.00
13644.00
13593.00
13557.00
13454.00
13340.00
13313.00
13312.00
13294.00
13241.00
13171.00
13151.00
13168.00
13188.00
13166.00
13136.00
13130.00
13171.00
13196.00
13173.00
13138.00
13126.00
13151.00
13175.00
13160.00
13132.00
13120.00
13139.00
13158.00
13152.00
13095.00
13071.00
13086.00
13092.00
13132.00
13054.00
13028.00
13038.00
13064.00
13077.00
13033.00
13014.00
13012.00
13054.00
13061.00
13037.00
13024.00
13067.00
13120.00
13138.00
13139.00
13128.00
13172.00
13259.00
13324.00
13302.00
13316.00
13395.00
13538.00
13646.00
13700.00
13755.00
13851.00
13986.00
14101.00
14210.00
14294.00
14433.00
14566.00
14713.00
14807.00
14898.00
15008.00
15141.00
15277.00
15360.00
15410.00
15520.00
15645.00
15767.00
15837.00
15880.00
15924.00
16044.00
16119.00
16156.00
16152.00
16179.00
16246.00
16294.00
16304.00
16299.00
16305.00
16345.00
16390.00
16421.00
16379.00
16399.00
16450.00
16473.00
16483.00
16467.00
16466.00
16498.00
16560.00
16547.00
16505.00
16483.00
16484.00
16500.00
16446.00
16387.00
16298.00
16294.00
16282.00
16211.00
16099.00
16004.00
15925.00
15890.00
15784.00
15631.00
15518.00
15462.00
15387.00
15353.00
15226.00
15137.00
15105.00
15118.00
15072.00
15013.00
14947.00
14941.00
14992.00
15032.00
15017.00
14979.00
14991.00
15100.00
15158.00
15190.00
15187.00
15283.00
15378.00
15499.00
15543.00
15583.00
15662.00
15838.00
15956.00
16024.00
16041.00
16136.00
16235.00
16312.00
16340.00
16326.00
16322.00
16409.00
16449.00
16446.00
16386.00
16340.00
16354.00
16344.00
16315.00
16214.00
16166.00
16158.00
16150.00
16099.00
15995.00
15936.00
15898.00
15891.00
15821.00
15712.00
15621.00
15565.00
15538.00
15461.00
15358.00
15231.00
15161.00
15111.00
15020.00
14849.00
14710.00
14601.00
14516.00
14392.00
14226.00
14094.00
14015.00
13961.00
13911.00
13776.00
13654.00
13586.00
13580.00
13543.00
13452.00
13351.00
13329.00
13335.00
13339.00
13265.00
13212.00
13198.00
13197.00
13200.00
13162.00
13112.00
13088.00
13117.00
13136.00
13093.00
13049.00
13050.00
13070.00
13088.00
13073.00
13031.00
13028.00
13055.00
13067.00
13074.00
13050.00
13066.00
13105.00
13125.00
13112.00
13057.00
13047.00
13068.00
13080.00
13064.00
13023.00
13001.00
13005.00
13034.00
13014.00
12967.00
12934.00
12949.00
12987.00
12978.00
12946.00
12928.00
12952.00
12983.00
12991.00
12947.00
12924.00
12968.00
13021.00
13040.00
13031.00
13036.00
13103.00
13184.00
13258.00
13251.00
13302.00
13387.00
13505.00
13618.00
13645.00
13712.00
13786.00
13935.00
14059.00
14128.00
14218.00
14357.00
14493.00
14590.00
14675.00
14736.00
14873.00
15021.00
15132.00
15172.00
15228.00
15316.00
15423.00
15510.00
15546.00
15587.00
15643.00
15758.00
15852.00
15882.00
15904.00
15958.00
16015.00
16106.00
16118.00
16121.00
16130.00
16202.00
16269.00
16307.00
16273.00
16310.00
16379.00
16416.00
16446.00
16422.00
16443.00
16468.00
16511.00
16506.00
16465.00
16457.00
16490.00
16521.00
16506.00
16476.00
16444.00
16439.00
16449.00
16404.00
16325.00
16262.00
16218.00
16199.00
16117.00
15986.00
15853.00
15750.00
15687.00
15582.00
15448.00
15326.00
15240.00
15225.00
15158.00
15046.00
14949.00
14918.00
14918.00
14913.00
14871.00
14803.00
14798.00
14834.00
14850.00
14823.00
14786.00
14791.00
14885.00
14915.00
14889.00
14873.00
14910.00
14984.00
15039.00
15060.00
15088.00
15192.00
15317.00
15426.00
15526.00
15567.00
15636.00
15766.00
15877.00
15949.00
15979.00
16035.00
16164.00
16247.00
16332.00
16324.00
16334.00
16378.00
16448.00
16423.00
16345.00
16338.00
16327.00
16351.00
16308.00
16205.00
16157.00
16133.00
16140.00
16087.00
15987.00
15876.00
15825.00
15806.00
15772.00
15664.00
15573.00
15525.00
15478.00
15400.00
15258.00
15113.00
15052.00
15010.00
14907.00
14780.00
14630.00
14522.00
14454.00
14352.00
14215.00
14093.00
13980.00
13922.00
13851.00
13732.00
13591.00
13556.00
13495.00
13428.00
13320.00
13264.00
13258.00
13256.00
13229.00
13181.00
13104.00
13098.00
13117.00
13110.00
13082.00
13037.00
13029.00
13078.00
13099.00
13091.00
13051.00
13063.00
13093.00
13108.00
13100.00
13056.00
13030.00
13063.00
13082.00
13062.00
13021.00
13006.00
13055.00
13058.00
13038.00
12987.00
12973.00
13008.00
13023.00
13003.00
12978.00
12925.00
12984.00
13024.00
13034.00
12976.00
12986.00
13015.00
13073.00
13112.00
13096.00
13124.00
13198.00
13286.00
13352.00
13367.00
13427.00
13512.00
13637.00
13743.00
13783.00
13853.00
13999.00
14123.00
14267.00
14351.00
14453.00
14573.00
14733.00
14839.00
14904.00
14984.00
15097.00
15205.00
15313.00
15368.00
15399.00
15528.00
15600.00
15684.00
15734.00
15755.00
15833.00
15926.00
15985.00
16028.00
16032.00
16084.00
16161.00
16218.00
16232.00
16211.00
16236.00
16308.00
16346.00
16357.00
16331.00
16367.00
16402.00
16475.00
16481.00
16449.00
16436.00
16479.00
16496.00
16505.00
16476.00
16445.00
16464.00
16442.00
16390.00
16331.00
16272.00
16259.00
16251.00
16177.00
16084.00
15991.00
15939.00
15912.00
15838.00
15739.00
15667.00
15600.00
15600.00
15551.00
15467.00
15364.00
15314.00
15312.00
15241.00
15194.00
15093.00
15095.00
15105.00
15096.00
15046.00
15008.00
15040.00
15112.00
15126.00
15127.00
15126.00
15192.00
15332.00
15409.00
15434.00
15465.00
15565.00
15690.00
15777.00
15819.00
15868.00
15950.00
16084.00
16170.00
16206.00
16205.00
16231.00
16310.00
16368.00
16348.00
16331.00
16340.00
16389.00
16407.00
16385.00
16282.00
16273.00
16270.00
16278.00
16197.00
16110.00
16057.00
16066.00
16064.00
15974.00
15879.00
15793.00
15740.00
15698.00
15581.00
15447.00
15332.00
15244.00
15201.00
15112.00
14957.00
14825.00
14778.00
14684.00
14574.00
14408.00
14279.00
14196.00
14139.00
14045.00
13928.00
13843.00
13793.00
13760.00
13685.00
13584.00
13500.00
13470.00
13473.00
13458.00
13411.00
13356.00
13357.00
13374.00
13355.00
13326.00
13297.00
13285.00
13307.00
13309.00
13278.00
13227.00
13230.00
13246.00
13240.00
13226.00
13170.00
13204.00
13233.00
13268.00
13242.00
13210.00
13212.00
13236.00
13257.00
13234.00
13197.00
13193.00
13219.00
13238.00
13229.00
13185.00
13176.00
13207.00
13227.00
13203.00
13169.00
13157.00
13180.00
13206.00
13187.00
13150.00
13162.00
13189.00
13233.00
13234.00
13242.00
13244.00
13273.00
13326.00
13364.00
13364.00
13409.00
13475.00
13556.00
13588.00
13635.00
13668.00
13750.00
13873.00
13943.00
13991.00
14049.00
14162.00
14293.00
14417.00
14498.00
14618.00
14724.00
14878.00
15009.00
15058.00
15140.00
15266.00
15371.00
15470.00
15531.00
15583.00
15645.00
15734.00
15822.00
15863.00
15849.00
15928.00
15997.00
16065.00
16089.00
16054.00
16135.00
16201.00
16243.00
16258.00
16246.00
16234.00
16311.00
16365.00
16362.00
16334.00
16368.00
16419.00
16460.00
16468.00
16436.00
16451.00
16490.00
16522.00
16519.00
16472.00
16489.00
16513.00
16555.00
16525.00
16487.00
16446.00
16445.00
16451.00
16404.00
16335.00
16273.00
16256.00
16237.00
16147.00
16057.00
15963.00
15882.00
15847.00
15794.00
15685.00
15601.00
15611.00
15634.00
15635.00
15597.00
15556.00
15560.00
15602.00
15612.00
15589.00
15558.00
15569.00
15646.00
15717.00
15722.00
15739.00
15812.00
15944.00
16030.00
16066.00
16079.00
16130.00
16219.00
16296.00
16301.00
16305.00
16351.00
16387.00
16458.00
16476.00
16424.00
16464.00
16498.00
16535.00
16515.00
16456.00
16421.00
16419.00
16408.00
16361.00
16285.00
16214.00
16195.00
16171.00
16107.00
15972.00
15881.00
15831.00
15782.00
15707.00
15557.00
15448.00
15371.00
15300.00
15208.00
15042.00
14900.00
14788.00
14691.00
14568.00
14401.00
14243.00
14128.00
14038.00
13933.00
13787.00
13692.00
13612.00
13562.00
13505.00
13419.00
13331.00
13313.00
13321.00
13281.00
13250.00
13209.00
13210.00
13227.00
13200.00
13169.00
13120.00
13108.00
13141.00
13120.00
13121.00
13079.00
13069.00
13130.00
13122.00
13104.00
13067.00
13069.00
13089.00
13121.00
13107.00
13038.00
13047.00
13066.00
13072.00
13079.00
13029.00
13015.00
13008.00
13048.00
13020.00
12988.00
12965.00
12984.00
13001.00
12997.00
12967.00
12967.00
12998.00
13036.00
13062.00
13049.00
13085.00
13161.00
13249.00
13319.00
13348.00
13409.00
13502.00
13639.00
13715.00
13767.00
13831.00
13982.00
14158.00
14284.00
14357.00
14456.00
14600.00
14771.00
14891.00
14973.00
15044.00
15150.00
15300.00
15398.00
15457.00
15490.00
15583.00
15688.00
15774.00
15799.00
15837.00
15892.00
15982.00
16077.00
16063.00
16062.00
16108.00
16182.00
16244.00
16240.00
16243.00
16266.00
16310.00
16360.00
16378.00
16369.00
16365.00
16420.00
16469.00
16452.00
16411.00
16399.00
16433.00
16467.00
16463.00
16399.00
16362.00
16387.00
16398.00
16347.00
16288.00
16232.00
16224.00
16208.00
16141.00
16015.00
15940.00
15887.00
15826.00
15745.00
15601.00
15521.00
15478.00
15471.00
15414.00
15324.00
15232.00
15191.00
15209.00
15164.00
15098.00
15017.00
15052.00
15113.00
15139.00
15119.00
15090.00
15115.00
15208.00
15252.00
15270.00
15274.00
15337.00
15426.00
15509.00
15537.00
15550.00
15628.00
15728.00
15813.00
15850.00
15870.00
15948.00
16041.00
16149.00
16204.00
16208.00
16246.00
16309.00
16357.00
16348.00
16310.00
16318.00
16376.00
16407.00
16388.00
16322.00
16316.00
16343.00
16364.00
16316.00
16239.00
16197.00
16192.00
16171.00
16115.00
16030.00
15968.00
15929.00
15918.00
15840.00
15753.00
15659.00
15602.00
15562.00
15457.00
15327.00
15203.00
15110.00
15027.00
14931.00
14757.00
14608.00
14507.00
14407.00
14305.00
14174.00
14054.00
13962.00
13892.00
13844.00
13741.00
13634.00
13576.00
13563.00
13529.00
13436.00
13380.00
13359.00
13382.00
13393.00
13341.00
13287.00
13275.00
13293.00
13315.00
13290.00
13254.00
13235.00
13260.00
13265.00
13263.00
13220.00
13222.00
13240.00
13246.00
13226.00
13187.00
13177.00
13210.00
13220.00
13208.00
13146.00
13152.00
13181.00
13207.00
13226.00
13188.00
13203.00
13251.00
13336.00
13376.00
13400.00
13439.00
13543.00
13658.00
13732.00
13796.00
13853.00
13982.00
14132.00
14242.00
14337.00
14438.00
14625.00
14793.00
14942.00
15037.00
15124.00
15270.00
15410.00
15529.00
15606.00
15653.00
15734.00
15852.00
15903.00
15918.00
15944.00
16020.00
16096.00
16138.00
16164.00
16137.00
16217.00
16238.00
16288.00
16299.00
16289.00
16310.00
16377.00
16409.00
16386.00
16355.00
16397.00
16416.00
16449.00
16434.00
16351.00
16330.00
16312.00
16303.00
16224.00
16099.00
15979.00
15949.00
15876.00
15782.00
15654.00
15574.00
15547.00
15483.00
15392.00
15248.00
15194.00
15168.00
15180.00
15153.00
15040.00
14984.00
15009.00
15034.00
15013.00
14986.00
14953.00
14972.00
15037.00
15044.00
15018.00
15029.00
15087.00
15144.00
15187.00
15199.00
15218.00
15294.00
15398.00
15472.00
15494.00
15544.00
15616.00
15726.00
15785.00
15814.00
15861.00
15929.00
16042.00
16094.00
16112.00
16126.00
16187.00
16258.00
16345.00
16349.00
16245.00
16291.00
16380.00
16392.00
16353.00
16311.00
16290.00
16301.00
16291.00
16259.00
16201.00
16188.00
16175.00
16147.00
16102.00
16023.00
15999.00
15966.00
15957.00
15855.00
15809.00
15744.00
15706.00
15633.00
15553.00
15457.00
15375.00
15310.00
15239.00
15131.00
15006.00
14899.00
14814.00
14704.00
14564.00
14431.00
14305.00
14207.00
14099.00
13981.00
13885.00
13799.00
13731.00
13671.00
13597.00
13517.00
13441.00
13413.00
13398.00
13365.00
13303.00
13266.00
13252.00
13282.00
13284.00
13272.00
13243.00
13284.00
13317.00
13327.00
13301.00
13271.00
13286.00
13319.00
13326.00
13325.00
13289.00
13282.00
13324.00
13325.00
13294.00
13242.00
13232.00
13262.00
13266.00
13243.00
13188.00
13209.00
13230.00
13242.00
13220.00
13178.00
13198.00
13235.00
13277.00
13289.00
13301.00
13334.00
13425.00
13508.00
13585.00
13617.00
13686.00
13818.00
13947.00
14045.00
14147.00
14249.00
14411.00
14589.00
14685.00
14803.00
14904.00
15028.00
15167.00
15271.00
15343.00
15392.00
15466.00
15565.00
15630.00
15661.00
15701.00
15773.00
15845.00
15910.00
15940.00
15933.00
15979.00
16083.00
16134.00
16145.00
16134.00
16186.00
16225.00
16271.00
16252.00
16249.00
16259.00
16306.00
16359.00
16338.00
16320.00
16351.00
16417.00
16440.00
16411.00
16400.00
16389.00
16430.00
16437.00
16410.00
16368.00
16354.00
16374.00
16387.00
16380.00
16335.00
16332.00
16363.00
16368.00
16367.00
16291.00
16275.00
16299.00
16338.00
16316.00
16278.00
16224.00
16289.00
16305.00
16294.00
16240.00
16224.00
16240.00
16276.00
16292.00
16250.00
16221.00
16260.00
16326.00
16324.00
16298.00
16244.00
16311.00
16374.00
16407.00
16381.00
16379.00
16428.00
16484.00
16478.00
16466.00
16423.00
16488.00
16532.00
16535.00
16500.00
16483.00
16472.00
16506.00
16492.00
16438.00
16371.00
16375.00
16395.00
16383.00
16319.00
16225.00
16193.00
16208.00
16195.00
16141.00
16038.00
15990.00
15973.00
15934.00
15856.00
15741.00
15678.00
15638.00
15614.00
15501.00
15392.00
15305.00
15268.00
15191.00
15109.00
14963.00
14868.00
14800.00
14742.00
14614.00
14477.00
14373.00
14297.00
14240.00
14152.00
13982.00
13889.00
13829.00
13790.00
13702.00
13598.00
13519.00
13511.00
13513.00
13493.00
13410.00
13354.00
13348.00
13352.00
13353.00
13310.00
13277.00
13294.00
13347.00
13365.00
13337.00
13323.00
13340.00
13388.00
13372.00
13372.00
13326.00
13342.00
13374.00
13384.00
13350.00
13316.00
13308.00
13353.00
13344.00
13311.00
13297.00
13291.00
13313.00
13298.00
13272.00
13225.00
13230.00
13257.00
13246.00
13242.00
13199.00
13215.00
13246.00
13295.00
13301.00
13292.00
13315.00
13391.00
13470.00
13491.00
13503.00
13578.00
13673.00
13801.00
13868.00
13919.00
14023.00
14126.00
14270.00
14375.00
14431.00
14513.00
14646.00
14803.00
14920.00
14977.00
15077.00
15182.00
15325.00
15397.00
15454.00
15520.00
15618.00
15703.00
15788.00
15832.00
15858.00
15944.00
16007.00
16084.00
16095.00
16116.00
16157.00
16214.00
16245.00
16232.00
16260.00
16311.00
16357.00
16389.00
16362.00
16367.00
16371.00
16412.00
16432.00
16435.00
16400.00
16407.00
16439.00
16436.00
16423.00
16382.00
16376.00
16400.00
16425.00
16382.00
16342.00
16333.00
16362.00
16332.00
16274.00
16202.00
16178.00
16177.00
16124.00
16060.00
15957.00
15917.00
15909.00
15871.00
15815.00
15764.00
15709.00
15712.00
15717.00
15692.00
15646.00
15640.00
15706.00
15735.00
15724.00
15696.00
15705.00
15750.00
15819.00
15805.00
15794.00
15795.00
15850.00
15899.00
15938.00
15905.00
15937.00
16008.00
16097.00
16106.00
16140.00
16149.00
16225.00
16316.00
16345.00
16382.00
16374.00
16440.00
16472.00
16486.00
16477.00
16429.00
16434.00
16460.00
16446.00
16395.00
16358.00
16371.00
16411.00
16383.00
16327.00
16271.00
16261.00
16259.00
16211.00
16141.00
16057.00
16011.00
16011.00
15983.00
15914.00
15796.00
15764.00
15707.00
15654.00
15553.00
15409.00
15347.00
15295.00
15220.00
15133.00
14971.00
14858.00
14821.00
14728.00
14602.00
14436.00
14303.00
14257.00
14201.00
14074.00
13943.00
13844.00
13803.00
13755.00
13707.00
13604.00
13517.00
13470.00
13444.00
13400.00
13328.00
13275.00
13278.00
13283.00
13256.00
13184.00
13137.00
13133.00
13153.00
13150.00
13116.00
13080.00
13093.00
13126.00
13122.00
13094.00
13070.00
13065.00
13108.00
13099.00
13046.00
13034.00
13042.00
13078.00
13088.00
13068.00
13028.00
13044.00
13080.00
13092.00
13051.00
13026.00
13028.00
13088.00
13105.00
13110.00
13096.00
13127.00
13166.00
13228.00
13237.00
13225.00
13276.00
13353.00
13443.00
13478.00
13510.00
13593.00
13698.00
13774.00
13846.00
13905.00
13962.00
14098.00
14194.00
14269.00
14340.00
14429.00
14545.00
14648.00
14716.00
14785.00
14877.00
14993.00
15119.00
15210.00
15279.00
15378.00
15498.00
15599.00
15659.00
15721.00
15761.00
15840.00
15897.00
15930.00
15963.00
15990.00
16065.00
16134.00
16177.00
16163.00
16169.00
16214.00
16257.00
16268.00
16261.00
16252.00
16303.00
16342.00
16411.00
16370.00
16357.00
16372.00
16397.00
16426.00
16425.00
16373.00
16399.00
16414.00
16454.00
16415.00
16360.00
16340.00
16400.00
16367.00
16342.00
16247.00
16275.00
16293.00
16312.00
16264.00
16198.00
16202.00
16219.00
16209.00
16148.00
16094.00
16033.00
16076.00
16072.00
16055.00
15997.00
16002.00
16042.00
16073.00
16054.00
15995.00
15996.00
16051.00
16115.00
16083.00
16060.00
16087.00
16141.00
16209.00
16234.00
16188.00
16212.00
16267.00
16324.00
16314.00
16286.00
16291.00
16343.00
16393.00
16419.00
16351.00
16350.00
16390.00
16461.00
16449.00
16398.00
16402.00
16430.00
16466.00
16452.00
16409.00
16372.00
16372.00
16388.00
16375.00
16296.00
16232.00
16208.00
16258.00
16229.00
16164.00
16119.00
16089.00
16068.00
16040.00
15960.00
15881.00
15825.00
15829.00
15762.00
15676.00
15558.00
15503.00
15458.00
15382.00
15278.00
15146.00
15079.00
15024.00
14954.00
14835.00
14709.00
14609.00
14498.00
14391.00
14276.00
14137.00
14031.00
13921.00
13856.00
13789.00
13663.00
13558.00
13480.00
13442.00
13374.00
13289.00
13256.00
13222.00
13249.00
13220.00
13170.00
13141.00
13143.00
13157.00
13139.00
13103.00
13094.00
13121.00
13148.00
13133.00
13102.00
13090.00
13111.00
13150.00
13119.00
13082.00
13046.00
13032.00
13041.00
13042.00
13009.00
12988.00
13008.00
13033.00
13014.00
12972.00
12950.00
12970.00
13031.00
13032.00
13012.00
13010.00
13062.00
13117.00
13149.00
13159.00
13170.00
13248.00
13350.00
13387.00
13424.00
13452.00
13560.00
13668.00
13740.00
13834.00
13899.00
14031.00
14180.00
14268.00
14350.00
14432.00
14560.00
14719.00
14875.00
14934.00
15018.00
15149.00
15271.00
15412.00
15483.00
15521.00
15601.00
15698.00
15767.00
15852.00
15857.00
15945.00
16050.00
16095.00
16155.00
16137.00
16186.00
16227.00
16299.00
16318.00
16316.00
16340.00
16381.00
16429.00
16433.00
16413.00
16415.00
16462.00
16491.00
16490.00
16462.00
16469.00
16499.00
16558.00
16531.00
16517.00
16515.00
16572.00
16629.00
16591.00
16562.00
16531.00
16585.00
16622.00
16637.00
16589.00
16554.00
16586.00
16642.00
16633.00
16601.00
16552.00
16583.00
16616.00
16629.00
16594.00
16568.00
16598.00
16630.00
16638.00
16596.00
16548.00
16581.00
16642.00
16643.00
16581.00
16539.00
16582.00
16625.00
16627.00
16586.00
16539.00
16555.00
16609.00
16587.00
16584.00
16532.00
16551.00
16583.00
16580.00
16531.00
16464.00
16461.00
16510.00
16496.00
16452.00
16360.00
16371.00
16366.00
16392.00
16332.00
16273.00
16239.00
16220.00
16203.00
16141.00
16049.00
16036.00
15996.00
15996.00
15928.00
15845.00
15801.00
15794.00
15776.00
15714.00
15631.00
15564.00
15547.00
15530.00
15469.00
15363.00
15315.00
15262.00
15215.00
15148.00
15031.00
14940.00
14874.00
14795.00
14718.00
14559.00
14464.00
14397.00
14305.00
14214.00
14078.00
13980.00
13908.00
13851.00
13787.00
13691.00
13652.00
13631.00
13634.00
13612.00
13558.00
13535.00
13544.00
13565.00
13562.00
13541.00
13498.00
13545.00
13568.00
13577.00
13556.00
13524.00
13523.00
13549.00
13547.00
13500.00
13458.00
13453.00
13485.00
13476.00
13454.00
13422.00
13411.00
13443.00
13448.00
13427.00
13394.00
13394.00
13411.00
13468.00
13433.00
13407.00
13423.00
13490.00
13549.00
13560.00
13574.00
13619.00
13715.00
13794.00
13861.00
13923.00
13982.00
14101.00
14214.00
14297.00
14338.00
14441.00
14556.00
14700.00
14783.00
14858.00
14965.00
15084.00
15202.00
15281.00
15341.00
15391.00
15509.00
15603.00
15663.00
15699.00
15770.00
15830.00
15908.00
15942.00
15943.00
15965.00
16027.00
16090.00
16119.00
16100.00
16144.00
16191.00
16267.00
16278.00
16269.00
16292.00
16307.00
16400.00
16408.00
16376.00
16379.00
16436.00
16477.00
16488.00
16478.00
16449.00
16474.00
16523.00
16515.00
16471.00
16426.00
16423.00
16441.00
16436.00
16387.00
16306.00
16286.00
16303.00
16313.00
16253.00
16204.00
16167.00
16176.00
16160.00
16115.00
16039.00
16067.00
16116.00
16128.00
16109.00
16056.00
16054.00
16105.00
16126.00
16121.00
16102.00
16148.00
16183.00
16261.00
16251.00
16246.00
16271.00
16360.00
16431.00
16470.00
16433.00
16455.00
16529.00
16569.00
16546.00
16509.00
16510.00
16547.00
16562.00
16556.00
16505.00
16510.00
16507.00
16536.00
16503.00
16448.00
16405.00
16386.00
16381.00
16348.00
16253.00
16182.00
16185.00
16188.00
16137.00
16046.00
15975.00
15969.00
15968.00
15894.00
15790.00
15695.00
15643.00
15640.00
15570.00
15470.00
15363.00
15300.00
15254.00
15170.00
15009.00
14852.00
14774.00
14699.00
14608.00
14449.00
14277.00
14177.00
14136.00
14035.00
13890.00
13756.00
13688.00
13677.00
13613.00
13517.00
13428.00
13386.00
13388.00
13385.00
13357.00
13329.00
13325.00
13356.00
13360.00
13345.00
13321.00
13334.00
13342.00
13361.00
13336.00
13317.00
13333.00
13319.00
13330.00
13289.00
13246.00
13239.00
13265.00
13275.00
13262.00
13199.00
13193.00
13203.00
13228.00
13224.00
13187.00
13194.00
13213.00
13260.00
13283.00
13268.00
13288.00
13358.00
13444.00
13485.00
13515.00
13570.00
13661.00
13790.00
13867.00
13942.00
14035.00
14167.00
14310.00
14438.00
14513.00
14623.00
14759.00
14932.00
15050.00
15119.00
15226.00
15365.00
15507.00
15607.00
15690.00
15736.00
15815.00
15905.00
15972.00
16024.00
16044.00
16120.00
16197.00
16245.00
16231.00
16221.00
16287.00
16346.00
16373.00
16358.00
16355.00
16375.00
16440.00
16461.00
16455.00
16443.00
16460.00
16490.00
16526.00
16495.00
16464.00
16485.00
16534.00
16552.00
16552.00
16501.00
16501.00
16509.00
16508.00
16479.00
16428.00
16405.00
16394.00
16393.00
16369.00
16262.00
16191.00
16164.00
16112.00
16048.00
15936.00
15875.00
15855.00
15855.00
15795.00
15721.00
15697.00
15717.00
15729.00
15703.00
15662.00
15662.00
15670.00
15714.00
15746.00
15721.00
15697.00
15722.00
15799.00
15816.00
15787.00
15774.00
15822.00
15919.00
15951.00
15948.00
15924.00
16050.00
16152.00
16224.00
16206.00
16222.00
16257.00
16341.00
16364.00
16362.00
16340.00
16385.00
16475.00
16506.00
16480.00
16438.00
16468.00
16515.00
16574.00
16547.00
16499.00
16513.00
16557.00
16569.00
16524.00
16477.00
16449.00
16428.00
16443.00
16398.00
16318.00
16294.00
16273.00
16267.00
16203.00
16114.00
16091.00
16064.00
16009.00
15949.00
15841.00
15774.00
15705.00
15680.00
15600.00
15466.00
15368.00
15285.00
15236.00
15120.00
14957.00
14800.00
14696.00
14604.00
14501.00
14347.00
14188.00
14078.00
14035.00
13930.00
13779.00
13669.00
13598.00
13568.00
13509.00
13400.00
13331.00
13304.00
13318.00
13284.00
13226.00
13176.00
13182.00
13220.00
13190.00
13156.00
13123.00
13158.00
13185.00
13208.00
13164.00
13129.00
13152.00
13174.00
13169.00
13160.00
13124.00
13147.00
13200.00
13239.00
13241.00
13249.00
13302.00
13392.00
13455.00
13465.00
13523.00
13591.00
13690.00
13786.00
13844.00
13901.00
14008.00
14161.00
14284.00
14401.00
14459.00
14587.00
14750.00
14904.00
15017.00
15098.00
15190.00
15337.00
15457.00
15533.00
15583.00
15660.00
15786.00
15877.00
15936.00
15960.00
15998.00
16097.00
16181.00
16219.00
16231.00
16268.00
16305.00
16362.00
16378.00
16362.00
16356.00
16401.00
16462.00
16451.00
16411.00
16389.00
16416.00
16461.00
16436.00
16406.00
16386.00
16423.00
16486.00
16487.00
16430.00
16405.00
16414.00
16490.00
16489.00
16443.00
16421.00
16446.00
16508.00
16519.00
16502.00
16449.00
16463.00
16514.00
16520.00
16495.00
16465.00
16454.00
16516.00
16523.00
16495.00
16459.00
16456.00
16489.00
16523.00
16494.00
16444.00
16464.00
16509.00
16523.00
16516.00
16462.00
16476.00
16531.00
16555.00
16524.00
16493.00
16491.00
16520.00
16554.00
16541.00
16486.00
16474.00
16529.00
16559.00
16545.00
16502.00
16481.00
16521.00
16554.00
16545.00
16494.00
16480.00
16507.00
16557.00
16554.00
16514.00
16483.00
16520.00
16553.00
16547.00
16514.00
16466.00
16499.00
16562.00
16571.00
16513.00
16508.00
16535.00
16533.00
16552.00
16510.00
16461.00
16507.00
16540.00
16578.00
16513.00
16469.00
16497.00
16543.00
16559.00
16495.00
16470.00
16462.00
16536.00
16551.00
16517.00
16479.00
16469.00
16531.00
16535.00
16518.00
16461.00
16475.00
16502.00
16535.00
16489.00
16459.00
16482.00
16525.00
16532.00
16509.00
16454.00
16455.00
16481.00
16503.00
16479.00
16463.00
16415.00
16498.00
16509.00
16491.00
16436.00
16419.00
16441.00
16486.00
16433.00
16396.00
16410.00
16436.00
16446.00
16438.00
16390.00
16356.00
16394.00
16434.00
16446.00
16382.00
16372.00
16407.00
16456.00
16473.00
16447.00
16431.00
16442.00
16504.00
16522.00
16492.00
16485.00
16517.00
16547.00
16566.00
16548.00
16548.00
16558.00
16602.00
16612.00
16563.00
16547.00
16564.00
16608.00
16604.00
16573.00
16532.00
16575.00
16605.00
16639.00
16619.00
16567.00
16582.00
16616.00
16635.00
16616.00
16579.00
16592.00
16613.00
16638.00
16607.00
16537.00
16549.00
16597.00
16601.00
16589.00
16556.00
16576.00
16607.00
16655.00
16640.00
16605.00
16595.00
16629.00
16667.00
16653.00
16639.00
16629.00
16690.00
16720.00
16715.00
16681.00
16659.00
16690.00
16744.00
16742.00
16707.00
16689.00
16734.00
16778.00
16761.00
16715.00
16698.00
16711.00
16749.00
16756.00
16713.00
16678.00
16715.00
16770.00
16760.00
16697.00
16665.00
16680.00
16719.00
16727.00
16683.00
16650.00
16685.00
16738.00
16757.00
16713.00
16691.00
16694.00
16747.00
16749.00
16735.00
16706.00
16718.00
16748.00
16774.00
16724.00
16706.00
16733.00
16750.00
16792.00
16757.00
16707.00
16724.00
16722.00
16770.00
16746.00
16712.00
16719.00
16741.00
16787.00
16760.00
16724.00
16706.00
16745.00
16778.00
16774.00
16726.00
16736.00
16745.00
16770.00
16761.00
16729.00
16689.00
16748.00
16776.00
16767.00
16732.00
16727.00
16777.00
16784.00
16772.00
16728.00
16697.00
16725.00
16771.00
16772.00
16722.00
16731.00
16762.00
16807.00
16821.00
16768.00
16716.00
16760.00
16787.00
16788.00
16758.00
16706.00
16731.00
16759.00
16785.00
16750.00
16692.00
16721.00
16778.00
16771.00
16758.00
16703.00
16737.00
16776.00
16781.00
16770.00
16706.00
16736.00
16762.00
16798.00
16808.00
16733.00
16746.00
16768.00
16817.00
16803.00
16738.00
16762.00
16807.00
16819.00
16788.00
16762.00
16719.00
16750.00
16814.00
16765.00
16751.00
16735.00
16759.00
16784.00
16793.00
16738.00
16736.00
16774.00
16795.00
16776.00
16703.00
16716.00
16748.00
16773.00
16789.00
16745.00
16726.00
16755.00
16806.00
16787.00
16750.00
16705.00
16744.00
16788.00
16802.00
16759.00
16728.00
16747.00
16775.00
16776.00
16724.00
16693.00
16707.00
16760.00
16784.00
16735.00
16696.00
16712.00
16770.00
16785.00
16744.00
16712.00
16735.00
16769.00
16784.00
16739.00
16707.00
16721.00
16758.00
16804.00
16748.00
16696.00
16712.00
16754.00
16759.00
16760.00
16710.00
16743.00
16773.00
16815.00
16772.00
16721.00
16714.00
16774.00
16781.00
16752.00
16719.00
16696.00
16765.00
16810.00
16797.00
16728.00
16720.00
16764.00
16798.00
16785.00
16758.00
16737.00
16754.00
16811.00
16799.00
