15493.00
15526.00
15560.00
15588.00
15552.00
15525.00
15545.00
15581.00
15595.00
15547.00
15507.00
15530.00
15563.00
15573.00
15539.00
15510.00
15546.00
15591.00
15599.00
15579.00
15537.00
15538.00
15591.00
15582.00
15557.00
15531.00
15537.00
15571.00
15615.00
15575.00
15541.00
15554.00
15587.00
15590.00
15588.00
15546.00
15527.00
15585.00
15594.00
15563.00
15518.00
15531.00
15549.00
15568.00
15552.00
15520.00
15509.00
15541.00
15572.00
15560.00
15524.00
15523.00
15550.00
15583.00
15589.00
15547.00
15506.00
15555.00
15586.00
15569.00
15539.00
15535.00
15554.00
15602.00
15590.00
15552.00
15524.00
15538.00
15563.00
15583.00
15531.00
15525.00
15538.00
15573.00
15580.00
15559.00
15508.00
15529.00
15556.00
15562.00
15533.00
15512.00
15532.00
15557.00
15585.00
15560.00
15511.00
15531.00
15577.00
15577.00
15533.00
15520.00
15541.00
15577.00
15592.00
15560.00
15523.00
15530.00
15570.00
15597.00
15561.00
15517.00
15513.00
15553.00
15583.00
15560.00
15544.00
15526.00
15557.00
15588.00
15543.00
15486.00
15520.00
15543.00
15561.00
15558.00
15524.00
15527.00
15550.00
15587.00
15591.00
15549.00
15544.00
15571.00
15601.00
15582.00
15561.00
15535.00
15545.00
15598.00
15590.00
15554.00
15525.00
15564.00
15581.00
15575.00
15523.00
15516.00
15549.00
15556.00
15592.00
15543.00
15517.00
15527.00
15584.00
15574.00
15545.00
15524.00
15556.00
15577.00
15588.00
15569.00
15554.00
15561.00
15604.00
15618.00
15595.00
15544.00
15558.00
15597.00
15615.00
15576.00
15554.00
15556.00
15598.00
15598.00
15582.00
15540.00
15542.00
15576.00
15593.00
15581.00
15553.00
15551.00
15568.00
15588.00
15579.00
15558.00
15566.00
15600.00
15619.00
15594.00
15549.00
15533.00
15582.00
15606.00
15574.00
15545.00
15536.00
15579.00
15612.00
15591.00
15559.00
15544.00
15568.00
15598.00
15601.00
15541.00
15522.00
15573.00
15609.00
15601.00
15574.00
15553.00
15571.00
15605.00
15610.00
15572.00
15556.00
15569.00
15611.00
15620.00
15577.00
15555.00
15582.00
15598.00
15604.00
15575.00
15537.00
15558.00
15612.00
15604.00
15570.00
15551.00
15566.00
15619.00
15628.00
15584.00
15539.00
15558.00
15589.00
15600.00
15577.00
15553.00
15570.00
15609.00
15626.00
15595.00
15556.00
15571.00
15600.00
15608.00
15599.00
15538.00
15563.00
15607.00
15630.00
15611.00
15571.00
15556.00
15603.00
15631.00
15613.00
15548.00
15553.00
15586.00
15626.00
15602.00
15568.00
15579.00
15605.00
15621.00
15612.00
15556.00
15542.00
15585.00
15609.00
15585.00
15539.00
15522.00
15556.00
15608.00
15594.00
15564.00
15544.00
15560.00
15598.00
15598.00
15549.00
15564.00
15591.00
15615.00
15613.00
15584.00
15547.00
15567.00
15589.00
15601.00
15553.00
15533.00
15555.00
15626.00
15627.00
15587.00
15559.00
15571.00
15627.00
15610.00
15569.00
15557.00
15563.00
15637.00
15628.00
15571.00
15561.00
15553.00
15598.00
15611.00
15589.00
15557.00
15557.00
15621.00
15634.00
15603.00
15574.00
15581.00
15617.00
15651.00
15613.00
15564.00
15569.00
15588.00
15618.00
15592.00
15561.00
15590.00
15615.00
15641.00
15632.00
15583.00
15576.00
15607.00
15624.00
15621.00
15582.00
15578.00
15609.00
15655.00
15628.00
15581.00
15575.00
15598.00
15628.00
15627.00
15579.00
15568.00
15600.00
15651.00
15640.00
15603.00
15579.00
15599.00
15637.00
15643.00
15589.00
15574.00
15607.00
15637.00
15638.00
15596.00
15580.00
15590.00
15620.00
15640.00
15624.00
15585.00
15603.00
15635.00
15649.00
15610.00
15577.00
15584.00
15631.00
15617.00
15592.00
15575.00
15591.00
15607.00
15616.00
15608.00
15578.00
15580.00
15639.00
15642.00
15627.00
15595.00
15587.00
15624.00
15635.00
15612.00
15583.00
15585.00
15605.00
15626.00
15612.00
15576.00
15583.00
15608.00
15635.00
15622.00
15594.00
15556.00
15596.00
15632.00
15613.00
15587.00
15545.00
15601.00
15626.00
15618.00
15569.00
15542.00
15573.00
15625.00
15598.00
15579.00
15573.00
15594.00
15630.00
15624.00
15587.00
15552.00
15592.00
15624.00
15622.00
15587.00
15574.00
15580.00
15628.00
15644.00
15587.00
15579.00
15609.00
15636.00
15658.00
15602.00
15571.00
15589.00
15635.00
15631.00
15606.00
15567.00
15568.00
15622.00
15635.00
15599.00
15569.00
15585.00
15603.00
15632.00
15616.00
15573.00
15592.00
15615.00
15622.00
15602.00
15555.00
15582.00
15612.00
15631.00
15610.00
15599.00
15585.00
15611.00
15641.00
15620.00
15574.00
15587.00
15604.00
15643.00
15630.00
15579.00
15589.00
15610.00
15651.00
15626.00
15590.00
15562.00
15604.00
15641.00
15627.00
15580.00
15577.00
15589.00
15629.00
15638.00
15612.00
15591.00
15598.00
15652.00
15638.00
15591.00
15588.00
15593.00
15637.00
15634.00
15616.00
15567.00
15592.00
15640.00
15620.00
15600.00
15556.00
15585.00
15622.00
15633.00
15600.00
15573.00
15595.00
15636.00
15639.00
15606.00
15592.00
15601.00
15623.00
15627.00
15614.00
15582.00
15583.00
15643.00
15669.00
15640.00
15590.00
15602.00
15632.00
15671.00
15624.00
15584.00
15587.00
15631.00
15626.00
15628.00
15560.00
15588.00
15614.00
15645.00
15622.00
15575.00
15567.00
15604.00
15638.00
15628.00
15589.00
15602.00
15632.00
15639.00
15628.00
15572.00
15585.00
15596.00
15645.00
15614.00
15590.00
15579.00
15615.00
15659.00
15636.00
15615.00
15561.00
15621.00
15655.00
15655.00
15612.00
15594.00
15614.00
15647.00
15641.00
15619.00
15594.00
15614.00
15650.00
15652.00
15611.00
15564.00
15597.00
15648.00
15651.00
15606.00
15602.00
15592.00
15634.00
15647.00
15607.00
15585.00
15603.00
15638.00
15652.00
15639.00
15606.00
15616.00
15663.00
15678.00
15646.00
15598.00
15620.00
15659.00
15653.00
15636.00
15616.00
15629.00
15673.00
15698.00
15677.00
15621.00
15608.00
15643.00
15675.00
15654.00
15601.00
15606.00
15642.00
15681.00
15646.00
15620.00
15595.00
15641.00
15680.00
15656.00
15600.00
15590.00
15641.00
15680.00
15667.00
15611.00
15610.00
15628.00
15654.00
15646.00
15609.00
15577.00
15621.00
15668.00
15679.00
15626.00
15598.00
15629.00
15656.00
15665.00
15637.00
15610.00
15617.00
15662.00
15665.00
15629.00
15614.00
15625.00
15679.00
15683.00
15644.00
15599.00
15618.00
15669.00
15657.00
15606.00
15586.00
15615.00
15658.00
15673.00
15633.00
15594.00
15611.00
15636.00
15637.00
15608.00
15598.00
15613.00
15639.00
15671.00
15650.00
15597.00
15607.00
15623.00
15652.00
15620.00
15591.00
15579.00
15619.00
15667.00
15645.00
15605.00
15601.00
15633.00
15651.00
15655.00
15612.00
15581.00
15620.00
15640.00
15632.00
15594.00
15598.00
15617.00
15662.00
15655.00
15621.00
15603.00
15615.00
15641.00
15659.00
15628.00
15610.00
15614.00
15676.00
15649.00
15597.00
15588.00
15604.00
15660.00
15652.00
15627.00
15588.00
15616.00
15661.00
15652.00
15612.00
15583.00
15613.00
15644.00
15649.00
15618.00
15596.00
15604.00
15654.00
15665.00
15629.00
15585.00
15615.00
15652.00
15656.00
15614.00
15588.00
15610.00
15641.00
15672.00
15656.00
15615.00
15623.00
15655.00
15648.00
15648.00
15601.00
15605.00
15651.00
15671.00
15651.00
15628.00
15622.00
15657.00
15686.00
15645.00
15615.00
15607.00
15629.00
15651.00
15642.00
15595.00
15606.00
15641.00
15679.00
15671.00
15616.00
15600.00
15628.00
15657.00
15658.00
15579.00
15599.00
15619.00
15653.00
15664.00
15624.00
15621.00
15620.00
15662.00
15650.00
15632.00
15586.00
15621.00
15666.00
15668.00
15612.00
15606.00
15635.00
15679.00
15671.00
15635.00
15589.00
15624.00
15671.00
15685.00
15651.00
15619.00
15645.00
15680.00
15691.00
15656.00
15611.00
15613.00
15662.00
15673.00
15649.00
15612.00
15626.00
15676.00
15678.00
15660.00
15609.00
15629.00
15645.00
15674.00
15655.00
15623.00
15603.00
15621.00
15665.00
15640.00
15589.00
15584.00
15628.00
15650.00
15647.00
15588.00
15606.00
15624.00
15666.00
15638.00
15598.00
15592.00
15624.00
15658.00
15644.00
15613.00
15603.00
15617.00
15652.00
15656.00
15602.00
15573.00
15614.00
15624.00
15624.00
15595.00
15566.00
15594.00
15631.00
15630.00
15601.00
15576.00
15606.00
15637.00
15650.00
15590.00
15573.00
15590.00
15635.00
15638.00
15602.00
15576.00
15596.00
15621.00
15645.00
15614.00
15579.00
15601.00
15630.00
15661.00
15625.00
15596.00
15605.00
15641.00
15663.00
15624.00
15583.00
15578.00
15624.00
15634.00
15621.00
15568.00
15585.00
15625.00
15642.00
15625.00
15558.00
15581.00
15618.00
15643.00
15623.00
15583.00
15569.00
15594.00
15638.00
15624.00
15581.00
15586.00
15618.00
15649.00
15629.00
15567.00
15571.00
15608.00
15628.00
15630.00
15599.00
15593.00
15607.00
15629.00
15641.00
15587.00
15564.00
15598.00
15638.00
15623.00
15593.00
15572.00
15597.00
15628.00
15621.00
15601.00
15561.00
15608.00
15616.00
15620.00
15582.00
15562.00
15598.00
15655.00
15652.00
15614.00
15605.00
15628.00
15656.00
15649.00
15617.00
15580.00
15607.00
15657.00
15680.00
15632.00
15597.00
15615.00
15644.00
15656.00
15633.00
15583.00
15598.00
15627.00
15664.00
15643.00
15589.00
15613.00
15633.00
15656.00
15635.00
15592.00
15599.00
15654.00
15694.00
15661.00
15627.00
15623.00
15650.00
15669.00
15662.00
15608.00
15616.00
15642.00
15673.00
15652.00
15632.00
15618.00
15631.00
15673.00
15669.00
15615.00
15591.00
15636.00
15687.00
15671.00
15622.00
15604.00
15652.00
15688.00
15681.00
15637.00
15609.00
15644.00
15660.00
15664.00
15636.00
15614.00
15637.00
15666.00
15685.00
15637.00
15609.00
15626.00
15663.00
15674.00
15642.00
15598.00
15603.00
15671.00
15689.00
15660.00
15635.00
15636.00
15670.00
15682.00
15648.00
15596.00
15636.00
15665.00
15695.00
15663.00
15628.00
15641.00
15657.00
15681.00
15671.00
15621.00
15625.00
15655.00
15674.00
15664.00
15626.00
15630.00
15657.00
15679.00
15668.00
15616.00
15602.00
15655.00
15688.00
15659.00
15626.00
15609.00
15660.00
15697.00
15678.00
15618.00
15602.00
15646.00
15671.00
15670.00
15636.00
15615.00
15624.00
15697.00
15653.00
15639.00
15606.00
15639.00
15663.00
15641.00
15617.00
15602.00
15651.00
15684.00
15675.00
15615.00
15603.00
15613.00
15678.00
15651.00
15635.00
15608.00
15624.00
15670.00
15680.00
15645.00
15613.00
15630.00
15655.00
15677.00
15651.00
15586.00
15636.00
15670.00
15673.00
15667.00
15613.00
15627.00
15648.00
15679.00
15640.00
15605.00
15624.00
15660.00
15704.00
15682.00
15619.00
15637.00
15691.00
15695.00
15666.00
15633.00
15643.00
15677.00
15689.00
15675.00
15637.00
15647.00
15682.00
15698.00
15679.00
15636.00
15632.00
15669.00
15719.00
15689.00
15650.00
15656.00
15677.00
15705.00
15682.00
15669.00
15653.00
15661.00
15706.00
15698.00
15647.00
15638.00
15657.00
15714.00
15697.00
15651.00
15630.00
15644.00
15703.00
15708.00
15652.00
15638.00
15659.00
15700.00
15733.00
15683.00
15663.00
15677.00
15715.00
15715.00
15674.00
15643.00
15643.00
15713.00
15704.00
15671.00
15658.00
15673.00
15716.00
15719.00
15700.00
15644.00
15664.00
15700.00
15726.00
15688.00
15647.00
15678.00
15700.00
15716.00
15693.00
15660.00
15688.00
15692.00
15719.00
15701.00
15658.00
15646.00
15688.00
15727.00
15733.00
15691.00
15684.00
15698.00
15740.00
15708.00
15689.00
15655.00
15693.00
15716.00
15717.00
15671.00
15673.00
15692.00
15737.00
15709.00
15649.00
15636.00
15683.00
15690.00
15709.00
15655.00
15650.00
15674.00
15729.00
15702.00
15656.00
15642.00
15682.00
15717.00
15727.00
15690.00
15666.00
15686.00
15741.00
15719.00
15689.00
15651.00
15662.00
15714.00
15710.00
15655.00
15651.00
15679.00
15722.00
15730.00
15717.00
15647.00
15692.00
15719.00
15752.00
15710.00
15656.00
15678.00
15728.00
15748.00
15719.00
15688.00
15682.00
15716.00
15721.00
15711.00
15669.00
15670.00
15714.00
15719.00
15708.00
15669.00
15674.00
15726.00
15732.00
15726.00
15670.00
15655.00
15692.00
15715.00
15725.00
15671.00
15673.00
15693.00
15724.00
15715.00
15679.00
15660.00
15698.00
15733.00
15736.00
15698.00
15684.00
15711.00
15748.00
15735.00
15706.00
15674.00
15687.00
15705.00
15725.00
15702.00
15679.00
15698.00
15743.00
15735.00
15702.00
15654.00
15696.00
15738.00
15756.00
15714.00
15665.00
15678.00
15741.00
15748.00
15704.00
15671.00
15687.00
15725.00
15746.00
15689.00
15673.00
15687.00
15748.00
15747.00
15735.00
15678.00
15690.00
15734.00
15762.00
15722.00
15692.00
15717.00
15733.00
15757.00
15752.00
15725.00
15716.00
15761.00
15782.00
15782.00
15752.00
15739.00
15790.00
15777.00
15786.00
15764.00
15747.00
15785.00
15813.00
15802.00
15760.00
15761.00
15790.00
15834.00
15817.00
15772.00
15780.00
15824.00
15864.00
15864.00
15823.00
15819.00
15845.00
15876.00
15875.00
15868.00
15816.00
15841.00
15872.00
15878.00
15830.00
15818.00
15816.00
15848.00
15841.00
15795.00
15759.00
15773.00
15788.00
15797.00
15731.00
15701.00
15686.00
15714.00
15709.00
15663.00
15615.00
15590.00
15614.00
15621.00
15576.00
15518.00
15524.00
15541.00
15544.00
15502.00
15457.00
15462.00
15481.00
15523.00
15477.00
15457.00
15432.00
15477.00
15495.00
15480.00
15464.00
15458.00
15508.00
15532.00
15500.00
15492.00
15483.00
15539.00
15572.00
15549.00
15532.00
15487.00
15533.00
15578.00
15550.00
15536.00
15535.00
15547.00
15585.00
15587.00
15547.00
15509.00
15552.00
15572.00
15564.00
15542.00
15516.00
15532.00
15550.00
15587.00
15555.00
15515.00
15525.00
15564.00
15595.00
15553.00
15519.00
15546.00
15569.00
15585.00
15568.00
15534.00
15547.00
15566.00
15579.00
15566.00
15513.00
15532.00
15560.00
15572.00
15558.00
15531.00
15531.00
15560.00
15574.00
15548.00
15504.00
15490.00
15544.00
15547.00
15521.00
15512.00
15521.00
15519.00
15545.00
15517.00
15482.00
15469.00
15512.00
15532.00
15517.00
15466.00
15467.00
15512.00
15526.00
15510.00
15477.00
15481.00
15485.00
15515.00
15489.00
15478.00
15464.00
15483.00
15516.00
15513.00
15494.00
15448.00
15479.00
15505.00
15519.00
15494.00
15460.00
15496.00
15516.00
15518.00
15466.00
15444.00
15458.00
15481.00
15496.00
15472.00
15450.00
15466.00
15509.00
15517.00
15488.00
15468.00
15475.00
15510.00
15501.00
15488.00
15420.00
15459.00
15480.00
15520.00
15491.00
15470.00
15471.00
15486.00
15509.00
15512.00
15456.00
15466.00
15497.00
15528.00
15525.00
15462.00
15477.00
15501.00
15521.00
15488.00
15465.00
15431.00
15492.00
15515.00
15484.00
15467.00
15462.00
15499.00
15527.00
15501.00
15478.00
15449.00
15482.00
15506.00
15517.00
15458.00
15456.00
15495.00
15510.00
15504.00
15485.00
15470.00
15485.00
15525.00
15533.00
15507.00
15461.00
15473.00
15522.00
15537.00
15501.00
15467.00
15465.00
15505.00
15507.00
15498.00
15458.00
15479.00
15518.00
15532.00
15498.00
15469.00
15473.00
15517.00
15518.00
15502.00
15450.00
15461.00
15500.00
15505.00
15502.00
15455.00
15467.00
15503.00
15522.00
15494.00
15476.00
15466.00
15505.00
15514.00
15522.00
15474.00
15492.00
15512.00
15531.00
15525.00
15479.00
15471.00
15505.00
15508.00
15519.00
15476.00
15460.00
15486.00
15543.00
15533.00
15474.00
15460.00
15476.00
15527.00
15517.00
15492.00
15462.00
15511.00
15550.00
15545.00
15508.00
15486.00
15512.00
15530.00
15542.00
15514.00
15474.00
15499.00
15526.00
15515.00
15504.00
15445.00
15471.00
15508.00
15527.00
15518.00
15482.00
15483.00
15514.00
15520.00
15516.00
15495.00
15508.00
15527.00
15544.00
15531.00
15509.00
15516.00
15550.00
15539.00
15532.00
15504.00
15506.00
15542.00
15565.00
15559.00
15486.00
15492.00
15523.00
15548.00
15534.00
15498.00
15519.00
15537.00
15568.00
15524.00
15515.00
15496.00
15534.00
15549.00
15553.00
15494.00
15484.00
15522.00
15570.00
15553.00
15522.00
15503.00
15523.00
15539.00
15540.00
15531.00
15513.00
15521.00
15555.00
15549.00
15524.00
15499.00
15513.00
15546.00
15558.00
15523.00
15496.00
15514.00
15561.00
15581.00
15553.00
15527.00
15538.00
15577.00
15570.00
15555.00
15523.00
15528.00
15547.00
15571.00
15550.00
15522.00
15532.00
15558.00
15573.00
15542.00
15526.00
15515.00
15553.00
15563.00
15574.00
15526.00
15521.00
15555.00
15584.00
15557.00
15523.00
15530.00
15556.00
15587.00
15584.00
15530.00
15521.00
15584.00
15609.00
15588.00
15555.00
15552.00
15565.00
15587.00
15572.00
15566.00
15539.00
15587.00
15617.00
15610.00
15560.00
15538.00
15569.00
15602.00
15616.00
15567.00
15531.00
15573.00
15606.00
15624.00
15577.00
15562.00
15565.00
15608.00
15597.00
15583.00
15548.00
15564.00
15602.00
15603.00
15570.00
15551.00
15589.00
15615.00
15619.00
15604.00
15559.00
15596.00
15611.00
15627.00
15592.00
15562.00
15561.00
15608.00
15616.00
15605.00
15553.00
15560.00
15590.00
15614.00
15616.00
15548.00
15569.00
15594.00
15625.00
15602.00
15560.00
15573.00
15607.00
15614.00
15597.00
15557.00
15547.00
15586.00
15614.00
15612.00
15571.00
15567.00
15590.00
15616.00
15602.00
15584.00
15571.00
15575.00
15633.00
15614.00
15561.00
15568.00
15591.00
15627.00
15608.00
15597.00
15551.00
15591.00
15597.00
15634.00
15592.00
15565.00
15586.00
15611.00
15601.00
15597.00
15553.00
15571.00
15602.00
15641.00
15576.00
15558.00
15588.00
15622.00
15639.00
15590.00
15573.00
15561.00
15589.00
15614.00
15601.00
15563.00
15574.00
15598.00
15635.00
15623.00
15581.00
15581.00
15611.00
15635.00
15604.00
15578.00
15586.00
15589.00
15610.00
15620.00
15566.00
15565.00
15598.00
15621.00
15599.00
15561.00
15570.00
15601.00
15631.00
15640.00
15609.00
15583.00
15589.00
15629.00
15598.00
15562.00
15528.00
15548.00
15537.00
15531.00
15485.00
15447.00
15427.00
15419.00
15427.00
15340.00
15291.00
15274.00
15287.00
15255.00
15217.00
15146.00
15122.00
15148.00
15119.00
15055.00
14965.00
14964.00
14935.00
14931.00
14877.00
14806.00
14776.00
14784.00
14784.00
14736.00
14669.00
14628.00
14638.00
14615.00
14575.00
14499.00
14478.00
14492.00
14475.00
14437.00
14399.00
14372.00
14371.00
14382.00
14359.00
14305.00
14286.00
14313.00
14301.00
14307.00
14250.00
14238.00
14267.00
14275.00
14255.00
14212.00
14200.00
14212.00
14231.00
14227.00
14186.00
14161.00
14215.00
14243.00
14220.00
14180.00
14187.00
14188.00
14220.00
14218.00
14180.00
14146.00
14176.00
14210.00
14209.00
14176.00
14142.00
14164.00
14185.00
14203.00
14176.00
14136.00
14147.00
14210.00
14211.00
14174.00
14146.00
14125.00
14161.00
14175.00
14149.00
14131.00
14137.00
14167.00
14193.00
14177.00
14137.00
14142.00
14185.00
14197.00
14161.00
14134.00
14121.00
14143.00
14171.00
14166.00
14122.00
14120.00
14163.00
14177.00
14168.00
14136.00
14117.00
14128.00
14209.00
14180.00
14150.00
14138.00
14153.00
14220.00
14176.00
14147.00
14126.00
14143.00
14187.00
14182.00
14147.00
14147.00
14150.00
14188.00
14190.00
14153.00
14121.00
14134.00
14166.00
14180.00
14124.00
14104.00
14145.00
14204.00
14197.00
14161.00
14130.00
14133.00
14171.00
14184.00
14162.00
14118.00
14128.00
14164.00
14187.00
14151.00
14127.00
14126.00
14160.00
14181.00
14162.00
14108.00
14130.00
14179.00
14189.00
14163.00
14134.00
14122.00
14170.00
14194.00
14154.00
14118.00
14121.00
14148.00
14193.00
14159.00
14128.00
14124.00
14170.00
14171.00
14182.00
14133.00
14138.00
14141.00
14163.00
14170.00
14137.00
14120.00
14164.00
14187.00
14190.00
14143.00
14114.00
14129.00
14177.00
14153.00
14129.00
14101.00
14117.00
14158.00
14175.00
14138.00
14114.00
14134.00
14187.00
14198.00
14160.00
14146.00
14158.00
14197.00
14198.00
14155.00
14108.00
14139.00
14200.00
14178.00
14159.00
14122.00
14131.00
14178.00
14202.00
14161.00
14120.00
14139.00
14168.00
14181.00
14152.00
14125.00
14132.00
14162.00
14195.00
14162.00
14113.00
14135.00
14182.00
14200.00
14183.00
14139.00
14140.00
14198.00
14208.00
14206.00
14158.00
14149.00
14177.00
14205.00
14186.00
14124.00
14126.00
14166.00
14197.00
14192.00
14176.00
14147.00
14167.00
14212.00
14181.00
14148.00
14153.00
14152.00
14194.00
14192.00
14176.00
14180.00
14179.00
14227.00
14212.00
14190.00
14162.00
14168.00
14212.00
14218.00
14165.00
14158.00
14181.00
14218.00
14233.00
14183.00
14139.00
14155.00
14208.00
14219.00
14188.00
14148.00
14153.00
14185.00
14188.00
14171.00
14154.00
14154.00
14181.00
14194.00
14182.00
14126.00
14159.00
14210.00
14213.00
14207.00
14155.00
14164.00
14164.00
14208.00
14197.00
14145.00
14151.00
14186.00
14190.00
14189.00
14133.00
14167.00
14168.00
14192.00
14188.00
14157.00
14129.00
14162.00
14157.00
14181.00
14139.00
14137.00
14180.00
14195.00
14205.00
14163.00
14136.00
14181.00
14186.00
14224.00
14184.00
14151.00
14186.00
14206.00
14205.00
14177.00
14144.00
14168.00
14193.00
14207.00
14150.00
14175.00
14199.00
14222.00
14245.00
14201.00
14171.00
14175.00
14211.00
14195.00
14166.00
14125.00
14160.00
14185.00
14229.00
14180.00
14174.00
14173.00
14199.00
14207.00
14177.00
14148.00
14169.00
14192.00
14222.00
14185.00
14155.00
14131.00
14169.00
14200.00
14194.00
14142.00
14126.00
14171.00
14200.00
14196.00
14163.00
14164.00
14164.00
14195.00
14197.00
14147.00
14151.00
14151.00
14177.00
14185.00
14146.00
14143.00
14161.00
14211.00
14188.00
14162.00
14119.00
14160.00
14209.00
14191.00
14160.00
14148.00
14158.00
14183.00
14197.00
14173.00
14147.00
14160.00
14207.00
14203.00
14167.00
14149.00
14144.00
14179.00
14188.00
14174.00
14149.00
14157.00
14198.00
14207.00
14161.00
14138.00
14128.00
14181.00
14197.00
14192.00
14143.00
14168.00
14199.00
14237.00
14181.00
14143.00
14128.00
14180.00
14210.00
14187.00
14131.00
14155.00
14178.00
14197.00
14182.00
14129.00
14122.00
14157.00
14195.00
14196.00
14119.00
14124.00
14176.00
14186.00
14172.00
14144.00
14135.00
14143.00
14179.00
14167.00
14171.00
14140.00
14170.00
14201.00
14178.00
14154.00
14108.00
14166.00
14177.00
14188.00
14140.00
14169.00
14161.00
14189.00
14215.00
14163.00
14141.00
14146.00
14199.00
14207.00
14138.00
14107.00
14151.00
14187.00
14209.00
14159.00
14108.00
14121.00
14149.00
14188.00
14147.00
14098.00
14104.00
14139.00
14148.00
14118.00
14061.00
14067.00
14091.00
14078.00
14027.00
13986.00
13955.00
13976.00
13975.00
13966.00
13909.00
13894.00
13916.00
13928.00
13905.00
13824.00
13838.00
13824.00
13842.00
13821.00
13794.00
13777.00
13774.00
13805.00
13785.00
13722.00
13706.00
13717.00
13748.00
13743.00
13679.00
13657.00
13709.00
13721.00
13695.00
13674.00
13663.00
13656.00
13690.00
13702.00
13668.00
13639.00
13664.00
13691.00
13689.00
13658.00
13644.00
13660.00
13695.00
13679.00
13649.00
13630.00
13622.00
13686.00
13685.00
13648.00
13638.00
13642.00
13678.00
13665.00
13647.00
13614.00
13631.00
13673.00
13699.00
13675.00
13644.00
13657.00
13679.00
13692.00
13669.00
13623.00
13639.00
13669.00
13693.00
13676.00
13650.00
13639.00
13666.00
13688.00
13661.00
13631.00
13625.00
13654.00
13675.00
13666.00
13625.00
13628.00
13642.00
13662.00
13675.00
13612.00
13597.00
13644.00
13669.00
13679.00
13656.00
13645.00
13655.00
13699.00
13686.00
13638.00
13618.00
13654.00
13682.00
13685.00
13630.00
13644.00
13656.00
13677.00
13686.00
13630.00
13622.00
13626.00
13666.00
13674.00
13638.00
13607.00
13634.00
13656.00
13679.00
13676.00
13614.00
13651.00
13680.00
13691.00
13625.00
13627.00
13626.00
13670.00
13679.00
13663.00
13634.00
13654.00
13674.00
13690.00
13659.00
13630.00
13636.00
13658.00
13695.00
13676.00
13636.00
13623.00
13663.00
13689.00
13652.00
13636.00
13636.00
13666.00
13683.00
13664.00
13633.00
13626.00
13666.00
13696.00
13682.00
13632.00
13622.00
13645.00
13682.00
13681.00
13642.00
13636.00
13653.00
13686.00
13677.00
13652.00
13631.00
13648.00
13682.00
13663.00
13636.00
13631.00
13631.00
13671.00
13681.00
13653.00
13618.00
13625.00
13656.00
13652.00
13622.00
13604.00
13616.00
13672.00
13656.00
13648.00
13611.00
13628.00
13657.00
13634.00
13633.00
13586.00
13611.00
13632.00
13676.00
13630.00
13607.00
13626.00
13662.00
13683.00
13648.00
13604.00
13598.00
13637.00
13653.00
13639.00
13620.00
13609.00
13617.00
13655.00
13639.00
13584.00
13591.00
13606.00
13634.00
13614.00
13572.00
13571.00
13618.00
13635.00
13627.00
13593.00
13598.00
13611.00
13653.00
13634.00
13593.00
13586.00
13609.00
13642.00
13647.00
13603.00
13590.00
13613.00
13651.00
13630.00
13597.00
13576.00
13605.00
13655.00
13657.00
13609.00
13586.00
13628.00
13645.00
13650.00
13619.00
13586.00
13605.00
13623.00
13629.00
13594.00
13558.00
13600.00
13626.00
13642.00
13616.00
13580.00
13605.00
13620.00
13619.00
13601.00
13589.00
13579.00
13630.00
13623.00
13613.00
13575.00
13593.00
13602.00
13625.00
13627.00
13563.00
13571.00
13613.00
13631.00
13625.00
13592.00
13598.00
13619.00
13627.00
13610.00
13574.00
13559.00
13597.00
13617.00
13617.00
13581.00
13589.00
13629.00
13642.00
13632.00
13587.00
13573.00
13598.00
13636.00
13628.00
13570.00
13597.00
13583.00
13626.00
13617.00
13593.00
13560.00
13584.00
13609.00
13621.00
13591.00
13564.00
13583.00
13634.00
13634.00
13601.00
13574.00
13590.00
13642.00
13632.00
13620.00
13593.00
13607.00
13648.00
13649.00
13597.00
13581.00
13578.00
13622.00
13643.00
13615.00
13558.00
13579.00
13631.00
13617.00
13592.00
13598.00
13589.00
13632.00
13633.00
13603.00
13578.00
13581.00
13630.00
13639.00
13615.00
13577.00
13572.00
13605.00
13639.00
13619.00
13570.00
13591.00
13628.00
13648.00
13604.00
13565.00
13567.00
13593.00
13618.00
13590.00
13558.00
13550.00
13589.00
13631.00
13609.00
13569.00
13565.00
13580.00
13604.00
13617.00
13573.00
13548.00
13597.00
13608.00
13600.00
13586.00
13560.00
13571.00
13615.00
13619.00
13584.00
13561.00
13568.00
13599.00
13631.00
13603.00
13576.00
13583.00
13610.00
13621.00
13589.00
13551.00
13567.00
13611.00
13605.00
13577.00
13573.00
13580.00
13612.00
13632.00
13589.00
13555.00
13576.00
13611.00
13609.00
13596.00
13571.00
13576.00
13600.00
13639.00
13602.00
13553.00
13573.00
13602.00
13626.00
13604.00
13575.00
13557.00
13577.00
13605.00
13584.00
13541.00
13564.00
13597.00
13619.00
13589.00
13547.00
13555.00
13566.00
13615.00
13585.00
13554.00
13557.00
13569.00
13606.00
13581.00
13547.00
13559.00
13587.00
13609.00
13586.00
13541.00
13547.00
13585.00
13610.00
13599.00
13560.00
13534.00
13563.00
13593.00
13586.00
13561.00
13540.00
13551.00
13622.00
13616.00
13593.00
13570.00
13577.00
13614.00
13610.00
13603.00
13552.00
13564.00
13601.00
13610.00
13580.00
13548.00
13555.00
13582.00
13589.00
13576.00
13543.00
13569.00
13586.00
13590.00
13582.00
13548.00
13536.00
13574.00
13573.00
13557.00
13476.00
13496.00
13501.00
13531.00
13507.00
13459.00
13472.00
13487.00
13501.00
13462.00
13424.00
13423.00
13458.00
13467.00
13448.00
13383.00
13405.00
13428.00
13436.00
13433.00
13386.00
13380.00
13403.00
13426.00
13423.00
13365.00
13355.00
13389.00
13416.00
13420.00
13368.00
13336.00
13339.00
13374.00
13366.00
13338.00
13306.00
13331.00
13377.00
13394.00
13349.00
13323.00
13350.00
13384.00
13358.00
13330.00
13303.00
13322.00
13360.00
13376.00
13343.00
13306.00
13315.00
13369.00
13373.00
13337.00
13320.00
13330.00
13354.00
13360.00
13359.00
13322.00
13330.00
13337.00
13370.00
13352.00
13326.00
13325.00
13357.00
13385.00
13370.00
13321.00
13321.00
13344.00
13400.00
13369.00
13329.00
13317.00
13340.00
13391.00
13391.00
13340.00
13343.00
13364.00
13391.00
13362.00
13333.00
13322.00
13362.00
13380.00
13362.00
13333.00
13342.00
13349.00
13384.00
13359.00
13335.00
13328.00
13359.00
13393.00
13373.00
13352.00
13340.00
13384.00
13414.00
13390.00
13341.00
13350.00
13361.00
13390.00
13388.00
13382.00
13354.00
13369.00
13403.00
13409.00
13359.00
13334.00
13361.00
13406.00
13418.00
13364.00
13355.00
13365.00
13423.00
13416.00
13381.00
13346.00
13361.00
13401.00
13402.00
13375.00
13337.00
13377.00
13400.00
13400.00
13373.00
13348.00
13367.00
13382.00
13419.00
13382.00
13338.00
13366.00
13382.00
13383.00
13375.00
13368.00
13367.00
13410.00
13415.00
13379.00
13339.00
13366.00
13377.00
13400.00
13404.00
13358.00
13365.00
13390.00
13415.00
13421.00
13342.00
13368.00
13392.00
13417.00
13428.00
13376.00
13365.00
13389.00
13427.00
13399.00
13363.00
13361.00
13400.00
13425.00
13414.00
13377.00
13379.00
13394.00
13429.00
13423.00
13369.00
13368.00
13391.00
13412.00
13413.00
13350.00
13370.00
13383.00
13420.00
13434.00
13380.00
13358.00
13360.00
13407.00
13427.00
13390.00
13364.00
13379.00
13412.00
13415.00
13368.00
13362.00
13388.00
13401.00
13424.00
13399.00
13371.00
13371.00
13401.00
13420.00
13394.00
13347.00
13382.00
13407.00
13410.00
13390.00
13380.00
13377.00
13417.00
13433.00
13410.00
13381.00
13386.00
13405.00
13421.00
13400.00
13374.00
13389.00
13399.00
13420.00
13404.00
13388.00
13377.00
13403.00
13422.00
13415.00
13342.00
13363.00
13399.00
13419.00
13407.00
13381.00
13362.00
13388.00
13421.00
13389.00
13364.00
13347.00
13384.00
13416.00
13400.00
13370.00
13353.00
13374.00
13407.00
13391.00
13360.00
13356.00
13373.00
13409.00
13395.00
13356.00
13340.00
13374.00
13412.00
13394.00
13368.00
13344.00
13363.00
13382.00
13394.00
13359.00
13357.00
13375.00
13405.00
13414.00
13377.00
13349.00
13358.00
13394.00
13407.00
13394.00
13368.00
13372.00
13417.00
13425.00
13413.00
13378.00
13387.00
13418.00
13419.00
13394.00
13361.00
13360.00
13414.00
13433.00
13388.00
13361.00
13368.00
13406.00
13400.00
13392.00
13345.00
13355.00
13384.00
13427.00
13396.00
13360.00
13363.00
13393.00
13429.00
13396.00
13369.00
13359.00
13390.00
13411.00
13390.00
13353.00
13377.00
13394.00
13426.00
13392.00
13367.00
13372.00
13407.00
13427.00
13418.00
13382.00
13398.00
13424.00
13442.00
13431.00
13380.00
13364.00
13399.00
13432.00
13426.00
13384.00
13365.00
13388.00
13431.00
13424.00
13379.00
13367.00
13387.00
13414.00
13415.00
13398.00
13386.00
13375.00
13441.00
13426.00
13398.00
13384.00
13390.00
13423.00
13438.00
13394.00
13370.00
13385.00
13424.00
13443.00
13416.00
13380.00
13405.00
13422.00
13437.00
13415.00
13379.00
13401.00
13416.00
13427.00
13431.00
13397.00
13404.00
13422.00
13442.00
13424.00
13383.00
13385.00
13417.00
13429.00
13422.00
13378.00
13392.00
13407.00
13432.00
13423.00
13401.00
13387.00
13429.00
13458.00
13409.00
13395.00
13397.00
13423.00
13455.00
13454.00
13416.00
13403.00
13424.00
13440.00
13441.00
13400.00
13399.00
13437.00
13474.00
13452.00
13416.00
13403.00
13428.00
13455.00
13424.00
13389.00
13375.00
13407.00
13456.00
13434.00
13397.00
13380.00
13426.00
13438.00
13458.00
13403.00
13389.00
13410.00
13428.00
13439.00
13406.00
13402.00
13413.00
13439.00
13453.00
13413.00
13394.00
13392.00
13432.00
13439.00
13412.00
13371.00
13402.00
13444.00
13443.00
13419.00
13386.00
13398.00
13425.00
13432.00
13407.00
13395.00
13414.00
13446.00
13460.00
13441.00
13391.00
13415.00
13426.00
13462.00
13423.00
13398.00
13405.00
13437.00
13455.00
13441.00
13410.00
13420.00
13434.00
13456.00
13431.00
13395.00
13406.00
13436.00
13442.00
13420.00
13402.00
13381.00
13425.00
13443.00
13437.00
13400.00
13396.00
13417.00
13439.00
13423.00
13383.00
13406.00
13400.00
13440.00
13431.00
13390.00
13388.00
13422.00
13438.00
13427.00
13439.00
13401.00
13399.00
13443.00
13441.00
13401.00
13386.00
13425.00
13479.00
13470.00
13440.00
13419.00
13443.00
13495.00
13510.00
13492.00
13484.00
13499.00
13545.00
13565.00
13569.00
13542.00
13594.00
13640.00
13640.00
13619.00
13611.00
13656.00
13729.00
13751.00
13722.00
13715.00
13734.00
13785.00
13809.00
13790.00
13771.00
13805.00
13846.00
13857.00
13816.00
13791.00
13807.00
13828.00
13835.00
13804.00
13777.00
13808.00
13848.00
13847.00
13838.00
13796.00
13791.00
13841.00
13866.00
13837.00
13792.00
13824.00
13844.00
13883.00
13874.00
13831.00
13835.00
13873.00
13888.00
13897.00
13858.00
13863.00
13905.00
13943.00
13932.00
13919.00
13926.00
13979.00
14029.00
14013.00
13972.00
13996.00
14052.00
14098.00
14095.00
14078.00
14096.00
14129.00
14177.00
14185.00
14143.00
14134.00
14163.00
14213.00
14219.00
14200.00
14174.00
14191.00
14237.00
14228.00
14176.00
14190.00
14179.00
14225.00
14216.00
14176.00
14156.00
14180.00
14221.00
14231.00
14184.00
14153.00
14162.00
14208.00
14194.00
14180.00
14157.00
14183.00
14207.00
14212.00
14199.00
14136.00
14174.00
14187.00
14201.00
14175.00
14145.00
14183.00
14205.00
14233.00
14221.00
14174.00
14171.00
14212.00
14207.00
14190.00
14159.00
14177.00
14216.00
14245.00
14193.00
14179.00
14182.00
14196.00
14238.00
14200.00
14158.00
14193.00
14191.00
14224.00
14198.00
14163.00
14195.00
14232.00
14240.00
14219.00
14161.00
14184.00
14209.00
14247.00
14223.00
14175.00
14181.00
14226.00
14236.00
14230.00
14190.00
14181.00
14192.00
14226.00
14203.00
14174.00
14188.00
14203.00
14223.00
14211.00
14184.00
14175.00
14208.00
14219.00
14216.00
14185.00
14178.00
14202.00
14233.00
14217.00
14182.00
14177.00
14179.00
14231.00
14220.00
14179.00
14154.00
14184.00
14238.00
14225.00
14203.00
14184.00
14198.00
14236.00
14231.00
14195.00
14158.00
14179.00
14232.00
14238.00
14203.00
14161.00
14185.00
14222.00
14220.00
14199.00
14168.00
14209.00
14263.00
14270.00
14230.00
14194.00
14215.00
14246.00
14254.00
14227.00
14194.00
14194.00
14241.00
14236.00
14232.00
14176.00
14207.00
14231.00
14263.00
14223.00
14173.00
14186.00
14227.00
14244.00
14218.00
14191.00
14230.00
14266.00
14271.00
14231.00
14200.00
14192.00
14232.00
14231.00
14246.00
14202.00
14195.00
14230.00
14271.00
14253.00
14194.00
14186.00
14222.00
14243.00
14221.00
14190.00
14186.00
14236.00
14256.00
14256.00
14195.00
14184.00
14219.00
14239.00
14241.00
14178.00
14178.00
14199.00
14208.00
14216.00
14190.00
14176.00
14197.00
14206.00
14193.00
14172.00
14126.00
14161.00
14202.00
14175.00
14174.00
14151.00
14170.00
14199.00
14203.00
14165.00
14134.00
14166.00
14197.00
14193.00
14176.00
14147.00
14159.00
14186.00
14202.00
14150.00
14128.00
14134.00
14192.00
14204.00
14169.00
14149.00
14172.00
14196.00
14192.00
14186.00
14142.00
14165.00
14194.00
14202.00
14158.00
14147.00
14168.00
14188.00
14213.00
14218.00
14151.00
14165.00
14207.00
14220.00
14184.00
14177.00
14170.00
14179.00
14220.00
14205.00
14168.00
14205.00
14211.00
14238.00
14208.00
14175.00
14176.00
14206.00
14230.00
14218.00
14170.00
14171.00
14201.00
14239.00
14223.00
14181.00
14165.00
14204.00
14212.00
14193.00
14161.00
14169.00
14192.00
14243.00
14213.00
14175.00
14160.00
14190.00
14228.00
14201.00
14171.00
14130.00
14174.00
14223.00
14208.00
14173.00
14159.00
14155.00
14202.00
14200.00
14164.00
14161.00
14181.00
14202.00
14193.00
14168.00
14138.00
14181.00
14192.00
14200.00
14163.00
14158.00
14187.00
14225.00
14226.00
14190.00
14168.00
14166.00
14214.00
14212.00
14177.00
14151.00
14175.00
14231.00
14226.00
14181.00
14167.00
14170.00
14207.00
14216.00
14183.00
14158.00
14176.00
14226.00
14223.00
14208.00
14180.00
14194.00
14237.00
14222.00
14193.00
14184.00
14194.00
14222.00
14237.00
14211.00
14162.00
14170.00
14204.00
14208.00
14177.00
14163.00
14195.00
14215.00
14232.00
14211.00
14181.00
14200.00
14220.00
14224.00
14207.00
14173.00
14189.00
14211.00
14218.00
14206.00
14178.00
14191.00
14217.00
14237.00
14220.00
14183.00
14193.00
14202.00
14249.00
14225.00
14188.00
14177.00
14206.00
14241.00
14225.00
14189.00
14183.00
14200.00
14238.00
14231.00
14184.00
14197.00
14228.00
14253.00
14264.00
14209.00
14202.00
14218.00
14267.00
14240.00
14185.00
14182.00
14200.00
14260.00
14243.00
14210.00
14193.00
14227.00
14264.00
14246.00
14202.00
14197.00
14187.00
14242.00
14238.00
14226.00
14199.00
14223.00
14249.00
14254.00
14213.00
14195.00
14209.00
14227.00
14236.00
14196.00
14178.00
14210.00
14244.00
14257.00
14221.00
14189.00
14187.00
14236.00
14260.00
14223.00
14197.00
14207.00
14222.00
14222.00
14193.00
14174.00
14194.00
14244.00
14257.00
14238.00
14195.00
14208.00
14253.00
14250.00
14248.00
14189.00
14202.00
14245.00
14255.00
14243.00
14194.00
14206.00
14234.00
14254.00
14240.00
14196.00
14212.00
14233.00
14265.00
14244.00
14219.00
14218.00
14246.00
14286.00
14266.00
14238.00
14251.00
14289.00
14345.00
14342.00
14316.00
14347.00
14419.00
14466.00
14496.00
14509.00
14528.00
14600.00
14661.00
14694.00
14708.00
14751.00
14807.00
14888.00
14941.00
14954.00
14979.00
15050.00
15109.00
15139.00
15148.00
15177.00
15235.00
15304.00
15324.00
15329.00
15350.00
15406.00
15482.00
15503.00
15474.00
15479.00
15531.00
15560.00
15587.00
15577.00
15543.00
15598.00
15632.00
15619.00
15627.00
15595.00
15614.00
15652.00
15657.00
15618.00
15582.00
15606.00
15640.00
15646.00
15624.00
15599.00
15619.00
15654.00
15659.00
15639.00
15601.00
15619.00
15661.00
15648.00
15629.00
15602.00
15628.00
15682.00
15692.00
15660.00
15626.00
15634.00
15661.00
15667.00
15657.00
15625.00
15625.00
15676.00
15682.00
15670.00
15623.00
15645.00
15658.00
15686.00
15676.00
15630.00
15650.00
15682.00
15701.00
15660.00
15614.00
15621.00
15659.00
15679.00
15666.00
15617.00
15624.00
15670.00
15691.00
15674.00
15653.00
15630.00
15678.00
15680.00
15675.00
15661.00
15653.00
15674.00
15685.00
15684.00
15650.00
15638.00
15679.00
15690.00
15673.00
15640.00
15641.00
15656.00
15681.00
15692.00
15630.00
15627.00
15690.00
15697.00
15706.00
15662.00
15644.00
15658.00
15682.00
15659.00
15640.00
15637.00
15651.00
15677.00
15684.00
15639.00
15641.00
15666.00
15693.00
15683.00
15640.00
15627.00
15655.00
15708.00
15682.00
15674.00
15637.00
15681.00
15702.00
15704.00
15668.00
15640.00
15653.00
15672.00
15685.00
15650.00
15640.00
15642.00
15676.00
15671.00
15667.00
15654.00
15658.00
15673.00
15677.00
15645.00
15641.00
15661.00
15700.00
15698.00
15673.00
15641.00
15649.00
15696.00
15712.00
15670.00
15643.00
15664.00
15692.00
15695.00
15696.00
15660.00
15669.00
15691.00
15706.00
15671.00
15635.00
15643.00
15695.00
15713.00
15715.00
15671.00
15679.00
15697.00
15729.00
15702.00
15648.00
15659.00
15708.00
15723.00
15694.00
15664.00
15663.00
15701.00
15719.00
15715.00
15666.00
15660.00
15706.00
15721.00
15725.00
15701.00
15683.00
15725.00
15730.00
15719.00
15677.00
15696.00
15705.00
15738.00
15729.00
15699.00
15679.00
15704.00
15747.00
15727.00
15704.00
15692.00
15707.00
15720.00
15748.00
15727.00
15702.00
15722.00
15747.00
15745.00
15720.00
15705.00
15730.00
15735.00
15738.00
15714.00
15686.00
15715.00
15745.00
15749.00
15691.00
15700.00
15684.00
15742.00
15744.00
15703.00
15655.00
15706.00
15728.00
15742.00
15725.00
15681.00
15683.00
15719.00
15721.00
15713.00
15689.00
15695.00
15746.00
15737.00
15726.00
15702.00
15693.00
15720.00
15750.00
15729.00
15703.00
15699.00
15743.00
15776.00
15758.00
15716.00
15712.00
15743.00
15764.00
15749.00
15705.00
15728.00
15748.00
15779.00
15742.00
15698.00
15705.00
15741.00
15770.00
15753.00
15737.00
15702.00
15716.00
15747.00
15739.00
15708.00
15716.00
15749.00
15765.00
15744.00
15739.00
15704.00
15757.00
15745.00
15770.00
15714.00
15700.00
15738.00
15739.00
15758.00
15718.00
15698.00
15712.00
15723.00
15756.00
15682.00
15679.00
15666.00
15704.00
15727.00
15703.00
15678.00
15702.00
15697.00
15720.00
15696.00
15653.00
15667.00
15702.00
15740.00
15705.00
15686.00
15683.00
15724.00
15729.00
15681.00
15643.00
15662.00
15725.00
15722.00
15739.00
15695.00
15705.00
15731.00
15746.00
15727.00
15689.00
15669.00
15714.00
15725.00
15704.00
15671.00
15665.00
15687.00
15706.00
15716.00
15671.00
15675.00
15713.00
15708.00
15695.00
15657.00
15665.00
15701.00
15724.00
15712.00
15681.00
15691.00
15716.00
15738.00
15712.00
15677.00
15661.00
15714.00
15729.00
15712.00
15691.00
15690.00
15704.00
15723.00
15722.00
15706.00
15676.00
15717.00
15741.00
15736.00
15705.00
15687.00
15715.00
15736.00
15732.00
15689.00
15679.00
15703.00
15763.00
15728.00
15724.00
15711.00
15709.00
15732.00
15745.00
15701.00
15689.00
15715.00
15740.00
15747.00
15708.00
15719.00
15743.00
15765.00
15758.00
15749.00
15732.00
15746.00
15768.00
15772.00
15745.00
15715.00
15747.00
15764.00
15766.00
15757.00
15714.00
15732.00
15776.00
15767.00
15725.00
15692.00
15728.00
15762.00
15762.00
15750.00
15704.00
15712.00
15742.00
15750.00
15729.00
15690.00
15717.00
15734.00
15755.00
15757.00
15707.00
15718.00
15755.00
15748.00
15750.00
15704.00
15720.00
15748.00
15770.00
15765.00
15716.00
15729.00
15773.00
15798.00
15788.00
15721.00
15753.00
15776.00
15782.00
15779.00
15750.00
15751.00
15787.00
15823.00
15804.00
15784.00
15783.00
15775.00
15836.00
15842.00
15815.00
15826.00
15844.00
15896.00
15888.00
15832.00
15858.00
15854.00
15909.00
15893.00
15880.00
15849.00
15890.00
15930.00
15944.00
15920.00
15903.00
15938.00
15984.00
15974.00
15918.00
15894.00
15935.00
15967.00
15968.00
15924.00
15911.00
15921.00
15933.00
15921.00
15896.00
15848.00
15884.00
15904.00
15881.00
15864.00
15836.00
15862.00
15882.00
15878.00
15855.00
15792.00
15806.00
15853.00
15854.00
15829.00
15805.00
15830.00
15861.00
15885.00
15851.00
15830.00
15834.00
15868.00
15886.00
15866.00
15835.00
15831.00
15869.00
15898.00
15896.00
15866.00
15854.00
15871.00
15901.00
15875.00
15835.00
15836.00
15890.00
15908.00
15874.00
15854.00
15844.00
15866.00
15886.00
15866.00
15839.00
15827.00
15862.00
15879.00
15868.00
15840.00
15845.00
15873.00
15909.00
15880.00
15852.00
15837.00
15883.00
15921.00
15903.00
15880.00
15899.00
15927.00
15935.00
15946.00
15893.00
15898.00
15912.00
15929.00
15929.00
15924.00
15879.00
15909.00
15946.00
15970.00
15940.00
15910.00
15936.00
15955.00
15976.00
15942.00
15902.00
15941.00
15999.00
15974.00
15931.00
15904.00
15911.00
15959.00
15966.00
15938.00
15898.00
15955.00
15978.00
15989.00
15953.00
15934.00
15933.00
15968.00
15975.00
15958.00
15939.00
15937.00
15979.00
16009.00
15991.00
15947.00
15943.00
15989.00
16007.00
16006.00
15946.00
15958.00
15981.00
16005.00
15982.00
15950.00
15946.00
15986.00
16026.00
15994.00
15953.00
15967.00
15964.00
16007.00
16010.00
15968.00
15963.00
15983.00
16015.00
15999.00
15949.00
15939.00
15962.00
16024.00
16000.00
15992.00
15961.00
16006.00
16043.00
16028.00
15979.00
15970.00
16007.00
16012.00
15981.00
15974.00
15934.00
15961.00
15981.00
16031.00
15983.00
15968.00
15972.00
16008.00
16017.00
15971.00
15959.00
15979.00
16004.00
16019.00
15985.00
15969.00
15975.00
16033.00
16007.00
15988.00
15945.00
15979.00
16036.00
16027.00
16011.00
15987.00
15997.00
16027.00
16023.00
15989.00
15957.00
15961.00
16018.00
16020.00
15994.00
15964.00
15978.00
16026.00
16022.00
16005.00
15976.00
15969.00
16014.00
16012.00
16009.00
15963.00
15983.00
16008.00
16039.00
16007.00
15961.00
15975.00
16005.00
16040.00
16001.00
15978.00
15983.00
16006.00
16037.00
16006.00
15983.00
15977.00
16000.00
16035.00
16015.00
15973.00
15982.00
15985.00
16026.00
16031.00
16001.00
15978.00
16018.00
16021.00
16028.00
15988.00
15968.00
15986.00
16022.00
16039.00
15988.00
15978.00
16018.00
16044.00
16033.00
15970.00
15960.00
15973.00
16038.00
16031.00
16015.00
15961.00
15985.00
16036.00
16032.00
16023.00
15988.00
16027.00
16040.00
16044.00
16019.00
15970.00
16013.00
16040.00
16045.00
16012.00
15971.00
15988.00
16015.00
16040.00
16010.00
15981.00
15995.00
16046.00
16057.00
16014.00
15974.00
15984.00
16027.00
16055.00
16018.00
15980.00
15989.00
16023.00
16060.00
16057.00
15980.00
15985.00
16036.00
16029.00
16009.00
15965.00
15984.00
16028.00
16066.00
16044.00
15997.00
15989.00
16046.00
16063.00
16057.00
15992.00
16006.00
16029.00
16066.00
16044.00
16003.00
15991.00
16001.00
16052.00
16046.00
16028.00
15997.00
16018.00
16064.00
16049.00
15997.00
15992.00
16042.00
16071.00
16058.00
16029.00
16003.00
16027.00
16053.00
16070.00
16019.00
15994.00
15999.00
16048.00
16047.00
16022.00
15993.00
16022.00
16027.00
16029.00
15997.00
15985.00
16011.00
16042.00
16021.00
16009.00
15978.00
16002.00
16066.00
16066.00
16002.00
15999.00
15980.00
16052.00
16066.00
16026.00
15995.00
16014.00
16040.00
16067.00
16016.00
15996.00
15997.00
16044.00
16059.00
16023.00
15992.00
16004.00
16036.00
16060.00
16050.00
16001.00
15989.00
16011.00
16063.00
16034.00
15982.00
15980.00
16033.00
16051.00
16048.00
16003.00
15974.00
16001.00
16044.00
16025.00
15993.00
16004.00
16028.00
16060.00
16036.00
16021.00
15999.00
16031.00
16063.00
16042.00
16004.00
15985.00
16013.00
16068.00
16069.00
16027.00
16007.00
16011.00
16070.00
16051.00
16005.00
15997.00
16032.00
16051.00
16062.00
16032.00
16001.00
16000.00
16068.00
16053.00
16003.00
15972.00
15994.00
16031.00
16036.00
16013.00
15976.00
16007.00
16046.00
16055.00
16001.00
15984.00
