6397.00
6417.00
6409.00
6411.00
6407.00
6392.00
6408.00
6403.00
6396.00
6392.00
6416.00
6408.00
6410.00
6403.00
6383.00
6388.00
6403.00
6417.00
6407.00
6411.00
6407.00
6410.00
6410.00
6395.00
6382.00
6401.00
6397.00
6414.00
6405.00
6413.00
6410.00
6408.00
6407.00
6403.00
6400.00
6391.00
6397.00
6406.00
6399.00
6396.00
6401.00
6408.00
6407.00
6396.00
6384.00
6393.00
6402.00
6420.00
6412.00
6402.00
6400.00
6399.00
6414.00
6400.00
6392.00
6401.00
6387.00
6428.00
6418.00
6423.00
6414.00
6415.00
6414.00
6415.00
6413.00
6406.00
6405.00
6404.00
6418.00
6405.00
6412.00
6410.00
6427.00
6415.00
6392.00
6390.00
6406.00
6409.00
6405.00
6397.00
6415.00
6406.00
6420.00
6412.00
6407.00
6398.00
6405.00
6411.00
6410.00
6401.00
6389.00
6415.00
6417.00
6423.00
6415.00
6388.00
6395.00
6413.00
6413.00
6418.00
6409.00
6414.00
6421.00
6426.00
6419.00
6405.00
6408.00
6410.00
6425.00
6411.00
6406.00
6409.00
6407.00
6411.00
6421.00
6404.00
6416.00
6410.00
6417.00
6409.00
6415.00
6401.00
6420.00
6432.00
6439.00
6415.00
6400.00
6419.00
6420.00
6414.00
6402.00
6406.00
6398.00
6421.00
6423.00
6410.00
6411.00
6411.00
6417.00
6412.00
6413.00
6404.00
6412.00
6417.00
6432.00
6425.00
6401.00
6415.00
6404.00
6403.00
6415.00
6396.00
6408.00
6424.00
6427.00
6424.00
6401.00
6407.00
6406.00
6414.00
6422.00
6412.00
6400.00
6418.00
6419.00
6413.00
6417.00
6413.00
6415.00
6420.00
6429.00
6424.00
6407.00
6428.00
6416.00
