6253.00
6252.00
6263.00
6257.00
6246.00
6249.00
6261.00
6273.00
6256.00
6245.00
6263.00
6258.00
6262.00
6241.00
6240.00
6229.00
6260.00
6249.00
6261.00
6256.00
6260.00
6261.00
6265.00
6258.00
6241.00
6251.00
6255.00
6276.00
6255.00
6261.00
6257.00
6260.00
6266.00
6252.00
6247.00
6258.00
6252.00
6270.00
6252.00
6260.00
6254.00
6271.00
6267.00
6254.00
6239.00
6262.00
6256.00
6254.00
6257.00
6254.00
6256.00
6263.00
6246.00
6250.00
6235.00
6249.00
6266.00
6274.00
6269.00
6260.00
6262.00
6261.00
6264.00
6253.00
6241.00
6258.00
6255.00
6264.00
6255.00
6258.00
6263.00
6260.00
6254.00
6251.00
6243.00
6251.00
6256.00
6268.00
6251.00
6260.00
6253.00
6273.00
6265.00
6259.00
6250.00
6252.00
6257.00
6255.00
6247.00
6249.00
6251.00
6262.00
6260.00
6257.00
6239.00
6249.00
6246.00
6252.00
6255.00
6249.00
6259.00
6266.00
6265.00
6248.00
6252.00
6241.00
6241.00
6243.00
6254.00
6249.00
6250.00
6255.00
6264.00
6250.00
6256.00
6245.00
6255.00
6253.00
6253.00
6234.00
6239.00
6260.00
6265.00
6273.00
6260.00
6262.00
6268.00
6255.00
6267.00
6261.00
6244.00
6254.00
6262.00
6262.00
6260.00
6251.00
6270.00
6268.00
6252.00
6249.00
6259.00
6281.00
6264.00
6281.00
6251.00
6250.00
6265.00
6273.00
6265.00
6262.00
6254.00
6259.00
6279.00
6262.00
6253.00
6276.00
6272.00
6285.00
6256.00
6247.00
6249.00
6259.00
6278.00
6269.00
6268.00
6267.00
6262.00
6258.00
6261.00
6262.00
6243.00
6237.00
6262.00
6255.00
6248.00
6255.00
6263.00
6270.00
6259.00
6256.00
6248.00
6264.00
6265.00
6267.00
6259.00
6259.00
6275.00
6269.00
6258.00
6265.00
6256.00
6272.00
6262.00
6264.00
6265.00
6257.00
6270.00
6267.00
6270.00
6255.00
6253.00
6258.00
6257.00
6270.00
6265.00
6270.00
6282.00
6273.00
6272.00
6265.00
6266.00
6259.00
6265.00
6255.00
6263.00
6248.00
6268.00
6273.00
6262.00
6260.00
6260.00
6267.00
6257.00
6262.00
6256.00
6267.00
6271.00
6276.00
6267.00
6253.00
6255.00
6263.00
6267.00
6256.00
6255.00
6266.00
6268.00
6274.00
6279.00
6264.00
6262.00
6271.00
6271.00
6264.00
6257.00
6265.00
6272.00
6290.00
6274.00
6271.00
6273.00
6271.00
6276.00
6259.00
6256.00
6259.00
6254.00
6261.00
6263.00
6263.00
6258.00
6259.00
6255.00
6259.00
6255.00
6264.00
6286.00
6276.00
6265.00
6258.00
6259.00
6263.00
6261.00
6257.00
6255.00
6239.00
6255.00
6265.00
6272.00
6257.00
6256.00
6263.00
6258.00
6261.00
6252.00
6254.00
6255.00
6258.00
6273.00
6264.00
6267.00
6276.00
6274.00
6258.00
6267.00
6260.00
6251.00
6263.00
6268.00
6254.00
6250.00
6256.00
6250.00
6266.00
6242.00
6261.00
6256.00
6271.00
6275.00
6266.00
6256.00
6256.00
6267.00
6258.00
6256.00
6257.00
6253.00
6258.00
6260.00
6247.00
6270.00
6271.00
6261.00
6254.00
6240.00
6250.00
6260.00
6247.00
6262.00
6253.00
6262.00
6262.00
6280.00
6265.00
6271.00
6251.00
6258.00
6261.00
6260.00
6248.00
6252.00
6274.00
6271.00
6277.00
6266.00
6269.00
6259.00
6267.00
6278.00
6281.00
6263.00
6273.00
6275.00
6275.00
6259.00
6260.00
6271.00
6260.00
6259.00
6255.00
6268.00
6277.00
6284.00
6270.00
6250.00
6270.00
6265.00
6282.00
6261.00
6254.00
6259.00
6263.00
6274.00
6275.00
6265.00
6259.00
6265.00
6273.00
6261.00
6259.00
6234.00
6256.00
6273.00
6269.00
6266.00
6264.00
6262.00
6270.00
6262.00
6249.00
6258.00
6267.00
6276.00
6268.00
6269.00
6256.00
6265.00
6265.00
6259.00
6247.00
6257.00
6274.00
6276.00
6275.00
6264.00
6266.00
6275.00
6283.00
6265.00
6260.00
6256.00
6268.00
6266.00
6274.00
6268.00
6274.00
6271.00
6278.00
6276.00
6263.00
6261.00
6273.00
6280.00
6273.00
6251.00
6254.00
6277.00
6281.00
6263.00
6262.00
6241.00
6277.00
6281.00
6285.00
6262.00
6262.00
6265.00
6257.00
6258.00
6259.00
6251.00
6266.00
6272.00
6278.00
6267.00
6269.00
6269.00
6271.00
6273.00
6260.00
6261.00
6269.00
6286.00
6275.00
6272.00
6277.00
6269.00
6284.00
6281.00
6255.00
6263.00
6263.00
6277.00
6272.00
6269.00
6273.00
6281.00
6283.00
6277.00
6276.00
6266.00
6275.00
6274.00
6285.00
6273.00
6267.00
6279.00
6280.00
6281.00
6265.00
6267.00
6277.00
6291.00
6288.00
6284.00
6270.00
6278.00
6281.00
6292.00
6266.00
6261.00
6271.00
6277.00
6275.00
6280.00
6284.00
6273.00
6273.00
6276.00
6264.00
6261.00
6268.00
6276.00
6280.00
6273.00
6273.00
6275.00
6279.00
6280.00
6268.00
6262.00
6269.00
6270.00
6270.00
6263.00
6267.00
6269.00
6266.00
6280.00
6252.00
6253.00
6270.00
6259.00
6272.00
6273.00
6274.00
6281.00
6274.00
6268.00
6259.00
6243.00
6254.00
6251.00
6270.00
6263.00
6278.00
6269.00
6282.00
6278.00
6265.00
6266.00
6264.00
6263.00
6265.00
6271.00
6275.00
6277.00
6283.00
6257.00
6261.00
6260.00
6254.00
6256.00
6266.00
6266.00
6262.00
6269.00
6275.00
6266.00
6256.00
6272.00
6262.00
6274.00
6258.00
6266.00
6257.00
6268.00
6271.00
6281.00
6266.00
6268.00
6259.00
6267.00
6275.00
6272.00
6279.00
6272.00
6263.00
6275.00
6268.00
6271.00
6267.00
6267.00
6267.00
6260.00
6258.00
6272.00
6269.00
6261.00
6252.00
6243.00
6251.00
6266.00
6250.00
6250.00
6256.00
6274.00
6269.00
6264.00
6252.00
6244.00
6264.00
6269.00
6270.00
6260.00
6267.00
6272.00
6278.00
6280.00
6261.00
6262.00
6258.00
6278.00
6275.00
6279.00
6268.00
6277.00
6277.00
6286.00
6253.00
6265.00
6275.00
6260.00
6265.00
6273.00
6275.00
6285.00
6274.00
6273.00
6263.00
6253.00
6251.00
6270.00
6269.00
6259.00
6267.00
6268.00
6274.00
6269.00
6263.00
6266.00
6256.00
6279.00
6283.00
6269.00
6269.00
6275.00
6279.00
6270.00
6262.00
6257.00
6262.00
6281.00
6277.00
6278.00
6270.00
6278.00
6280.00
6285.00
6271.00
6261.00
6268.00
6272.00
6277.00
6274.00
6278.00
6280.00
6284.00
6266.00
6270.00
6260.00
6263.00
6263.00
6270.00
6278.00
6270.00
6280.00
6280.00
6273.00
6264.00
6252.00
6266.00
6277.00
6271.00
6286.00
6273.00
6273.00
6273.00
6264.00
6265.00
6270.00
6268.00
6271.00
6280.00
6279.00
6268.00
6283.00
6290.00
6273.00
6264.00
6256.00
6268.00
6263.00
6285.00
6270.00
6274.00
6283.00
6278.00
6282.00
6268.00
6271.00
6269.00
6270.00
6269.00
6260.00
6268.00
6275.00
6291.00
6292.00
6272.00
6280.00
6279.00
6284.00
6276.00
6271.00
6275.00
6285.00
6293.00
6268.00
6268.00
6271.00
6279.00
6270.00
6267.00
6261.00
6276.00
6280.00
6288.00
6276.00
6271.00
6274.00
6266.00
6273.00
6280.00
6275.00
6287.00
6286.00
6294.00
6278.00
6279.00
6269.00
6267.00
6270.00
6274.00
6268.00
6281.00
6281.00
6288.00
6290.00
6275.00
6275.00
6283.00
6280.00
6270.00
6268.00
6274.00
6275.00
6277.00
6286.00
6272.00
6256.00
6266.00
6268.00
6263.00
6264.00
6275.00
6287.00
6273.00
6272.00
6275.00
6270.00
6266.00
6265.00
6262.00
6262.00
6257.00
6274.00
6278.00
6268.00
6271.00
6271.00
6268.00
6282.00
6277.00
6269.00
6267.00
6267.00
6271.00
6269.00
6252.00
6281.00
6278.00
6280.00
6278.00
6261.00
6279.00
6279.00
6282.00
6278.00
6266.00
6288.00
6286.00
6283.00
6281.00
6273.00
6259.00
6271.00
6276.00
6280.00
6275.00
6281.00
6289.00
6289.00
6276.00
6263.00
6271.00
6280.00
6277.00
6287.00
6274.00
6289.00
6292.00
6293.00
6278.00
6277.00
6278.00
6278.00
6282.00
6273.00
6271.00
6274.00
6283.00
6274.00
6273.00
6279.00
6273.00
6283.00
6283.00
6274.00
6279.00
6276.00
6271.00
6287.00
6276.00
6267.00
6270.00
6266.00
6268.00
6278.00
6278.00
6286.00
6296.00
6289.00
6280.00
6273.00
6274.00
6280.00
6273.00
6273.00
6274.00
6284.00
6287.00
6294.00
6275.00
6270.00
6277.00
6289.00
6279.00
6266.00
6267.00
6275.00
6272.00
6288.00
6286.00
6276.00
6271.00
6279.00
6283.00
6271.00
6278.00
6261.00
6277.00
6286.00
6279.00
6280.00
6278.00
6272.00
6274.00
6267.00
6265.00
6276.00
6285.00
6296.00
6279.00
6272.00
6284.00
6278.00
6276.00
6263.00
6274.00
6282.00
6291.00
6288.00
6279.00
6283.00
6269.00
6272.00
6272.00
6277.00
6272.00
6262.00
6284.00
6267.00
6285.00
6281.00
6285.00
6294.00
6289.00
6288.00
6271.00
6269.00
6292.00
6286.00
6276.00
6273.00
6287.00
6282.00
6277.00
6273.00
6270.00
6275.00
6280.00
6292.00
6278.00
6273.00
6274.00
6283.00
6287.00
6278.00
6267.00
6274.00
6278.00
6299.00
6271.00
6264.00
6276.00
6284.00
6283.00
6276.00
6270.00
6287.00
6292.00
6279.00
6271.00
6282.00
6285.00
6283.00
6281.00
6269.00
6278.00
6279.00
6285.00
6288.00
6268.00
6257.00
6284.00
6280.00
6277.00
6278.00
6252.00
6269.00
6282.00
6286.00
6287.00
6278.00
6276.00
6280.00
6284.00
6278.00
6273.00
6273.00
6284.00
6274.00
6281.00
6274.00
6272.00
6286.00
6271.00
6272.00
6278.00
6269.00
6270.00
6294.00
6287.00
6279.00
6276.00
6292.00
6283.00
6267.00
6263.00
6275.00
6292.00
6278.00
6289.00
6280.00
6291.00
6297.00
6286.00
6276.00
6275.00
6270.00
6274.00
6291.00
6287.00
6287.00
6289.00
6295.00
6290.00
6280.00
6270.00
6277.00
6275.00
6278.00
6263.00
6280.00
6290.00
6287.00
6288.00
6278.00
6276.00
6273.00
6291.00
6289.00
6271.00
6283.00
6282.00
6282.00
6279.00
6284.00
6274.00
6273.00
6285.00
6288.00
6271.00
6269.00
6275.00
6269.00
6278.00
6266.00
6283.00
6276.00
6287.00
6272.00
6279.00
6289.00
6286.00
6285.00
6293.00
6282.00
6272.00
6275.00
6293.00
6277.00
6258.00
6269.00
6266.00
6284.00
6292.00
6285.00
6277.00
6272.00
6272.00
6273.00
6274.00
6258.00
6273.00
6296.00
6294.00
6279.00
6272.00
6273.00
6290.00
6266.00
6268.00
6265.00
6264.00
6272.00
6266.00
6254.00
6265.00
6287.00
6279.00
6276.00
6270.00
6261.00
6270.00
6285.00
6283.00
6284.00
6277.00
6275.00
6279.00
6274.00
6265.00
6259.00
6267.00
6266.00
6277.00
6271.00
6273.00
6268.00
6270.00
6269.00
6258.00
6272.00
6262.00
6280.00
6282.00
6270.00
6267.00
6275.00
6273.00
6274.00
6258.00
6254.00
6265.00
6260.00
6271.00
6263.00
6261.00
6278.00
6272.00
6273.00
6265.00
6257.00
6278.00
6256.00
6274.00
6278.00
6275.00
6264.00
6275.00
6274.00
6255.00
6257.00
6260.00
6277.00
6273.00
6273.00
6270.00
6273.00
6272.00
6265.00
6255.00
6259.00
6267.00
6262.00
6284.00
6272.00
6272.00
6271.00
6273.00
6272.00
6257.00
6275.00
6264.00
6278.00
6274.00
6281.00
6275.00
6273.00
6280.00
6264.00
6260.00
6263.00
6282.00
6278.00
6277.00
6265.00
6280.00
6277.00
6280.00
6266.00
6263.00
6253.00
6276.00
6285.00
6285.00
6264.00
6283.00
6277.00
6272.00
6273.00
6262.00
6258.00
6268.00
6279.00
6275.00
6277.00
6268.00
6265.00
6276.00
6279.00
6271.00
6265.00
6282.00
6271.00
6264.00
6259.00
6281.00
6271.00
6265.00
6279.00
6261.00
6266.00
6275.00
6276.00
6262.00
6262.00
6270.00
6273.00
6282.00
6282.00
6257.00
6257.00
6266.00
6265.00
6273.00
6276.00
6281.00
6282.00
6288.00
6283.00
6255.00
6272.00
6269.00
6277.00
6285.00
6284.00
6287.00
6287.00
6274.00
6268.00
6283.00
6270.00
6273.00
6282.00
6278.00
6276.00
6265.00
6285.00
6282.00
6285.00
6273.00
6276.00
6279.00
6286.00
6275.00
6267.00
6278.00
6279.00
6279.00
6265.00
6264.00
6260.00
6276.00
6285.00
6279.00
6263.00
6287.00
6279.00
6288.00
6280.00
6268.00
6274.00
6273.00
6276.00
6278.00
6280.00
6280.00
6289.00
6288.00
6283.00
6266.00
6274.00
6281.00
6282.00
6263.00
6263.00
6281.00
6284.00
6297.00
6285.00
6280.00
6269.00
6276.00
6280.00
6271.00
6283.00
6278.00
6288.00
6290.00
6288.00
6270.00
6283.00
6288.00
6280.00
6288.00
6284.00
6294.00
6286.00
6295.00
6283.00
6284.00
6281.00
6282.00
6283.00
6272.00
6277.00
6290.00
6294.00
6294.00
6287.00
6284.00
6280.00
6284.00
6272.00
6275.00
6271.00
6272.00
6292.00
6296.00
6289.00
6273.00
6283.00
6289.00
6273.00
6271.00
6268.00
6266.00
6280.00
6281.00
6275.00
6276.00
6277.00
6283.00
6282.00
6265.00
6282.00
6281.00
6286.00
6278.00
6281.00
6269.00
6277.00
6270.00
6282.00
6270.00
6272.00
6289.00
6291.00
6291.00
6277.00
6276.00
6281.00
6291.00
6282.00
6284.00
6278.00
6281.00
6302.00
6302.00
6300.00
6289.00
6274.00
6283.00
6290.00
6279.00
6276.00
6263.00
6261.00
6284.00
6290.00
6287.00
6278.00
6290.00
6289.00
6286.00
6288.00
6272.00
6290.00
6301.00
6285.00
6287.00
6290.00
6282.00
6287.00
6287.00
6266.00
6281.00
6273.00
6285.00
6296.00
6297.00
6280.00
6287.00
6288.00
6286.00
6266.00
6271.00
6281.00
6289.00
6300.00
6294.00
6300.00
6282.00
6295.00
6285.00
6274.00
6262.00
6285.00
6291.00
6291.00
6287.00
6284.00
6296.00
6302.00
6293.00
6288.00
6287.00
6302.00
6293.00
6307.00
6295.00
6288.00
6291.00
6294.00
6289.00
6282.00
6275.00
6286.00
6285.00
6287.00
6297.00
6287.00
6297.00
6304.00
6288.00
6279.00
6269.00
6300.00
6306.00
6292.00
6290.00
6289.00
6305.00
6296.00
6288.00
6288.00
6277.00
6280.00
6287.00
6284.00
6292.00
6285.00
6288.00
6295.00
6291.00
6286.00
6288.00
6279.00
6291.00
6285.00
6277.00
6291.00
6289.00
6288.00
6280.00
6291.00
6274.00
6298.00
6309.00
6294.00
6292.00
6292.00
6298.00
6297.00
6295.00
6274.00
6277.00
6287.00
6297.00
6295.00
6295.00
6303.00
6311.00
6289.00
6295.00
6286.00
6285.00
6292.00
6289.00
6299.00
6287.00
6296.00
6301.00
6306.00
6298.00
6290.00
6307.00
6283.00
6294.00
6288.00
6291.00
6281.00
6293.00
6311.00
6307.00
6292.00
6286.00
6276.00
6292.00
6276.00
6289.00
6293.00
6293.00
6291.00
6294.00
6291.00
6301.00
6292.00
6288.00
6286.00
6280.00
6297.00
6300.00
6290.00
6292.00
6287.00
6291.00
6294.00
6296.00
6292.00
6280.00
6287.00
6310.00
6311.00
6295.00
6292.00
6280.00
6298.00
6302.00
6290.00
6279.00
6294.00
6304.00
6289.00
6293.00
6286.00
6289.00
6280.00
6287.00
6288.00
6298.00
6298.00
6300.00
6300.00
6288.00
6278.00
6283.00
6288.00
6286.00
6280.00
6283.00
6297.00
6291.00
6279.00
6291.00
6281.00
6286.00
6288.00
6286.00
6274.00
6271.00
6274.00
6292.00
6291.00
6294.00
6270.00
6282.00
6279.00
6294.00
6280.00
6271.00
6278.00
6289.00
6287.00
6301.00
6289.00
6280.00
6287.00
6281.00
6296.00
6280.00
6288.00
6299.00
6313.00
6298.00
6288.00
6280.00
6294.00
6288.00
6287.00
6275.00
6280.00
6292.00
6303.00
6303.00
6293.00
6275.00
6300.00
6290.00
6273.00
6289.00
6281.00
6300.00
6302.00
6281.00
6290.00
6287.00
6294.00
6288.00
6276.00
6272.00
6271.00
6287.00
6285.00
6285.00
6292.00
6285.00
6291.00
6293.00
6276.00
6288.00
6290.00
6306.00
6306.00
6289.00
6279.00
6285.00
6282.00
6292.00
6281.00
6272.00
6285.00
6292.00
6285.00
6285.00
6288.00
6281.00
6289.00
6287.00
6279.00
6267.00
6277.00
6285.00
6304.00
6295.00
6286.00
6286.00
6299.00
6279.00
6296.00
6282.00
6289.00
6291.00
6284.00
6298.00
6286.00
6287.00
6286.00
6293.00
6298.00
6281.00
6275.00
6295.00
6294.00
6294.00
6286.00
6290.00
6294.00
6295.00
6299.00
6277.00
6288.00
6287.00
6301.00
6294.00
6293.00
6297.00
6301.00
6294.00
6285.00
6276.00
6280.00
6302.00
6303.00
6290.00
6293.00
6292.00
6294.00
6307.00
6280.00
6279.00
6279.00
6284.00
6299.00
6285.00
6288.00
6301.00
6297.00
6303.00
6288.00
6295.00
6286.00
6302.00
6287.00
6305.00
6288.00
6278.00
6278.00
6269.00
6287.00
6266.00
6277.00
6298.00
6298.00
6299.00
6301.00
6300.00
6292.00
6295.00
6293.00
6286.00
6286.00
6286.00
6290.00
6305.00
6302.00
6297.00
6300.00
6308.00
6290.00
6294.00
6274.00
6297.00
6295.00
6295.00
6281.00
6279.00
6305.00
6293.00
6292.00
6289.00
6284.00
6291.00
6291.00
6292.00
6282.00
6293.00
6296.00
6301.00
6282.00
6282.00
6284.00
6280.00
6284.00
6286.00
6287.00
6294.00
6295.00
6302.00
6291.00
6274.00
6279.00
6267.00
6305.00
6295.00
6289.00
6288.00
6294.00
6296.00
6289.00
6281.00
6266.00
6275.00
6284.00
6270.00
6285.00
6267.00
6284.00
6290.00
6283.00
6278.00
6277.00
6277.00
6294.00
6271.00
6278.00
6273.00
6284.00
6291.00
6278.00
6280.00
6280.00
6279.00
6274.00
6270.00
6266.00
6270.00
6295.00
6296.00
6289.00
6280.00
6268.00
6264.00
6271.00
6270.00
6272.00
6280.00
6280.00
6291.00
6292.00
6279.00
6271.00
6289.00
6291.00
6289.00
6284.00
6274.00
6281.00
6279.00
6284.00
6277.00
6278.00
6265.00
6276.00
6267.00
6253.00
6254.00
6268.00
6270.00
6273.00
6243.00
6245.00
6258.00
6259.00
6246.00
6231.00
6238.00
6256.00
6269.00
6271.00
6254.00
6251.00
6248.00
6251.00
6255.00
6245.00
6246.00
6257.00
6265.00
6263.00
6252.00
6252.00
6249.00
6244.00
6244.00
6240.00
6237.00
6247.00
6258.00
6251.00
6253.00
6249.00
6256.00
6260.00
6242.00
6241.00
6235.00
6240.00
6243.00
6258.00
6247.00
6254.00
6262.00
6245.00
6249.00
6241.00
6260.00
6264.00
6272.00
6266.00
6252.00
6252.00
6249.00
6258.00
6251.00
6249.00
6243.00
6234.00
6251.00
6258.00
6249.00
6259.00
6252.00
6260.00
6244.00
6239.00
6253.00
6248.00
6256.00
6262.00
6268.00
6247.00
6244.00
6258.00
6259.00
6239.00
6242.00
6260.00
6245.00
6239.00
6248.00
6247.00
6259.00
6258.00
6238.00
6234.00
6244.00
6251.00
6257.00
6258.00
6255.00
6247.00
6255.00
6251.00
6255.00
6241.00
6239.00
6249.00
6255.00
6252.00
6260.00
6252.00
6252.00
6264.00
6253.00
6239.00
6241.00
6256.00
6241.00
6253.00
6243.00
6241.00
6251.00
6253.00
6254.00
6242.00
6240.00
6242.00
6254.00
6247.00
6244.00
6241.00
6265.00
6260.00
6257.00
6251.00
6224.00
6245.00
6259.00
6256.00
6254.00
6252.00
6249.00
6250.00
6253.00
6239.00
6238.00
6236.00
6258.00
6257.00
6257.00
6257.00
6250.00
6249.00
6250.00
6233.00
6239.00
6234.00
6250.00
6244.00
6254.00
6251.00
6254.00
6264.00
6252.00
6251.00
6247.00
6263.00
6252.00
6242.00
6235.00
6239.00
6245.00
6245.00
6249.00
6239.00
6240.00
6242.00
6239.00
6258.00
6253.00
6252.00
6245.00
6256.00
6248.00
6235.00
6240.00
6228.00
6238.00
6241.00
6238.00
6257.00
6257.00
6258.00
6244.00
6250.00
6244.00
6241.00
6263.00
6239.00
6235.00
6247.00
6250.00
6253.00
6254.00
6251.00
6248.00
6239.00
6251.00
6234.00
6248.00
6240.00
6243.00
6260.00
6252.00
6235.00
6230.00
6244.00
6245.00
6242.00
6229.00
6254.00
6250.00
6255.00
6238.00
6245.00
6246.00
6240.00
6241.00
6243.00
6224.00
6246.00
6248.00
6251.00
6244.00
6241.00
6241.00
6248.00
6244.00
6237.00
6253.00
6243.00
6256.00
6249.00
6254.00
6255.00
6225.00
6244.00
6247.00
6246.00
6240.00
6242.00
6255.00
6257.00
6257.00
6246.00
6251.00
6247.00
6243.00
6246.00
6254.00
6233.00
6239.00
6263.00
6247.00
6248.00
6243.00
6237.00
6245.00
6242.00
6241.00
6248.00
6248.00
6257.00
6248.00
6239.00
6237.00
6228.00
6245.00
6231.00
6239.00
6236.00
6236.00
6250.00
6257.00
6236.00
6243.00
6245.00
6245.00
6236.00
6236.00
6230.00
6235.00
6250.00
6252.00
6230.00
6234.00
6234.00
6241.00
6235.00
6238.00
6229.00
6243.00
6237.00
6247.00
6237.00
6219.00
6242.00
6219.00
6243.00
6235.00
6238.00
6246.00
6244.00
6241.00
6245.00
6216.00
6233.00
6231.00
6236.00
6233.00
6234.00
6229.00
6254.00
6249.00
6226.00
6229.00
6237.00
6249.00
6244.00
6226.00
6240.00
6237.00
6243.00
6254.00
6239.00
6235.00
6239.00
6238.00
6233.00
6235.00
6220.00
6221.00
6243.00
6248.00
6244.00
6235.00
6225.00
6239.00
6249.00
6240.00
6236.00
6239.00
6241.00
6245.00
6231.00
6225.00
6222.00
6226.00
6238.00
6238.00
6225.00
6243.00
6243.00
6238.00
6247.00
6230.00
6237.00
6231.00
6242.00
6213.00
6219.00
6236.00
6246.00
6239.00
6232.00
6235.00
6233.00
6229.00
6225.00
6217.00
6216.00
6222.00
6228.00
6230.00
6230.00
6223.00
6232.00
6234.00
6224.00
6230.00
6228.00
6236.00
6249.00
6242.00
6231.00
6230.00
6232.00
6240.00
6233.00
6233.00
6221.00
6229.00
6244.00
6233.00
6234.00
6226.00
6233.00
6251.00
6238.00
6230.00
6237.00
6228.00
6248.00
6250.00
6240.00
6236.00
6234.00
6230.00
6237.00
6219.00
6231.00
6228.00
6238.00
6253.00
6229.00
6233.00
6232.00
6241.00
6249.00
6241.00
6231.00
6246.00
6241.00
6244.00
6224.00
6233.00
6229.00
6229.00
6228.00
6224.00
6229.00
6242.00
6240.00
6243.00
6230.00
6216.00
6221.00
6222.00
6225.00
6214.00
6216.00
6237.00
6242.00
6230.00
6237.00
6216.00
6214.00
6229.00
6222.00
6215.00
6213.00
6226.00
6232.00
6237.00
6222.00
6220.00
6211.00
6213.00
6212.00
6213.00
6202.00
6206.00
6213.00
6230.00
6195.00
6206.00
6197.00
6204.00
6198.00
6195.00
6184.00
6200.00
6205.00
6202.00
6199.00
6182.00
6180.00
6181.00
6191.00
6171.00
6187.00
6170.00
6187.00
6185.00
6175.00
6176.00
6157.00
6173.00
6165.00
6161.00
6143.00
6155.00
6170.00
6167.00
6151.00
6158.00
6160.00
6150.00
6154.00
6157.00
6145.00
6153.00
6156.00
6151.00
6151.00
6154.00
6145.00
6143.00
6147.00
6134.00
6132.00
6154.00
6147.00
6162.00
6146.00
6146.00
6150.00
6137.00
6137.00
6142.00
6134.00
6144.00
6153.00
6152.00
6147.00
6148.00
6131.00
6149.00
6150.00
6141.00
6137.00
6134.00
6145.00
6156.00
6154.00
6153.00
6151.00
6142.00
6163.00
6152.00
6141.00
6127.00
6156.00
6163.00
6170.00
6151.00
6148.00
6154.00
6154.00
6140.00
6140.00
6145.00
6151.00
6176.00
6165.00
6155.00
6152.00
6154.00
6156.00
6149.00
6139.00
6141.00
6147.00
6163.00
6161.00
6148.00
6151.00
6146.00
6164.00
6163.00
6161.00
6157.00
6149.00
6161.00
6160.00
6161.00
6163.00
6157.00
6164.00
6162.00
6165.00
6146.00
6160.00
6156.00
6154.00
6152.00
6155.00
6163.00
6165.00
6170.00
6151.00
6142.00
6151.00
6150.00
6164.00
6165.00
6161.00
6167.00
6166.00
6161.00
6150.00
6148.00
6152.00
6174.00
6153.00
6155.00
6164.00
6168.00
6157.00
6155.00
6159.00
6151.00
6144.00
6146.00
6150.00
6149.00
6143.00
6157.00
6168.00
6154.00
6151.00
6153.00
6159.00
6147.00
6152.00
6147.00
6152.00
6169.00
6182.00
6162.00
6159.00
6152.00
6159.00
6139.00
6155.00
6148.00
6154.00
6173.00
6170.00
6158.00
6161.00
6156.00
6160.00
6162.00
6155.00
6157.00
6146.00
6162.00
6167.00
6160.00
6161.00
6154.00
6148.00
6158.00
6165.00
6146.00
6146.00
6144.00
6164.00
6162.00
6158.00
6156.00
6153.00
6158.00
6156.00
6138.00
6140.00
6137.00
6157.00
6150.00
6157.00
6154.00
6155.00
6148.00
6153.00
6139.00
6159.00
6152.00
6161.00
6168.00
6165.00
6153.00
6149.00
6157.00
6165.00
6156.00
6143.00
6147.00
6165.00
6169.00
6159.00
6167.00
6151.00
6164.00
6158.00
6158.00
6151.00
6139.00
6165.00
6158.00
6149.00
6156.00
6162.00
6169.00
6158.00
6155.00
6152.00
6158.00
6160.00
6145.00
6154.00
6154.00
6163.00
6168.00
6153.00
6148.00
6159.00
6163.00
6173.00
6159.00
6167.00
6156.00
6153.00
6167.00
6163.00
6162.00
6150.00
6162.00
6163.00
6165.00
6171.00
6167.00
6158.00
6174.00
6157.00
6149.00
6152.00
6150.00
6167.00
6163.00
6158.00
6163.00
6163.00
6166.00
6164.00
6160.00
6170.00
6163.00
6148.00
6156.00
6137.00
6143.00
6168.00
6169.00
6169.00
6157.00
6158.00
6150.00
6159.00
6151.00
6154.00
6160.00
6168.00
6161.00
6158.00
6150.00
6161.00
6157.00
6152.00
6151.00
6153.00
6148.00
6160.00
6161.00
6164.00
6155.00
6150.00
6143.00
6157.00
6160.00
6138.00
6154.00
6160.00
6138.00
6154.00
6140.00
6150.00
6161.00
6149.00
6145.00
6155.00
6139.00
6154.00
6161.00
6173.00
6169.00
6159.00
6152.00
6169.00
6165.00
6156.00
6169.00
6168.00
6163.00
6162.00
6150.00
6143.00
6144.00
6164.00
6167.00
6159.00
6148.00
6152.00
6175.00
6173.00
6159.00
6158.00
6143.00
6154.00
6149.00
6155.00
6155.00
6151.00
6165.00
6163.00
6161.00
6155.00
6163.00
6160.00
6162.00
6154.00
6136.00
6154.00
6173.00
6167.00
6161.00
6158.00
6163.00
6165.00
6168.00
6168.00
6158.00
6172.00
6173.00
6172.00
6170.00
6163.00
6142.00
6153.00
6170.00
6172.00
6151.00
6160.00
6169.00
6168.00
6154.00
6160.00
6156.00
6140.00
6156.00
6153.00
6154.00
6163.00
6171.00
6181.00
6160.00
6153.00
6161.00
6168.00
6153.00
6171.00
6153.00
6155.00
6180.00
6158.00
6162.00
6171.00
6161.00
6168.00
6171.00
6165.00
6156.00
6156.00
6161.00
6178.00
6160.00
6161.00
6168.00
6159.00
6156.00
6170.00
6159.00
6161.00
6162.00
6172.00
6167.00
6164.00
6152.00
6166.00
6173.00
6162.00
6165.00
6165.00
6165.00
6168.00
6156.00
6145.00
6170.00
6154.00
6157.00
6171.00
6166.00
6165.00
6178.00
6176.00
6174.00
6156.00
6158.00
6168.00
6158.00
6153.00
6150.00
6145.00
6163.00
6160.00
6159.00
6161.00
6153.00
6157.00
6163.00
6165.00
6160.00
6158.00
6171.00
6159.00
6150.00
6146.00
6144.00
6151.00
6146.00
6149.00
6147.00
6148.00
6159.00
6131.00
6146.00
6130.00
6137.00
6137.00
6134.00
6110.00
6123.00
6126.00
6126.00
6120.00
6119.00
6107.00
6107.00
6093.00
6101.00
6100.00
6074.00
6073.00
6098.00
6083.00
6095.00
6082.00
6084.00
6073.00
6066.00
6071.00
6062.00
6074.00
6089.00
6088.00
6084.00
6078.00
6069.00
6065.00
6082.00
6072.00
6061.00
6072.00
6075.00
6090.00
6079.00
6077.00
6069.00
6080.00
6067.00
6059.00
6069.00
6056.00
6056.00
6070.00
6076.00
6056.00
6068.00
6067.00
6076.00
6072.00
6053.00
6065.00
6067.00
6056.00
6057.00
6072.00
6074.00
6066.00
6065.00
6075.00
6058.00
6053.00
6061.00
6062.00
6069.00
6072.00
6075.00
6080.00
6087.00
6063.00
6075.00
6072.00
6074.00
6066.00
6070.00
6065.00
6070.00
6086.00
6075.00
6077.00
6081.00
6071.00
6076.00
6066.00
6072.00
6067.00
6076.00
6067.00
6064.00
6054.00
6060.00
6066.00
6067.00
6058.00
6063.00
6062.00
6077.00
6064.00
6078.00
6079.00
6058.00
6047.00
6073.00
6065.00
6076.00
6059.00
6058.00
6058.00
6074.00
6061.00
6047.00
6047.00
6050.00
6055.00
6055.00
6063.00
6069.00
6072.00
6063.00
6056.00
6051.00
6052.00
6059.00
6061.00
6060.00
6059.00
6064.00
6068.00
6078.00
6068.00
6061.00
6069.00
6075.00
6075.00
6057.00
6059.00
6060.00
6070.00
6078.00
6070.00
6065.00
6058.00
6070.00
6041.00
6071.00
6070.00
6059.00
6072.00
6055.00
6068.00
6055.00
6052.00
6057.00
6062.00
6068.00
6067.00
6066.00
6073.00
6072.00
6062.00
6055.00
6050.00
6063.00
6057.00
6068.00
6047.00
6059.00
6074.00
6067.00
6063.00
6067.00
6067.00
6069.00
6053.00
6068.00
6053.00
6063.00
6054.00
6067.00
6080.00
6066.00
6068.00
6068.00
6065.00
6058.00
6051.00
6045.00
6079.00
6074.00
6056.00
6061.00
6051.00
6048.00
6053.00
6049.00
6055.00
6044.00
6067.00
6075.00
6071.00
6052.00
6050.00
6046.00
6061.00
6044.00
6072.00
6052.00
6071.00
6084.00
6068.00
6069.00
6061.00
6070.00
6065.00
6074.00
6052.00
6056.00
6071.00
6070.00
6073.00
6073.00
6070.00
6072.00
6075.00
6075.00
6066.00
6064.00
6060.00
6082.00
6084.00
6076.00
6070.00
6069.00
6076.00
6076.00
6067.00
6051.00
6070.00
6070.00
6086.00
6072.00
6081.00
6077.00
6072.00
6066.00
6069.00
6058.00
6077.00
6078.00
6076.00
6080.00
6068.00
6081.00
6080.00
6068.00
6067.00
6058.00
6066.00
6072.00
6064.00
6069.00
6077.00
6090.00
6091.00
6086.00
6073.00
6072.00
6086.00
6084.00
6077.00
6080.00
6080.00
6078.00
6086.00
6077.00
6063.00
6068.00
6079.00
6090.00
6082.00
6088.00
6087.00
6081.00
6073.00
6078.00
6074.00
6071.00
6081.00
6078.00
6076.00
6072.00
6065.00
6081.00
6084.00
6088.00
6071.00
6070.00
6073.00
6085.00
6075.00
6066.00
6073.00
6084.00
6082.00
6090.00
6084.00
6084.00
6079.00
6086.00
6084.00
6085.00
6072.00
6093.00
6088.00
6074.00
6075.00
6068.00
6075.00
6087.00
6079.00
6074.00
6090.00
6086.00
6089.00
6091.00
6084.00
6067.00
6080.00
6060.00
6088.00
6077.00
6072.00
6084.00
6089.00
6081.00
6070.00
6079.00
6074.00
6077.00
6081.00
6074.00
6074.00
6093.00
6076.00
6087.00
6074.00
6080.00
6086.00
6070.00
6072.00
6086.00
6084.00
6078.00
6079.00
6098.00
6082.00
6064.00
6076.00
6072.00
6083.00
6086.00
6079.00
6098.00
6087.00
6090.00
6091.00
6085.00
6087.00
6077.00
6076.00
6087.00
6084.00
6084.00
6082.00
6080.00
6085.00
6068.00
6079.00
6073.00
6081.00
6085.00
6092.00
6097.00
6095.00
6103.00
6076.00
6087.00
6088.00
6079.00
6079.00
6080.00
6088.00
6094.00
6107.00
6097.00
6091.00
6094.00
6090.00
6087.00
6097.00
6090.00
6098.00
6094.00
6098.00
6088.00
6086.00
6090.00
6108.00
6085.00
6090.00
6091.00
6096.00
6084.00
6097.00
6097.00
6099.00
6091.00
6093.00
6100.00
6085.00
6096.00
6095.00
6082.00
6106.00
6101.00
6095.00
6114.00
6094.00
6092.00
6094.00
6085.00
6094.00
6099.00
6095.00
6107.00
6081.00
6081.00
6091.00
6082.00
6099.00
6097.00
6096.00
6097.00
6100.00
6087.00
6097.00
6079.00
6085.00
6108.00
6092.00
6080.00
6087.00
6086.00
6084.00
6078.00
6089.00
6070.00
6087.00
6084.00
6082.00
6076.00
6088.00
6085.00
6094.00
6097.00
6081.00
6079.00
6087.00
6082.00
6079.00
6084.00
6084.00
6075.00
6084.00
6090.00
6095.00
6090.00
6092.00
6101.00
6109.00
6086.00
6115.00
6117.00
6132.00
6112.00
6117.00
6116.00
6122.00
6118.00
6117.00
6117.00
6129.00
6138.00
6140.00
6152.00
6148.00
6138.00
6140.00
6152.00
6151.00
6138.00
6143.00
6151.00
6152.00
6167.00
6163.00
6167.00
6160.00
6174.00
6168.00
6170.00
6165.00
6163.00
6173.00
6177.00
6182.00
6192.00
6194.00
6201.00
6196.00
6200.00
6182.00
6178.00
6198.00
6210.00
6203.00
6201.00
6197.00
6198.00
6215.00
6209.00
6200.00
6194.00
6207.00
6222.00
6218.00
6214.00
6216.00
6220.00
6221.00
6209.00
6198.00
6205.00
6213.00
6224.00
6217.00
6207.00
6233.00
6220.00
6226.00
6219.00
6215.00
6195.00
6214.00
6221.00
6223.00
6228.00
6207.00
6230.00
6219.00
6214.00
6217.00
6211.00
6217.00
6215.00
6227.00
6217.00
6223.00
6216.00
6216.00
6218.00
6199.00
6200.00
6213.00
6225.00
6221.00
6221.00
6219.00
6227.00
6226.00
6205.00
6211.00
6212.00
6211.00
6237.00
6234.00
6228.00
6241.00
6231.00
6230.00
6221.00
6226.00
6216.00
6211.00
6223.00
6218.00
6215.00
6236.00
6234.00
6233.00
6220.00
6228.00
6220.00
6223.00
6235.00
6224.00
6223.00
6230.00
6230.00
6230.00
6231.00
6221.00
6216.00
6218.00
6240.00
6230.00
6237.00
6220.00
6234.00
6232.00
6236.00
6229.00
6216.00
6226.00
6244.00
6234.00
6232.00
6227.00
6232.00
6238.00
6229.00
6224.00
6213.00
6209.00
6226.00
6224.00
6228.00
6241.00
6227.00
6218.00
6240.00
6225.00
6228.00
6221.00
6217.00
6224.00
6238.00
6223.00
6235.00
6232.00
6231.00
6225.00
6204.00
6227.00
6239.00
6236.00
6211.00
6234.00
6236.00
6247.00
6225.00
6228.00
6227.00
6230.00
6233.00
6232.00
6228.00
6225.00
6211.00
6240.00
6227.00
6212.00
6222.00
6224.00
6222.00
6222.00
6221.00
6226.00
6232.00
6235.00
6241.00
6225.00
6233.00
6235.00
6240.00
6218.00
6216.00
6215.00
6237.00
6238.00
6231.00
6234.00
6223.00
6236.00
6230.00
6231.00
6225.00
6232.00
6248.00
6241.00
6242.00
6231.00
6227.00
6231.00
6240.00
6221.00
6235.00
6237.00
6248.00
6246.00
6244.00
6226.00
6234.00
6225.00
6234.00
6229.00
6222.00
6241.00
6243.00
6244.00
6248.00
6238.00
6235.00
6224.00
6232.00
6231.00
6230.00
6217.00
6230.00
6228.00
6235.00
6230.00
6230.00
6230.00
6231.00
6223.00
6241.00
6227.00
6229.00
6240.00
6226.00
6217.00
6222.00
6227.00
6240.00
6228.00
6236.00
6235.00
6235.00
6244.00
6234.00
6231.00
6214.00
6230.00
6222.00
6241.00
6221.00
6218.00
6231.00
6228.00
6235.00
6237.00
6235.00
6231.00
6236.00
6243.00
6226.00
6232.00
6220.00
6230.00
6229.00
6220.00
6229.00
6233.00
6233.00
6236.00
6222.00
6223.00
6221.00
6234.00
6234.00
6233.00
6233.00
6218.00
6236.00
6223.00
6224.00
6220.00
6232.00
6235.00
6242.00
6239.00
6236.00
6230.00
6237.00
6229.00
6221.00
6213.00
6218.00
6229.00
6234.00
6227.00
6234.00
6234.00
6238.00
6233.00
6240.00
6236.00
6223.00
6226.00
6241.00
6225.00
6214.00
6239.00
6241.00
6235.00
6233.00
6250.00
6230.00
6232.00
6242.00
6240.00
6232.00
6244.00
6243.00
6247.00
6243.00
6235.00
6233.00
6234.00
6237.00
6232.00
6240.00
6249.00
6245.00
6254.00
6245.00
6238.00
6234.00
6240.00
6237.00
6253.00
6238.00
6248.00
6248.00
6256.00
6251.00
6233.00
6250.00
6238.00
6238.00
6235.00
6225.00
6240.00
6244.00
6254.00
6244.00
6240.00
6236.00
6231.00
6237.00
6247.00
6252.00
6245.00
6260.00
6247.00
6245.00
6235.00
6245.00
6240.00
6245.00
6239.00
6238.00
6245.00
6256.00
6236.00
6247.00
6242.00
6246.00
6238.00
6237.00
6244.00
6239.00
6228.00
6247.00
6259.00
6242.00
6257.00
6235.00
6252.00
6241.00
6268.00
6242.00
6245.00
6232.00
6233.00
6257.00
6246.00
6255.00
6246.00
6257.00
6246.00
6230.00
6237.00
6243.00
6255.00
6262.00
6248.00
6234.00
6242.00
6249.00
6241.00
6236.00
6235.00
6237.00
6248.00
6259.00
6254.00
6244.00
6257.00
6251.00
6250.00
6234.00
6241.00
6224.00
6260.00
6239.00
6241.00
6232.00
6252.00
6251.00
6253.00
6252.00
6251.00
6252.00
6251.00
6261.00
6252.00
6244.00
6254.00
6263.00
6258.00
6248.00
6247.00
6243.00
6250.00
6254.00
6270.00
6260.00
6253.00
6259.00
6258.00
6239.00
6236.00
6244.00
6246.00
6256.00
6241.00
6245.00
6259.00
6268.00
6263.00
6253.00
6247.00
6255.00
6253.00
6262.00
6260.00
6259.00
6256.00
6274.00
6273.00
6275.00
6268.00
6254.00
6264.00
6269.00
6260.00
6260.00
6264.00
6275.00
6259.00
6274.00
6268.00
6279.00
6281.00
6269.00
6288.00
6273.00
6293.00
6295.00
6287.00
6277.00
6267.00
6292.00
6296.00
6281.00
6284.00
6286.00
6311.00
6311.00
6314.00
6304.00
6295.00
6291.00
6302.00
6302.00
6295.00
6285.00
6288.00
6298.00
6315.00
6314.00
6314.00
6299.00
6300.00
6303.00
6300.00
6289.00
6303.00
6314.00
6309.00
6310.00
6305.00
6302.00
6313.00
6317.00
6298.00
6322.00
6318.00
6323.00
6311.00
6308.00
6307.00
6298.00
6303.00
6304.00
6308.00
6301.00
6311.00
6317.00
6319.00
6309.00
6310.00
6315.00
6303.00
6325.00
6306.00
6293.00
6318.00
6321.00
6328.00
6317.00
6313.00
6314.00
6323.00
6307.00
6306.00
6304.00
6315.00
6329.00
6329.00
6330.00
6322.00
6319.00
6313.00
6315.00
6316.00
6312.00
6310.00
6330.00
6318.00
6312.00
6304.00
6311.00
6311.00
6310.00
6303.00
6307.00
6303.00
6316.00
6306.00
6306.00
6300.00
6303.00
6317.00
6305.00
6308.00
6298.00
6321.00
6315.00
6327.00
6325.00
6310.00
6308.00
6316.00
6313.00
6317.00
6306.00
6308.00
6324.00
6331.00
6326.00
6334.00
6317.00
6336.00
6330.00
6326.00
6309.00
6314.00
6324.00
6318.00
6338.00
6322.00
6322.00
6318.00
6328.00
6324.00
6307.00
6317.00
6334.00
6324.00
6321.00
6320.00
6320.00
6315.00
6310.00
6316.00
6328.00
6325.00
6321.00
6317.00
6331.00
6317.00
6320.00
6322.00
6320.00
6318.00
6307.00
6310.00
6314.00
6332.00
6325.00
6323.00
6318.00
6324.00
6324.00
6324.00
6313.00
6309.00
6316.00
6327.00
6322.00
6319.00
6324.00
6320.00
6321.00
6320.00
6329.00
6315.00
6328.00
6334.00
6333.00
6323.00
6322.00
6330.00
6338.00
6323.00
6321.00
6302.00
6321.00
6325.00
6336.00
6331.00
6331.00
6324.00
6326.00
6337.00
6325.00
6317.00
6316.00
6329.00
6341.00
6335.00
6324.00
6329.00
6338.00
6326.00
6324.00
6313.00
6326.00
6331.00
6321.00
6321.00
6321.00
6319.00
6325.00
6316.00
6319.00
6315.00
6302.00
6331.00
6327.00
6339.00
6330.00
6326.00
6327.00
6317.00
6296.00
6323.00
6309.00
6317.00
6335.00
6325.00
6324.00
6330.00
6340.00
6342.00
6329.00
6317.00
6318.00
6325.00
6324.00
6327.00
6318.00
6325.00
6332.00
6328.00
6330.00
6317.00
6314.00
6320.00
6332.00
6319.00
6311.00
6325.00
6343.00
6331.00
6326.00
6314.00
6304.00
6335.00
6320.00
6334.00
6325.00
6331.00
6338.00
6332.00
6327.00
6337.00
6318.00
6328.00
6338.00
6320.00
6319.00
6327.00
6333.00
6315.00
6333.00
6313.00
6311.00
6328.00
6323.00
6332.00
6326.00
6321.00
6334.00
6340.00
6337.00
6318.00
6327.00
6322.00
6345.00
6331.00
6310.00
6333.00
6325.00
6334.00
6334.00
6321.00
6325.00
6326.00
6323.00
6320.00
6324.00
6329.00
6344.00
6339.00
6346.00
6333.00
6322.00
6328.00
6327.00
6317.00
6313.00
6310.00
6328.00
6336.00
6329.00
6306.00
6323.00
6313.00
6324.00
6317.00
6309.00
6310.00
6327.00
6323.00
6330.00
6335.00
6320.00
6332.00
6336.00
6332.00
6314.00
6311.00
6320.00
6330.00
6315.00
6326.00
6314.00
6327.00
6324.00
6322.00
6321.00
6316.00
6320.00
6334.00
6332.00
6333.00
6311.00
6314.00
6333.00
6319.00
6313.00
6296.00
6307.00
6333.00
6325.00
6326.00
6321.00
6320.00
6325.00
6315.00
6315.00
6310.00
6330.00
6323.00
6324.00
6323.00
6318.00
6321.00
6327.00
6320.00
6314.00
6316.00
6329.00
6316.00
6315.00
6300.00
6309.00
6332.00
6330.00
6313.00
6302.00
6303.00
6301.00
6322.00
6322.00
6305.00
6318.00
6318.00
6317.00
6318.00
6311.00
6307.00
6299.00
6303.00
6303.00
6309.00
6311.00
6320.00
6319.00
6314.00
6300.00
6302.00
6317.00
6305.00
6319.00
6324.00
6329.00
6307.00
6317.00
6329.00
6327.00
6325.00
6307.00
6322.00
6315.00
6316.00
6324.00
6323.00
6314.00
6336.00
6316.00
6312.00
6298.00
6307.00
6326.00
6331.00
6318.00
6327.00
6318.00
6326.00
6313.00
6306.00
6311.00
6316.00
6320.00
6328.00
6339.00
6331.00
6322.00
6322.00
6329.00
6311.00
6303.00
6304.00
6316.00
6315.00
6303.00
6315.00
6329.00
6327.00
6320.00
6313.00
6320.00
6321.00
6318.00
6302.00
6309.00
6313.00
6330.00
6326.00
6310.00
6314.00
6310.00
6322.00
6308.00
6323.00
6317.00
6322.00
6330.00
6325.00
6316.00
6320.00
6317.00
6315.00
6325.00
6320.00
6321.00
6328.00
6327.00
6324.00
6315.00
6317.00
6319.00
6329.00
6326.00
6312.00
6319.00
6315.00
6323.00
6335.00
6327.00
6316.00
6321.00
6327.00
6324.00
6333.00
6311.00
6309.00
6323.00
6326.00
6330.00
6314.00
6310.00
6323.00
6315.00
6309.00
6302.00
6323.00
6326.00
6321.00
6314.00
6310.00
6295.00
6312.00
6303.00
6308.00
6296.00
6314.00
6326.00
6325.00
6327.00
6308.00
6324.00
6316.00
6316.00
6309.00
6309.00
6316.00
6323.00
6327.00
6325.00
6317.00
6303.00
6317.00
6328.00
6325.00
6312.00
6317.00
6320.00
6335.00
6330.00
6314.00
6315.00
6319.00
6337.00
6318.00
6325.00
6327.00
6315.00
6331.00
6326.00
6313.00
6328.00
6325.00
6328.00
6329.00
6307.00
6314.00
6340.00
6338.00
6343.00
6334.00
6324.00
6319.00
6329.00
6330.00
6314.00
6316.00
6339.00
6338.00
6340.00
6339.00
6326.00
6335.00
6333.00
6315.00
6302.00
6310.00
6330.00
6338.00
6331.00
6324.00
6315.00
6328.00
6332.00
6320.00
6311.00
6316.00
6325.00
6335.00
6313.00
6326.00
6312.00
6323.00
6312.00
6322.00
6330.00
6323.00
6323.00
6335.00
6324.00
6321.00
6312.00
6312.00
6305.00
6310.00
6320.00
6324.00
6323.00
6330.00
6329.00
6323.00
6315.00
6311.00
6320.00
6315.00
6309.00
6315.00
6309.00
6330.00
6325.00
6327.00
6308.00
6329.00
6323.00
6327.00
6315.00
6310.00
6313.00
6307.00
6331.00
6312.00
6319.00
6319.00
6296.00
6313.00
6297.00
6317.00
6305.00
6328.00
6323.00
6312.00
6321.00
6311.00
6313.00
6308.00
6290.00
6307.00
6310.00
6321.00
6328.00
6323.00
6321.00
6328.00
6316.00
6327.00
6317.00
6325.00
6323.00
6321.00
6324.00
6322.00
6314.00
6327.00
6307.00
6317.00
6315.00
6306.00
6322.00
6314.00
6318.00
6305.00
6311.00
6325.00
6325.00
6331.00
6316.00
6308.00
6330.00
6326.00
6319.00
6326.00
6314.00
6323.00
6318.00
6324.00
6327.00
6295.00
6315.00
6336.00
6336.00
6314.00
6317.00
6326.00
6329.00
6335.00
6314.00
6312.00
6311.00
6317.00
6331.00
6314.00
6311.00
6320.00
6325.00
6327.00
6318.00
6327.00
6314.00
6326.00
6321.00
6310.00
6326.00
6322.00
6317.00
6326.00
6318.00
6304.00
6325.00
6329.00
6329.00
6331.00
6333.00
6325.00
6323.00
6332.00
6327.00
6306.00
6319.00
6324.00
6330.00
6337.00
6319.00
6314.00
6328.00
6325.00
6323.00
6319.00
6315.00
6319.00
6331.00
6331.00
6315.00
6312.00
6324.00
6322.00
6319.00
6330.00
6339.00
6315.00
6330.00
6338.00
6323.00
6327.00
6325.00
6336.00
6325.00
6321.00
6315.00
6318.00
6337.00
6327.00
6312.00
6319.00
6320.00
6311.00
6324.00
6300.00
6312.00
6340.00
6336.00
6334.00
6320.00
6322.00
6316.00
6318.00
6321.00
6314.00
6308.00
6319.00
6343.00
6334.00
6326.00
6321.00
6321.00
6333.00
6331.00
6315.00
6314.00
6334.00
6312.00
6310.00
6329.00
6326.00
6333.00
6338.00
6317.00
6331.00
6323.00
6320.00
6328.00
6336.00
6332.00
6324.00
6329.00
6326.00
6321.00
6306.00
6307.00
6320.00
6335.00
6333.00
6332.00
6328.00
6325.00
6337.00
6330.00
6313.00
6315.00
6325.00
6324.00
6339.00
6317.00
6330.00
6320.00
6323.00
6325.00
6332.00
6313.00
6320.00
6304.00
6328.00
6318.00
6324.00
6322.00
6337.00
6322.00
6316.00
6318.00
6324.00
6311.00
6325.00
6315.00
6316.00
6320.00
6322.00
6328.00
6311.00
6313.00
6316.00
6329.00
6325.00
6329.00
6324.00
6324.00
6320.00
6318.00
6309.00
6310.00
6306.00
6317.00
6326.00
6317.00
6302.00
6318.00
6328.00
6327.00
6307.00
6323.00
6319.00
6328.00
6323.00
6321.00
6325.00
6339.00
6337.00
6333.00
6331.00
6328.00
6335.00
6329.00
6331.00
6329.00
6335.00
6334.00
6343.00
6336.00
6316.00
6321.00
6332.00
6346.00
6342.00
6342.00
6331.00
6321.00
6340.00
6340.00
6331.00
6315.00
6323.00
6336.00
6341.00
6335.00
6333.00
6329.00
6346.00
6338.00
6327.00
6319.00
6335.00
6340.00
6341.00
6321.00
6338.00
6330.00
6332.00
6340.00
6331.00
6316.00
6331.00
6325.00
6329.00
6342.00
6321.00
6335.00
6336.00
6341.00
6325.00
6323.00
6345.00
6341.00
6350.00
6333.00
6326.00
6316.00
6329.00
6336.00
6315.00
6317.00
6332.00
6350.00
6356.00
6336.00
6331.00
6322.00
6338.00
6345.00
6340.00
6323.00
6335.00
6338.00
