64867.00
64855.00
64855.00
64860.00
64845.00
64853.00
64842.00
64859.00
64852.00
64853.00
64851.00
64852.00
64852.00
64854.00
64854.00
64847.00
64852.00
64846.00
64859.00
64847.00
64855.00
64849.00
64844.00
64844.00
64846.00
64837.00
64846.00
64849.00
64849.00
64844.00
64860.00
64850.00
64854.00
64856.00
64865.00
64846.00
64847.00
64853.00
64843.00
64845.00
64856.00
64858.00
64858.00
64848.00
64853.00
64853.00
64849.00
64858.00
64857.00
64864.00
64860.00
64859.00
64847.00
64857.00
64850.00
64854.00
64845.00
64849.00
64845.00
64856.00
64854.00
64849.00
64855.00
64859.00
64851.00
64851.00
64850.00
64853.00
64853.00
64850.00
64849.00
64839.00
64841.00
64850.00
64854.00
64860.00
64848.00
64857.00
64856.00
64853.00
64853.00
64856.00
64855.00
64854.00
64853.00
64859.00
64843.00
64846.00
64847.00
64852.00
64854.00
64854.00
64851.00
64840.00
64849.00
64858.00
64847.00
64852.00
64859.00
64862.00
64859.00
64845.00
64849.00
64846.00
64851.00
64841.00
64848.00
64847.00
64849.00
64846.00
64855.00
64854.00
64856.00
64859.00
64860.00
64849.00
64841.00
64839.00
64846.00
64853.00
64847.00
64851.00
64847.00
64851.00
64860.00
64861.00
64856.00
64844.00
64849.00
64858.00
64862.00
64848.00
64845.00
64860.00
64847.00
64860.00
64849.00
64850.00
64844.00
64846.00
64854.00
64847.00
64850.00
64859.00
64845.00
64850.00
64857.00
64848.00
64854.00
64856.00
64852.00
64851.00
64850.00
64839.00
64855.00
64849.00
64844.00
64862.00
64855.00
64855.00
64852.00
64853.00
64847.00
64844.00
64846.00
64861.00
64849.00
64857.00
64845.00
64844.00
64858.00
64841.00
64847.00
64855.00
64844.00
64839.00
64859.00
64862.00
64858.00
64859.00
64858.00
64862.00
64858.00
64842.00
64847.00
64857.00
64858.00
64855.00
64841.00
64843.00
64858.00
64851.00
64854.00
64860.00
64850.00
64857.00
64850.00
64859.00
64854.00
64849.00
64844.00
64852.00
64863.00
64831.00
64845.00
64845.00
64858.00
64854.00
64853.00
64858.00
64855.00
64862.00
64855.00
64844.00
64846.00
64852.00
64849.00
64853.00
64843.00
64852.00
64846.00
64847.00
64844.00
64858.00
64859.00
64849.00
64843.00
64858.00
64851.00
64841.00
64855.00
64857.00
64855.00
64853.00
64858.00
64850.00
64856.00
64847.00
64857.00
64855.00
64860.00
64859.00
64851.00
64852.00
64855.00
64855.00
64842.00
64847.00
64841.00
64856.00
64853.00
64853.00
64859.00
64857.00
64856.00
64859.00
64856.00
64844.00
64844.00
64851.00
64842.00
64848.00
64848.00
64853.00
64840.00
64862.00
64846.00
64843.00
64855.00
64850.00
64844.00
64851.00
64866.00
64852.00
64862.00
64859.00
64852.00
64853.00
64849.00
64844.00
64845.00
64856.00
64858.00
64854.00
64850.00
64856.00
64863.00
64852.00
64856.00
64854.00
64852.00
64848.00
64841.00
64847.00
64843.00
64847.00
64848.00
64860.00
64850.00
64851.00
64854.00
64859.00
64866.00
64860.00
64857.00
64852.00
64848.00
64846.00
64864.00
64852.00
64834.00
64845.00
64854.00
64861.00
64849.00
64854.00
64836.00
64858.00
64839.00
64855.00
64851.00
64861.00
64838.00
64851.00
64865.00
64851.00
64854.00
64851.00
64854.00
64841.00
64843.00
64860.00
64861.00
64863.00
64861.00
64849.00
64849.00
64852.00
64855.00
64854.00
64853.00
64854.00
64851.00
64848.00
64845.00
64842.00
64851.00
64855.00
64853.00
64861.00
64861.00
64861.00
64859.00
64830.00
64843.00
64840.00
64849.00
64846.00
64852.00
64855.00
64847.00
64841.00
64856.00
64848.00
64837.00
64844.00
64844.00
64860.00
64837.00
64839.00
64847.00
64854.00
64854.00
64859.00
64855.00
64841.00
64860.00
64858.00
64847.00
64859.00
64858.00
64864.00
64861.00
64865.00
64855.00
64847.00
64855.00
64857.00
64845.00
64855.00
64856.00
64849.00
64846.00
64860.00
64857.00
64854.00
64852.00
64858.00
64852.00
64847.00
64858.00
64841.00
64852.00
64852.00
64859.00
64850.00
64853.00
64855.00
64844.00
64862.00
64855.00
64855.00
64849.00
64855.00
64841.00
64849.00
64861.00
64846.00
64842.00
64844.00
64851.00
64851.00
64845.00
64858.00
64862.00
64864.00
64855.00
64859.00
64859.00
64852.00
64840.00
64859.00
64844.00
64848.00
64853.00
64855.00
64844.00
64850.00
64857.00
64863.00
64854.00
64850.00
64855.00
64853.00
64870.00
64841.00
64857.00
64847.00
64860.00
64852.00
64844.00
64847.00
64853.00
64858.00
64860.00
64860.00
64852.00
64845.00
64865.00
64860.00
64843.00
64847.00
64840.00
64847.00
64848.00
64846.00
64825.00
64834.00
64853.00
64855.00
64843.00
64854.00
64860.00
64857.00
64869.00
64850.00
64852.00
64846.00
64857.00
64842.00
64853.00
64846.00
64848.00
64855.00
64853.00
64851.00
64857.00
64848.00
64854.00
64858.00
64860.00
64847.00
64844.00
64845.00
64852.00
64852.00
64855.00
64855.00
64865.00
64851.00
64857.00
64854.00
64851.00
64856.00
64855.00
64843.00
64863.00
64854.00
64848.00
64842.00
64848.00
64852.00
64849.00
64850.00
64849.00
64851.00
64849.00
64856.00
64858.00
64859.00
64855.00
64861.00
64853.00
64852.00
64860.00
64862.00
64854.00
64846.00
64849.00
64847.00
64841.00
64847.00
64850.00
64857.00
64856.00
64853.00
64863.00
64846.00
64848.00
64858.00
64861.00
64845.00
64846.00
64841.00
64854.00
64847.00
64850.00
64844.00
64836.00
64854.00
64859.00
64859.00
64853.00
64844.00
64849.00
64853.00
64855.00
64849.00
64857.00
64847.00
64862.00
64845.00
64843.00
64849.00
64854.00
64851.00
64855.00
64860.00
64862.00
64859.00
64863.00
64855.00
64856.00
64856.00
64838.00
64846.00
64866.00
64850.00
64846.00
64851.00
64857.00
64858.00
64859.00
64856.00
64857.00
64857.00
64854.00
64854.00
64846.00
64840.00
64855.00
64853.00
64850.00
64852.00
64850.00
64856.00
64851.00
64855.00
64842.00
64852.00
64868.00
64861.00
64849.00
64854.00
64846.00
64859.00
64848.00
64852.00
64853.00
64853.00
64850.00
64856.00
64859.00
64847.00
64856.00
64853.00
64851.00
64843.00
64851.00
64853.00
64851.00
64855.00
64852.00
64851.00
64859.00
64863.00
64867.00
64852.00
64847.00
64854.00
64866.00
64862.00
64852.00
64840.00
64840.00
64847.00
64858.00
64844.00
64852.00
64847.00
64856.00
64854.00
64852.00
64856.00
64846.00
64857.00
64862.00
64847.00
64842.00
64844.00
64843.00
64844.00
64846.00
64838.00
64856.00
64857.00
64859.00
64837.00
64845.00
64849.00
64843.00
64853.00
64855.00
64849.00
64837.00
64845.00
64849.00
64855.00
64847.00
64849.00
64857.00
64861.00
64851.00
64853.00
64850.00
64855.00
64847.00
64857.00
64844.00
64849.00
64865.00
64854.00
64845.00
64848.00
64847.00
64856.00
64860.00
64856.00
64848.00
64848.00
64848.00
64862.00
64853.00
64849.00
64842.00
64848.00
64850.00
64860.00
64848.00
64841.00
64835.00
64858.00
64863.00
64851.00
64850.00
64854.00
64858.00
64867.00
64855.00
64842.00
64851.00
64846.00
64844.00
64847.00
64846.00
64855.00
64854.00
64850.00
64856.00
64846.00
64858.00
64863.00
64856.00
64843.00
64853.00
64842.00
64842.00
64842.00
64855.00
64839.00
64850.00
64853.00
64848.00
64855.00
64851.00
64850.00
64863.00
64864.00
64840.00
64861.00
64851.00
64849.00
64853.00
64844.00
64848.00
64851.00
64858.00
64854.00
64859.00
64855.00
64864.00
64868.00
64853.00
64855.00
64843.00
64846.00
64844.00
64851.00
64853.00
64843.00
64853.00
64851.00
64851.00
64860.00
64860.00
64840.00
64845.00
64861.00
64847.00
64856.00
64852.00
64845.00
64851.00
64854.00
64836.00
64856.00
64850.00
64856.00
64858.00
64855.00
64862.00
64862.00
64859.00
64851.00
64856.00
64849.00
64846.00
64847.00
64850.00
64862.00
64843.00
64855.00
64860.00
64868.00
64859.00
64859.00
64849.00
64844.00
64853.00
64842.00
64844.00
64852.00
64861.00
64849.00
64844.00
64846.00
64852.00
64862.00
64849.00
64854.00
64850.00
64857.00
64855.00
64861.00
64851.00
64854.00
64845.00
64847.00
64851.00
64857.00
64849.00
64844.00
64856.00
64855.00
64857.00
64855.00
64858.00
64860.00
64859.00
64860.00
64851.00
64834.00
64848.00
64850.00
64855.00
64842.00
64855.00
64864.00
64865.00
64851.00
64846.00
64856.00
64857.00
64866.00
64855.00
64861.00
64851.00
64858.00
64854.00
64847.00
64848.00
64840.00
64858.00
64853.00
64842.00
64856.00
64843.00
64847.00
64860.00
64850.00
64864.00
64864.00
64865.00
64865.00
64839.00
64831.00
64835.00
64844.00
64849.00
64860.00
64861.00
64858.00
64861.00
64866.00
64852.00
64845.00
64853.00
64853.00
64848.00
64862.00
64856.00
64831.00
64852.00
64853.00
64854.00
64857.00
64853.00
64845.00
64857.00
64867.00
64856.00
64849.00
64855.00
64858.00
64845.00
64854.00
64848.00
64854.00
64855.00
64853.00
64846.00
64847.00
64848.00
64861.00
64847.00
64843.00
64845.00
64840.00
64841.00
64851.00
64846.00
64849.00
64848.00
64848.00
64835.00
64843.00
64845.00
64852.00
64848.00
64856.00
64865.00
64855.00
64859.00
64857.00
64847.00
64839.00
64840.00
64846.00
64842.00
64856.00
64839.00
64855.00
64848.00
64854.00
64858.00
64859.00
64851.00
64848.00
64847.00
64857.00
64851.00
64852.00
64847.00
64844.00
64843.00
64872.00
64852.00
64846.00
64856.00
64856.00
64855.00
64848.00
64861.00
64852.00
64867.00
64862.00
64858.00
64844.00
64847.00
64853.00
64857.00
64845.00
64843.00
64853.00
64851.00
64862.00
64855.00
64853.00
64852.00
64862.00
64855.00
64851.00
64846.00
64841.00
64854.00
64853.00
64838.00
64847.00
64857.00
64860.00
64863.00
64856.00
64858.00
64854.00
64852.00
64854.00
64864.00
64857.00
64851.00
64861.00
64853.00
64854.00
64843.00
64844.00
64847.00
64858.00
64852.00
64848.00
64843.00
64852.00
64859.00
64853.00
64855.00
64847.00
64845.00
64850.00
64855.00
64849.00
64852.00
64856.00
64864.00
64854.00
64841.00
64845.00
64848.00
64857.00
64843.00
64863.00
64845.00
64850.00
64852.00
64839.00
64836.00
64839.00
64850.00
64855.00
64850.00
64856.00
64852.00
64859.00
64861.00
64864.00
64850.00
64848.00
64847.00
64840.00
64864.00
64845.00
64839.00
64840.00
64862.00
64845.00
64850.00
64854.00
64857.00
64869.00
64865.00
64856.00
64849.00
64853.00
64851.00
64842.00
64849.00
64847.00
64858.00
64844.00
64849.00
64861.00
64848.00
64863.00
64861.00
64857.00
64845.00
64858.00
64856.00
64846.00
64850.00
64848.00
64849.00
64848.00
64849.00
64856.00
64845.00
64839.00
64847.00
64864.00
64864.00
64856.00
64859.00
64841.00
64852.00
64846.00
64848.00
64851.00
64855.00
64846.00
64855.00
64845.00
64856.00
64858.00
64860.00
64852.00
64847.00
64862.00
64849.00
64864.00
64862.00
64843.00
64846.00
64836.00
64852.00
64849.00
64853.00
64848.00
64851.00
64862.00
64861.00
64862.00
64861.00
64845.00
64843.00
64849.00
64859.00
64844.00
64857.00
64849.00
64851.00
64860.00
64837.00
64856.00
64847.00
64873.00
64856.00
64849.00
64834.00
64854.00
64858.00
64857.00
64841.00
64849.00
64835.00
64853.00
64844.00
64857.00
64845.00
64848.00
64845.00
64864.00
64865.00
64857.00
64856.00
64849.00
64849.00
64854.00
64844.00
64848.00
64851.00
64844.00
64856.00
64855.00
64851.00
64863.00
64866.00
64855.00
64853.00
64851.00
64843.00
64848.00
64851.00
64857.00
64839.00
64852.00
64854.00
64854.00
64864.00
64867.00
64857.00
64855.00
64859.00
64844.00
64856.00
64855.00
64854.00
64846.00
64846.00
64842.00
64846.00
64852.00
64842.00
64853.00
64853.00
64856.00
64857.00
64850.00
64862.00
64846.00
64839.00
64846.00
64853.00
64843.00
64845.00
64856.00
64853.00
64846.00
64838.00
64849.00
64856.00
64853.00
64855.00
64838.00
64858.00
64848.00
64860.00
64849.00
64838.00
64849.00
64848.00
64856.00
64841.00
64840.00
64850.00
64853.00
64850.00
64851.00
64858.00
64862.00
64849.00
64856.00
64848.00
64839.00
64834.00
64846.00
64854.00
64859.00
64860.00
64861.00
64860.00
64864.00
64845.00
64844.00
64843.00
64845.00
64852.00
64859.00
64849.00
64846.00
64844.00
64839.00
64840.00
64848.00
64845.00
64850.00
64854.00
64853.00
64856.00
64852.00
64854.00
64848.00
64853.00
64842.00
64847.00
64851.00
64842.00
64848.00
64846.00
64847.00
64848.00
64855.00
64859.00
64858.00
64858.00
64858.00
64855.00
64849.00
64848.00
64853.00
64846.00
64858.00
64849.00
64858.00
64846.00
64851.00
64849.00
64842.00
64853.00
64851.00
64848.00
64857.00
64856.00
64856.00
64845.00
64833.00
64849.00
64847.00
64848.00
64834.00
64848.00
64852.00
64864.00
64858.00
64863.00
64857.00
64857.00
64872.00
64861.00
64842.00
64838.00
64846.00
64863.00
64859.00
64854.00
64852.00
64859.00
64858.00
64865.00
64857.00
64854.00
64858.00
64857.00
64863.00
64854.00
64857.00
64844.00
64847.00
64839.00
64848.00
64851.00
64856.00
64853.00
64844.00
64854.00
64857.00
64861.00
64863.00
64855.00
64846.00
64855.00
64844.00
64849.00
64840.00
64849.00
64844.00
64851.00
64854.00
64863.00
64863.00
64850.00
64850.00
64854.00
64851.00
64854.00
64848.00
64833.00
64858.00
64849.00
64832.00
64852.00
64849.00
64856.00
64850.00
64847.00
64850.00
64848.00
64857.00
64866.00
64851.00
64848.00
64834.00
64839.00
64852.00
64847.00
64831.00
64849.00
64847.00
64852.00
64872.00
64851.00
64857.00
64856.00
64855.00
64854.00
64844.00
64835.00
64850.00
64847.00
64863.00
64855.00
64849.00
64850.00
64856.00
64856.00
64849.00
64857.00
64857.00
64865.00
64868.00
64843.00
64843.00
64845.00
64866.00
64848.00
64860.00
64867.00
64857.00
64859.00
64857.00
64865.00
64871.00
64875.00
64868.00
64876.00
64867.00
64873.00
64881.00
64893.00
64890.00
64888.00
64889.00
64888.00
64901.00
64914.00
64924.00
64919.00
64928.00
64939.00
64927.00
64937.00
64940.00
64949.00
64955.00
64967.00
64947.00
64954.00
64957.00
64969.00
64971.00
64975.00
64965.00
64956.00
64984.00
64985.00
64969.00
64971.00
64974.00
64984.00
64968.00
64974.00
64971.00
64984.00
64983.00
64986.00
64973.00
64987.00
64986.00
64976.00
64979.00
64970.00
64977.00
64974.00
64969.00
64992.00
64972.00
64968.00
64963.00
64980.00
64992.00
64969.00
64983.00
64990.00
64987.00
64993.00
64990.00
64981.00
64989.00
64983.00
64983.00
64989.00
64970.00
64974.00
64976.00
64982.00
64990.00
64984.00
64985.00
64986.00
64984.00
64973.00
64967.00
64980.00
64969.00
64980.00
64986.00
64971.00
64975.00
64981.00
64982.00
64979.00
64969.00
64980.00
64982.00
64985.00
64982.00
64986.00
64976.00
64990.00
64975.00
64984.00
64976.00
64968.00
64981.00
64975.00
64980.00
64977.00
64975.00
64986.00
64981.00
64990.00
64992.00
64974.00
64964.00
64975.00
64977.00
64968.00
64970.00
64969.00
64981.00
64983.00
64987.00
64986.00
64978.00
64979.00
64998.00
64987.00
64984.00
64969.00
64989.00
64972.00
64980.00
64978.00
64983.00
64983.00
64988.00
64982.00
64986.00
64978.00
64987.00
64983.00
64995.00
64987.00
64989.00
64977.00
65011.00
64981.00
64970.00
64983.00
64978.00
64984.00
64977.00
64973.00
64979.00
64963.00
64988.00
64963.00
64981.00
64982.00
64974.00
64974.00
64977.00
64984.00
64971.00
64972.00
64969.00
64978.00
64967.00
64972.00
64972.00
64974.00
64984.00
64983.00
64975.00
64986.00
64983.00
64992.00
64988.00
64964.00
64981.00
64986.00
64986.00
64970.00
64985.00
64981.00
64984.00
64980.00
64982.00
64980.00
64987.00
64986.00
64996.00
64977.00
64979.00
64984.00
64983.00
64961.00
64975.00
64963.00
64978.00
64983.00
64971.00
64977.00
64981.00
64981.00
64986.00
64984.00
65006.00
64973.00
64981.00
64993.00
64980.00
64970.00
64976.00
64974.00
64966.00
64978.00
64981.00
64976.00
64984.00
64987.00
64985.00
64977.00
64985.00
64990.00
64990.00
64981.00
64969.00
64976.00
64968.00
64988.00
64986.00
64985.00
64975.00
64968.00
64973.00
64982.00
64978.00
64975.00
64988.00
64990.00
64987.00
64983.00
64970.00
64968.00
64978.00
64974.00
64974.00
64972.00
64974.00
64973.00
64986.00
64981.00
64977.00
64988.00
64990.00
64994.00
64982.00
64972.00
64969.00
64982.00
64975.00
64981.00
64978.00
64981.00
64985.00
64979.00
64974.00
64981.00
64978.00
64975.00
64983.00
64994.00
64985.00
64972.00
64976.00
64972.00
64984.00
64985.00
64970.00
64980.00
64979.00
64977.00
64986.00
64976.00
64990.00
64991.00
64987.00
64975.00
64974.00
64976.00
64976.00
64975.00
64973.00
64983.00
64982.00
64989.00
64986.00
64987.00
64975.00
64982.00
64983.00
64978.00
64982.00
64984.00
64976.00
64981.00
64993.00
64968.00
64978.00
64982.00
64978.00
64990.00
64978.00
64972.00
64981.00
64982.00
64993.00
64974.00
64969.00
64978.00
64971.00
64975.00
64962.00
64987.00
64968.00
64971.00
64974.00
64985.00
64987.00
64982.00
64981.00
64983.00
64980.00
64967.00
64966.00
64976.00
64984.00
64985.00
64963.00
64971.00
64975.00
64974.00
64982.00
64978.00
64986.00
64987.00
64992.00
64984.00
64978.00
64983.00
64967.00
64973.00
64968.00
64982.00
64973.00
64973.00
64984.00
64983.00
64982.00
64988.00
64983.00
64979.00
64979.00
64987.00
64969.00
64965.00
64979.00
64969.00
64971.00
64977.00
64983.00
64980.00
64986.00
64977.00
64980.00
64973.00
64986.00
64987.00
64992.00
64980.00
64987.00
64981.00
64983.00
64973.00
64967.00
64968.00
64976.00
64975.00
64981.00
64976.00
64974.00
64980.00
64989.00
64971.00
64982.00
64982.00
64991.00
64993.00
64982.00
64965.00
64969.00
64984.00
64990.00
64985.00
64983.00
64975.00
64988.00
64982.00
64977.00
64970.00
64993.00
64983.00
64988.00
64980.00
64989.00
64968.00
64979.00
64978.00
64983.00
64971.00
64968.00
64981.00
64983.00
64986.00
64980.00
64986.00
64990.00
64991.00
64982.00
64977.00
64974.00
64973.00
64984.00
64998.00
64972.00
64975.00
64966.00
64980.00
64995.00
64985.00
64986.00
65001.00
65007.00
64998.00
64990.00
65001.00
65010.00
65005.00
65009.00
65004.00
65011.00
65006.00
65014.00
65003.00
65006.00
65012.00
65022.00
65027.00
65032.00
65027.00
65036.00
65021.00
65034.00
65043.00
65035.00
65028.00
65035.00
65019.00
65033.00
65049.00
65041.00
65046.00
65057.00
65064.00
65060.00
65058.00
65044.00
65056.00
65048.00
65063.00
65057.00
65044.00
65046.00
65058.00
65060.00
65051.00
65051.00
65056.00
65062.00
65038.00
65056.00
65060.00
65069.00
65058.00
65062.00
65054.00
65053.00
65055.00
65062.00
65058.00
65051.00
65052.00
65055.00
65062.00
65065.00
65060.00
65058.00
65066.00
65058.00
65053.00
65047.00
65041.00
65043.00
65050.00
65057.00
65051.00
65056.00
65056.00
65052.00
65060.00
65062.00
65060.00
65067.00
65066.00
65050.00
65053.00
65055.00
65054.00
65058.00
65054.00
65049.00
65063.00
65063.00
65058.00
65068.00
65053.00
65047.00
65049.00
65063.00
65050.00
65052.00
65061.00
65057.00
65070.00
65068.00
65046.00
65056.00
65048.00
65048.00
65051.00
65050.00
65047.00
65047.00
65053.00
65058.00
65058.00
65041.00
65059.00
65065.00
65062.00
65065.00
65063.00
65062.00
65054.00
65061.00
65057.00
65048.00
65047.00
65050.00
65057.00
65057.00
65051.00
65059.00
65056.00
65063.00
65066.00
65061.00
65063.00
65054.00
65056.00
65048.00
65061.00
65049.00
65070.00
65057.00
65068.00
65045.00
65057.00
65062.00
65060.00
65064.00
65057.00
65061.00
65065.00
65068.00
65060.00
65053.00
65060.00
65051.00
65043.00
65057.00
65057.00
65057.00
65054.00
65059.00
65063.00
65049.00
65058.00
65059.00
65067.00
65063.00
65060.00
65064.00
65043.00
65061.00
65058.00
65047.00
65051.00
65051.00
65052.00
65068.00
65058.00
65061.00
65055.00
65067.00
65061.00
65064.00
65064.00
65066.00
65043.00
65061.00
65044.00
65056.00
65044.00
65059.00
65054.00
65070.00
65062.00
65059.00
65067.00
65058.00
65054.00
65056.00
65040.00
65048.00
65054.00
65061.00
65060.00
65053.00
65066.00
65065.00
65064.00
65064.00
65062.00
65069.00
65057.00
65053.00
65057.00
65061.00
65044.00
65070.00
65057.00
65046.00
65052.00
65065.00
65059.00
65055.00
65057.00
65052.00
65055.00
65068.00
65069.00
65060.00
65046.00
65052.00
65062.00
65050.00
65055.00
65064.00
65060.00
65052.00
65064.00
65061.00
65053.00
65065.00
65061.00
65070.00
65058.00
65053.00
65051.00
65073.00
65057.00
65066.00
65057.00
65053.00
65059.00
65051.00
65061.00
65062.00
65058.00
65064.00
65073.00
65066.00
65069.00
65061.00
65058.00
65077.00
65058.00
65053.00
65061.00
65058.00
65050.00
65042.00
65061.00
65066.00
65055.00
65071.00
65063.00
65056.00
65058.00
65057.00
65056.00
65049.00
65062.00
65054.00
65062.00
65062.00
65061.00
65057.00
65059.00
65060.00
65076.00
65068.00
65070.00
65056.00
65054.00
65061.00
65055.00
65048.00
65041.00
65051.00
65061.00
65056.00
65050.00
65056.00
65061.00
65062.00
65068.00
65061.00
65055.00
65062.00
65064.00
65059.00
65049.00
65061.00
65067.00
65048.00
65065.00
65057.00
65056.00
65063.00
65070.00
65069.00
65055.00
65052.00
65052.00
65056.00
65068.00
65060.00
65040.00
65059.00
65052.00
65056.00
65058.00
65043.00
65059.00
65042.00
65067.00
65070.00
65061.00
65066.00
65053.00
65061.00
65051.00
65044.00
65057.00
65050.00
65068.00
65054.00
65062.00
65070.00
65063.00
65070.00
65042.00
65052.00
65057.00
65054.00
65064.00
65059.00
65054.00
65058.00
65065.00
65057.00
65057.00
65061.00
65064.00
65061.00
65073.00
65062.00
65053.00
65065.00
65063.00
65059.00
65052.00
65052.00
65057.00
65058.00
65069.00
65062.00
65066.00
65061.00
65064.00
65061.00
65058.00
65046.00
65048.00
65053.00
65059.00
65054.00
65058.00
65050.00
65068.00
65064.00
65064.00
65066.00
65067.00
65059.00
65062.00
65072.00
65063.00
65068.00
65052.00
65061.00
65056.00
65040.00
65042.00
65045.00
65054.00
65056.00
65058.00
65061.00
65072.00
65064.00
65060.00
65062.00
65049.00
65058.00
65053.00
65061.00
65041.00
65047.00
65060.00
65054.00
65072.00
65064.00
65043.00
65059.00
65065.00
65059.00
65057.00
65046.00
65055.00
65059.00
65050.00
65058.00
65050.00
65049.00
65057.00
65061.00
65065.00
65064.00
65062.00
65065.00
65065.00
65063.00
65061.00
65049.00
65061.00
65069.00
65049.00
65062.00
65058.00
65060.00
65057.00
65051.00
65054.00
65064.00
65055.00
65056.00
65060.00
65054.00
65068.00
65059.00
65048.00
65062.00
65057.00
65055.00
65054.00
65061.00
65048.00
65043.00
65051.00
65056.00
65059.00
65057.00
65050.00
65063.00
65064.00
65075.00
65052.00
65044.00
65045.00
65058.00
65063.00
65042.00
65049.00
65045.00
65056.00
65056.00
65066.00
65061.00
65068.00
65055.00
65072.00
65059.00
65058.00
65065.00
65075.00
65068.00
65073.00
65074.00
65080.00
65080.00
65082.00
65076.00
65092.00
65083.00
65090.00
65094.00
65092.00
65088.00
65094.00
65093.00
65100.00
65081.00
65092.00
65094.00
65103.00
65104.00
65100.00
65105.00
65107.00
65110.00
65119.00
65115.00
65114.00
65104.00
65110.00
65106.00
65110.00
65105.00
65119.00
65110.00
65115.00
65105.00
65108.00
65109.00
65122.00
65122.00
65122.00
65116.00
65127.00
65131.00
65131.00
65122.00
65114.00
65119.00
65119.00
65127.00
65111.00
65121.00
65115.00
65115.00
65124.00
65127.00
65121.00
65120.00
65135.00
65130.00
65129.00
65133.00
65113.00
65121.00
65123.00
65121.00
65114.00
65121.00
65119.00
65127.00
65133.00
65134.00
65134.00
65125.00
65122.00
65134.00
65122.00
65122.00
65129.00
65128.00
65126.00
65122.00
65112.00
65119.00
65132.00
65126.00
65119.00
65124.00
65126.00
65134.00
65136.00
65132.00
65132.00
65131.00
65126.00
65115.00
65111.00
65123.00
65113.00
65121.00
65120.00
65119.00
65128.00
65124.00
65126.00
65124.00
65114.00
65121.00
65120.00
65128.00
65114.00
65129.00
65123.00
65114.00
65127.00
65119.00
65120.00
65132.00
65121.00
65132.00
65128.00
65135.00
65137.00
65126.00
65121.00
65121.00
65120.00
65117.00
65114.00
65124.00
65113.00
65123.00
65111.00
65124.00
65126.00
65127.00
65127.00
65135.00
65127.00
65137.00
65134.00
65122.00
65127.00
65115.00
65113.00
65130.00
65123.00
65118.00
65114.00
65122.00
65123.00
65130.00
65131.00
65134.00
65129.00
65130.00
65138.00
65131.00
65106.00
65122.00
65124.00
65129.00
65124.00
65121.00
65122.00
65128.00
65129.00
65129.00
65130.00
65126.00
65121.00
65126.00
65125.00
65124.00
65116.00
65116.00
65130.00
65129.00
65132.00
65113.00
65133.00
65124.00
65142.00
65118.00
65119.00
65121.00
65131.00
65135.00
65126.00
65115.00
65114.00
65122.00
65117.00
65122.00
65122.00
65127.00
65130.00
65119.00
65127.00
65134.00
65135.00
65137.00
65123.00
65119.00
65115.00
65106.00
65120.00
65118.00
65122.00
65115.00
65123.00
65127.00
65131.00
65119.00
65134.00
65119.00
65129.00
65123.00
65131.00
65124.00
65117.00
65127.00
65121.00
65112.00
65116.00
65112.00
65120.00
65123.00
65120.00
65134.00
65132.00
65138.00
65140.00
65137.00
65123.00
65119.00
65121.00
65136.00
65114.00
65117.00
65122.00
65129.00
65122.00
65131.00
65124.00
65132.00
65132.00
65116.00
65117.00
65119.00
65114.00
65129.00
65125.00
65117.00
65122.00
65127.00
65119.00
65117.00
65122.00
65123.00
65118.00
65122.00
65130.00
65140.00
65115.00
65135.00
65114.00
65134.00
65130.00
65135.00
65117.00
65117.00
65131.00
65116.00
65119.00
65133.00
65135.00
65137.00
65118.00
65124.00
65124.00
65124.00
65121.00
65122.00
65111.00
65108.00
65126.00
65122.00
65126.00
65124.00
65116.00
65122.00
65131.00
65124.00
65116.00
65120.00
65133.00
65135.00
65140.00
65124.00
65114.00
65124.00
65130.00
65129.00
65128.00
65126.00
65116.00
65117.00
65134.00
65128.00
65129.00
65123.00
65129.00
65125.00
65111.00
65110.00
65119.00
65117.00
65124.00
65112.00
65118.00
65120.00
65134.00
65136.00
65121.00
65127.00
65119.00
65127.00
65135.00
65132.00
65120.00
65118.00
65118.00
65125.00
65118.00
65127.00
65126.00
65124.00
65132.00
65126.00
65132.00
65124.00
65134.00
65130.00
65131.00
65110.00
65118.00
65125.00
65130.00
65118.00
65121.00
65131.00
65124.00
65122.00
65138.00
65134.00
65115.00
65114.00
65130.00
65126.00
65128.00
65121.00
65121.00
65124.00
65118.00
65120.00
65110.00
65120.00
65129.00
65125.00
65131.00
65128.00
65134.00
65130.00
65127.00
65112.00
65117.00
65116.00
65114.00
65126.00
65126.00
65132.00
65119.00
65132.00
65130.00
65133.00
65131.00
65128.00
65124.00
65126.00
65114.00
65117.00
65127.00
65122.00
65127.00
65128.00
65129.00
65123.00
65119.00
65131.00
65126.00
65126.00
65125.00
65118.00
65132.00
65131.00
65117.00
65109.00
65114.00
65125.00
65125.00
65124.00
65123.00
65129.00
65139.00
65134.00
65131.00
65123.00
65122.00
65123.00
65111.00
65125.00
65118.00
65114.00
65124.00
65128.00
65118.00
65112.00
65129.00
65136.00
65125.00
65120.00
65126.00
65129.00
65122.00
65126.00
65128.00
65118.00
65124.00
65120.00
65122.00
65116.00
65112.00
65126.00
65127.00
65127.00
65129.00
65129.00
65123.00
65127.00
65117.00
65130.00
65119.00
65124.00
65109.00
65129.00
65119.00
65121.00
65119.00
65117.00
65119.00
65128.00
65129.00
65130.00
65127.00
65121.00
65113.00
65113.00
65124.00
65131.00
65116.00
65142.00
65120.00
65120.00
65126.00
65124.00
65130.00
65107.00
65122.00
65130.00
65135.00
65125.00
65115.00
65124.00
65120.00
65129.00
65105.00
65126.00
65112.00
65128.00
65123.00
65128.00
65124.00
65134.00
65131.00
65130.00
65136.00
65134.00
65132.00
65126.00
65129.00
65133.00
65122.00
65136.00
65131.00
65137.00
65140.00
65135.00
65135.00
65141.00
65146.00
65138.00
65142.00
65136.00
65131.00
65145.00
65142.00
65120.00
65133.00
65134.00
65133.00
65140.00
65144.00
65142.00
65141.00
65151.00
65147.00
65156.00
65140.00
65140.00
65144.00
65131.00
65134.00
65140.00
65136.00
65137.00
65131.00
65141.00
65132.00
65140.00
65146.00
65137.00
65150.00
65144.00
65141.00
65153.00
65144.00
65160.00
65131.00
65136.00
65134.00
65132.00
65141.00
65138.00
65131.00
65136.00
65139.00
65139.00
65138.00
65144.00
65141.00
65155.00
65152.00
65147.00
65131.00
65135.00
65130.00
65147.00
65124.00
65133.00
65147.00
65152.00
65148.00
65136.00
65138.00
65141.00
65150.00
65138.00
65134.00
65142.00
65144.00
65141.00
65139.00
65134.00
65133.00
65129.00
65138.00
65135.00
65136.00
65136.00
65138.00
65142.00
65144.00
65144.00
65141.00
65142.00
65136.00
65150.00
65123.00
65143.00
65140.00
65140.00
65136.00
65147.00
65138.00
65142.00
65147.00
65147.00
65140.00
65138.00
65140.00
65140.00
65142.00
65142.00
65133.00
65124.00
65141.00
65135.00
65136.00
65138.00
65133.00
65152.00
65145.00
65144.00
65138.00
65137.00
65147.00
65150.00
65140.00
65139.00
65120.00
65138.00
65130.00
65141.00
65129.00
65133.00
65137.00
65151.00
65152.00
65146.00
65131.00
65136.00
65147.00
65129.00
65119.00
65146.00
65128.00
65140.00
65146.00
65143.00
65135.00
65139.00
65145.00
65133.00
65136.00
65147.00
65144.00
65150.00
65147.00
65132.00
65131.00
65130.00
65140.00
65141.00
65141.00
65127.00
65132.00
65146.00
65138.00
65148.00
65147.00
65136.00
65152.00
65148.00
65132.00
65134.00
65138.00
65139.00
65146.00
65147.00
65140.00
65143.00
65146.00
65137.00
65138.00
65144.00
65145.00
65149.00
65150.00
65146.00
65136.00
65136.00
65140.00
65140.00
65137.00
65133.00
65138.00
65137.00
65143.00
65145.00
65146.00
65148.00
65151.00
65147.00
65146.00
65132.00
65132.00
65135.00
65129.00
65130.00
65137.00
65131.00
65145.00
65150.00
65144.00
65139.00
65133.00
65140.00
65149.00
65152.00
65136.00
65135.00
65190.00
65140.00
65129.00
65144.00
65127.00
65151.00
65130.00
65136.00
65146.00
65136.00
65147.00
65141.00
65142.00
65131.00
65136.00
65141.00
65141.00
65138.00
65135.00
65143.00
65144.00
65146.00
65145.00
65138.00
65130.00
65154.00
65126.00
65127.00
65122.00
65124.00
65129.00
65139.00
65144.00
65139.00
65146.00
65129.00
65143.00
65144.00
65149.00
65147.00
65134.00
65133.00
65140.00
65124.00
65139.00
65129.00
65133.00
65134.00
65130.00
65128.00
65137.00
65154.00
65148.00
65141.00
65144.00
65131.00
65135.00
65132.00
65135.00
65124.00
65140.00
65133.00
65135.00
65139.00
65147.00
65140.00
65139.00
65143.00
65130.00
65143.00
65150.00
65140.00
65137.00
65123.00
65131.00
65130.00
65136.00
65137.00
65127.00
65131.00
65146.00
65149.00
65146.00
65148.00
65148.00
65146.00
65146.00
65142.00
65143.00
65131.00
65130.00
65134.00
65132.00
65138.00
65136.00
65135.00
65149.00
65151.00
65140.00
65139.00
65146.00
65145.00
65134.00
65141.00
65136.00
65115.00
65136.00
65147.00
65127.00
65136.00
65134.00
65140.00
65141.00
65151.00
65146.00
65146.00
65152.00
65149.00
65147.00
65130.00
65148.00
65136.00
65135.00
65155.00
65130.00
65135.00
65130.00
65145.00
65146.00
65149.00
65147.00
65151.00
65136.00
65129.00
65135.00
65124.00
65144.00
65132.00
65147.00
65148.00
65139.00
65127.00
65136.00
65138.00
65133.00
65143.00
65144.00
65151.00
65148.00
65146.00
65142.00
65139.00
65137.00
65140.00
65134.00
65135.00
65132.00
65136.00
65136.00
65141.00
65141.00
65146.00
65149.00
65150.00
65150.00
65127.00
65131.00
65146.00
65141.00
65136.00
65133.00
65138.00
65134.00
65147.00
65139.00
65135.00
65131.00
65149.00
65141.00
65141.00
65144.00
65145.00
65127.00
65136.00
65146.00
65124.00
65140.00
65118.00
65136.00
65135.00
65134.00
65136.00
65144.00
65146.00
65145.00
65145.00
65151.00
65145.00
65136.00
65132.00
65128.00
65129.00
65136.00
65138.00
65127.00
65143.00
65143.00
65140.00
65151.00
65148.00
65141.00
65137.00
65127.00
65155.00
65149.00
65142.00
65127.00
65133.00
65142.00
65133.00
65137.00
65142.00
65141.00
65146.00
65146.00
65141.00
65136.00
65149.00
65143.00
65138.00
65136.00
65131.00
65130.00
65138.00
65150.00
65144.00
65132.00
65135.00
65145.00
65138.00
65151.00
65138.00
65139.00
65132.00
65134.00
65133.00
65140.00
65140.00
65132.00
65135.00
65121.00
65129.00
65136.00
65127.00
65139.00
65142.00
65142.00
65142.00
65150.00
65140.00
65146.00
65150.00
65138.00
65142.00
65136.00
65138.00
65133.00
65138.00
65147.00
65149.00
65135.00
65127.00
65139.00
65147.00
65139.00
65138.00
65125.00
65136.00
65125.00
65133.00
65130.00
65140.00
65138.00
65138.00
65145.00
65139.00
65135.00
65136.00
65146.00
65145.00
65140.00
65144.00
65140.00
65124.00
65133.00
65124.00
65116.00
65129.00
65126.00
65131.00
65126.00
65138.00
65140.00
65128.00
65130.00
65130.00
65114.00
65103.00
65117.00
65114.00
65122.00
65113.00
65124.00
65109.00
65113.00
65142.00
65112.00
65115.00
65113.00
65108.00
65124.00
65117.00
65115.00
65108.00
65102.00
65119.00
65108.00
65098.00
65112.00
65113.00
65109.00
65113.00
65117.00
65115.00
65118.00
65126.00
65099.00
65104.00
65092.00
65099.00
65105.00
65105.00
65100.00
65108.00
65112.00
65111.00
65122.00
65115.00
65112.00
65111.00
65112.00
65101.00
65105.00
65117.00
65111.00
65115.00
65097.00
65098.00
65104.00
65106.00
65112.00
65108.00
65115.00
65109.00
65115.00
65115.00
65111.00
65105.00
65109.00
65110.00
65112.00
65100.00
65100.00
65112.00
65099.00
65116.00
65119.00
65109.00
65104.00
65122.00
65121.00
65108.00
65100.00
65107.00
65100.00
65125.00
65103.00
65109.00
65113.00
65107.00
65109.00
65118.00
65094.00
65099.00
65118.00
65117.00
65115.00
65116.00
65104.00
65098.00
65118.00
65103.00
65109.00
65109.00
65123.00
65112.00
65113.00
65103.00
65116.00
65123.00
65122.00
65115.00
65106.00
65096.00
65119.00
65113.00
65115.00
65103.00
65106.00
65106.00
65118.00
65116.00
65111.00
65115.00
65117.00
65119.00
65109.00
65123.00
65114.00
65124.00
65109.00
65116.00
65100.00
65109.00
65103.00
65110.00
65113.00
65110.00
65103.00
65109.00
65099.00
65115.00
65107.00
65115.00
65120.00
65112.00
65113.00
65122.00
65106.00
65111.00
65110.00
65110.00
65119.00
65105.00
65096.00
65115.00
65124.00
65112.00
65114.00
65110.00
65116.00
65114.00
65108.00
65121.00
65106.00
65109.00
65123.00
65107.00
65107.00
65109.00
65111.00
65115.00
65115.00
65113.00
65116.00
65122.00
65120.00
65123.00
65104.00
65097.00
65108.00
65104.00
65122.00
65099.00
65105.00
65113.00
65116.00
65108.00
65104.00
65114.00
65101.00
65104.00
65114.00
65101.00
65117.00
65102.00
65116.00
65112.00
65097.00
65093.00
65096.00
65112.00
65101.00
65110.00
65101.00
65115.00
65114.00
65125.00
65110.00
65116.00
65102.00
65110.00
65116.00
65105.00
65102.00
65107.00
65104.00
65115.00
65104.00
65108.00
65115.00
65115.00
65121.00
65116.00
65102.00
65114.00
65116.00
65113.00
65114.00
65099.00
65111.00
65113.00
65113.00
65111.00
65111.00
65106.00
65119.00
65116.00
65115.00
65113.00
65114.00
65113.00
65111.00
65096.00
65100.00
65105.00
65110.00
65110.00
65109.00
65100.00
65119.00
65117.00
65117.00
65114.00
65102.00
65105.00
65114.00
65110.00
65121.00
65111.00
65115.00
65111.00
65119.00
65114.00
65119.00
65117.00
65124.00
65118.00
65113.00
65090.00
65105.00
65111.00
65103.00
65107.00
65118.00
65115.00
65122.00
65112.00
65119.00
65103.00
65108.00
65109.00
65108.00
65105.00
65106.00
65104.00
65104.00
65107.00
65126.00
65094.00
65101.00
65111.00
65108.00
65111.00
65115.00
65092.00
65110.00
65124.00
65109.00
65110.00
65108.00
65102.00
65095.00
65113.00
65111.00
65098.00
65104.00
65096.00
65101.00
65094.00
65100.00
65115.00
65104.00
65116.00
65113.00
65114.00
65107.00
65101.00
65119.00
65106.00
65105.00
65096.00
65107.00
65103.00
65109.00
65096.00
65097.00
65105.00
65113.00
65122.00
65112.00
65104.00
65121.00
65107.00
65105.00
65097.00
65109.00
65107.00
65097.00
65113.00
65103.00
65102.00
65095.00
65096.00
65101.00
65097.00
65108.00
65112.00
65115.00
65117.00
65112.00
65115.00
65114.00
65111.00
65108.00
65110.00
65105.00
65110.00
65100.00
65117.00
65107.00
65105.00
65114.00
65117.00
65122.00
65112.00
65106.00
65117.00
65097.00
65104.00
65095.00
65100.00
65100.00
65104.00
65105.00
65102.00
65104.00
65116.00
65119.00
65117.00
65111.00
65118.00
65122.00
65114.00
65108.00
65100.00
65100.00
65102.00
65101.00
65102.00
65115.00
65109.00
65102.00
65116.00
65111.00
65115.00
65112.00
65114.00
65108.00
65102.00
65099.00
65100.00
65099.00
65098.00
65105.00
65104.00
65110.00
65124.00
65112.00
65113.00
65109.00
65105.00
65100.00
65120.00
65114.00
65110.00
65095.00
65102.00
65092.00
65123.00
65105.00
65125.00
65106.00
65120.00
65111.00
65118.00
65118.00
65111.00
65121.00
65121.00
65103.00
65106.00
65097.00
65106.00
65109.00
65110.00
65097.00
65108.00
65114.00
65110.00
65116.00
65110.00
65110.00
65114.00
65104.00
65103.00
65103.00
65108.00
65095.00
65109.00
65104.00
65100.00
65093.00
65092.00
65102.00
65109.00
65107.00
65108.00
65120.00
65108.00
65113.00
65101.00
65097.00
65088.00
65095.00
65097.00
65091.00
65100.00
65103.00
65106.00
65087.00
65093.00
65091.00
65096.00
65108.00
65089.00
65083.00
65080.00
65069.00
65089.00
65080.00
65089.00
65076.00
65086.00
65067.00
65070.00
65074.00
65063.00
65069.00
65072.00
65072.00
65068.00
65069.00
65070.00
65064.00
65051.00
65042.00
65030.00
65034.00
65044.00
65039.00
65036.00
65034.00
65037.00
65035.00
65035.00
65026.00
65026.00
65036.00
65029.00
65016.00
65021.00
65017.00
65018.00
65029.00
65031.00
65025.00
65021.00
65024.00
65024.00
65036.00
65025.00
65025.00
65033.00
65023.00
65029.00
65012.00
65020.00
65019.00
65020.00
65020.00
65019.00
65019.00
65024.00
65018.00
65026.00
65023.00
65026.00
65030.00
65027.00
65035.00
65036.00
65015.00
65021.00
65018.00
65034.00
65029.00
65023.00
65018.00
65034.00
65030.00
65035.00
65025.00
65024.00
65027.00
65026.00
65033.00
65028.00
65015.00
65028.00
65024.00
65022.00
65028.00
65016.00
65031.00
65030.00
65030.00
65032.00
65026.00
65029.00
65038.00
65027.00
65017.00
65024.00
65004.00
65015.00
65013.00
65019.00
65026.00
65021.00
65033.00
65031.00
65026.00
65032.00
65032.00
65022.00
65024.00
65020.00
65021.00
65030.00
65032.00
65025.00
65028.00
65023.00
65026.00
65024.00
65022.00
65021.00
65027.00
65028.00
65026.00
65030.00
65027.00
65025.00
65033.00
65029.00
65018.00
65016.00
65020.00
65020.00
65018.00
65033.00
65026.00
65028.00
65029.00
65036.00
65032.00
65034.00
65022.00
65022.00
65017.00
65025.00
65018.00
65018.00
65018.00
65023.00
65026.00
65025.00
65022.00
65026.00
65030.00
65027.00
65027.00
65031.00
65032.00
65032.00
65030.00
65026.00
65013.00
65020.00
65024.00
65027.00
65028.00
65027.00
65020.00
65023.00
65030.00
65023.00
65029.00
65013.00
65036.00
65026.00
65021.00
65009.00
65013.00
65035.00
65032.00
65028.00
65025.00
65032.00
65039.00
65030.00
65024.00
65029.00
65020.00
65031.00
65028.00
65032.00
65020.00
65018.00
65009.00
65025.00
65024.00
65019.00
65026.00
65011.00
65027.00
65024.00
65018.00
65025.00
65035.00
65032.00
65021.00
65017.00
65017.00
65017.00
65031.00
65033.00
65028.00
65018.00
65023.00
65018.00
65031.00
65030.00
65027.00
65022.00
65030.00
65018.00
65011.00
65013.00
65027.00
65013.00
65017.00
65024.00
65026.00
65019.00
65015.00
65023.00
65028.00
65024.00
65031.00
65034.00
65038.00
65027.00
65020.00
65028.00
65014.00
65024.00
65019.00
65018.00
65029.00
65028.00
65030.00
65028.00
65029.00
65031.00
65026.00
65028.00
65022.00
65029.00
65020.00
65021.00
65025.00
65022.00
65013.00
65020.00
65020.00
65026.00
65030.00
65027.00
65013.00
65025.00
65034.00
65020.00
65027.00
65019.00
65021.00
65021.00
65029.00
65015.00
65022.00
65016.00
65029.00
65024.00
65019.00
65024.00
65031.00
65032.00
65031.00
65023.00
65015.00
65027.00
65037.00
65028.00
65021.00
65028.00
65027.00
65032.00
65031.00
65024.00
65031.00
65032.00
65033.00
65028.00
65022.00
65024.00
65030.00
65023.00
65018.00
65016.00
65019.00
65018.00
65038.00
65022.00
65031.00
65016.00
65009.00
65037.00
65024.00
65028.00
65023.00
65032.00
65024.00
65018.00
65019.00
65020.00
65025.00
65020.00
65024.00
65026.00
65012.00
65022.00
65029.00
65036.00
65026.00
65025.00
65037.00
65032.00
65032.00
65028.00
65026.00
65026.00
65036.00
65029.00
65028.00
65008.00
65030.00
65034.00
65047.00
65028.00
65018.00
65031.00
65033.00
65030.00
65016.00
65027.00
65016.00
65038.00
65027.00
65031.00
65007.00
65030.00
65027.00
65013.00
65031.00
65030.00
65023.00
65031.00
65026.00
65021.00
65027.00
65015.00
65020.00
65026.00
65018.00
65019.00
65010.00
65024.00
65034.00
65022.00
65027.00
65027.00
65040.00
65033.00
65033.00
65024.00
65018.00
65021.00
65021.00
65034.00
65013.00
65030.00
65024.00
65025.00
65035.00
65028.00
65012.00
65034.00
65031.00
65025.00
65014.00
65025.00
65029.00
65028.00
65033.00
65022.00
65016.00
65024.00
65027.00
65020.00
65020.00
65016.00
65023.00
65025.00
65031.00
65027.00
65021.00
65033.00
65028.00
65020.00
65015.00
65012.00
65017.00
65021.00
65031.00
65023.00
65019.00
65018.00
65028.00
65046.00
65018.00
65028.00
65021.00
65033.00
65024.00
65025.00
65012.00
65031.00
65031.00
65023.00
65020.00
65019.00
65027.00
65034.00
65026.00
65020.00
65015.00
65025.00
65033.00
65033.00
65035.00
65022.00
65016.00
65012.00
65024.00
65016.00
65017.00
65024.00
65029.00
65028.00
65021.00
65022.00
65029.00
65031.00
65034.00
65032.00
65021.00
65029.00
65013.00
65021.00
65021.00
65018.00
65016.00
65017.00
65040.00
65028.00
65030.00
65025.00
65030.00
65029.00
65024.00
65026.00
65008.00
65019.00
65024.00
65025.00
65017.00
65018.00
65014.00
65029.00
65025.00
65019.00
65020.00
65025.00
65030.00
65021.00
65019.00
65018.00
65019.00
65019.00
65013.00
65007.00
64998.00
65013.00
65008.00
65016.00
65003.00
65009.00
65009.00
65011.00
64998.00
64998.00
64990.00
64995.00
64982.00
64996.00
64978.00
64967.00
64974.00
64992.00
64980.00
64976.00
64975.00
64964.00
64973.00
64967.00
64970.00
64950.00
64945.00
64969.00
64958.00
64950.00
64955.00
64940.00
64949.00
64938.00
64945.00
64940.00
64943.00
64946.00
64950.00
64950.00
64941.00
64935.00
64932.00
64927.00
64936.00
64941.00
64937.00
64939.00
64943.00
64932.00
64923.00
64934.00
64928.00
64937.00
64939.00
64931.00
64939.00
64943.00
64948.00
64917.00
64928.00
64929.00
64925.00
64936.00
64929.00
64939.00
64924.00
64936.00
64934.00
64939.00
64918.00
64930.00
64937.00
64933.00
64931.00
64926.00
64914.00
64929.00
64933.00
64927.00
64932.00
64929.00
64938.00
64941.00
64945.00
64934.00
64929.00
64941.00
64946.00
64943.00
64942.00
64928.00
64935.00
64947.00
64937.00
64931.00
64934.00
64934.00
64931.00
64937.00
64932.00
64938.00
64939.00
64945.00
64948.00
64936.00
64929.00
64928.00
64934.00
64942.00
64941.00
64923.00
64936.00
64941.00
64948.00
64938.00
64935.00
64934.00
64940.00
64930.00
64948.00
64933.00
64938.00
64938.00
64936.00
64926.00
64924.00
64935.00
64929.00
64929.00
64935.00
64926.00
64934.00
64940.00
64936.00
64940.00
64937.00
64928.00
64933.00
64939.00
64933.00
64919.00
64916.00
64924.00
64930.00
64933.00
64939.00
64934.00
64947.00
64948.00
64932.00
64930.00
64929.00
64930.00
64940.00
64925.00
64928.00
64934.00
64922.00
64933.00
64936.00
64934.00
64925.00
64932.00
64942.00
64937.00
64941.00
64931.00
64943.00
64947.00
64920.00
64927.00
64940.00
64922.00
64926.00
64936.00
64920.00
64935.00
64934.00
64941.00
64940.00
64939.00
64920.00
64945.00
64937.00
64930.00
64916.00
64920.00
64932.00
64938.00
64928.00
64921.00
64928.00
64926.00
64928.00
64928.00
64924.00
64927.00
64937.00
64936.00
64940.00
64928.00
64924.00
64924.00
64927.00
64930.00
64938.00
64924.00
64932.00
64926.00
64929.00
64935.00
64930.00
64939.00
64932.00
64940.00
64931.00
64931.00
64924.00
64940.00
64926.00
64930.00
64926.00
64933.00
64938.00
64928.00
64932.00
64928.00
64931.00
64936.00
64933.00
64938.00
64943.00
64943.00
64936.00
64930.00
64913.00
64929.00
64918.00
64925.00
64934.00
64929.00
64932.00
64925.00
64930.00
64940.00
64944.00
64930.00
64931.00
64932.00
64941.00
64924.00
64923.00
64939.00
64928.00
64929.00
64931.00
64933.00
64934.00
64938.00
64929.00
64928.00
64930.00
64933.00
64932.00
64944.00
64928.00
64916.00
64912.00
64922.00
64941.00
64934.00
64921.00
64920.00
64931.00
64944.00
64940.00
64944.00
64935.00
64931.00
64941.00
64916.00
64916.00
64923.00
64926.00
64926.00
64929.00
64912.00
64922.00
64935.00
64939.00
64931.00
64951.00
64915.00
64913.00
64926.00
64936.00
64931.00
64932.00
64922.00
64922.00
64922.00
64925.00
64929.00
64932.00
64930.00
64939.00
64933.00
64913.00
64918.00
64932.00
64924.00
64921.00
64917.00
64932.00
64919.00
64930.00
64919.00
64933.00
64939.00
64933.00
64934.00
64924.00
64910.00
64913.00
64921.00
64927.00
64935.00
64923.00
64929.00
64932.00
64926.00
64931.00
64928.00
64932.00
64929.00
64940.00
64939.00
64931.00
64934.00
64936.00
64925.00
64931.00
64924.00
64929.00
64924.00
64930.00
64930.00
64926.00
64907.00
64918.00
64939.00
64945.00
64934.00
64925.00
64924.00
64935.00
64933.00
64918.00
64923.00
64924.00
64917.00
64929.00
64910.00
64923.00
64930.00
64940.00
64933.00
64926.00
64919.00
64937.00
64930.00
64926.00
64927.00
64921.00
64924.00
64936.00
64944.00
64922.00
64919.00
64924.00
64934.00
64940.00
64934.00
64933.00
64923.00
64933.00
64927.00
64921.00
64917.00
64913.00
64918.00
64931.00
64913.00
64933.00
64934.00
64933.00
64941.00
64917.00
64915.00
64936.00
64928.00
64934.00
64933.00
64928.00
64922.00
64922.00
64919.00
64914.00
64925.00
64924.00
64921.00
64933.00
64934.00
64929.00
64930.00
64924.00
64941.00
64930.00
64917.00
