44041.00
43983.00
44014.00
44042.00
44050.00
44027.00
43996.00
44008.00
44036.00
44068.00
44053.00
44020.00
44009.00
44039.00
44060.00
44033.00
44011.00
43999.00
44040.00
44066.00
44044.00
44011.00
43998.00
44020.00
44054.00
44034.00
44009.00
44009.00
44057.00
44053.00
44051.00
44022.00
44005.00
44035.00
44060.00
44053.00
44029.00
44037.00
44052.00
44068.00
44073.00
44059.00
44018.00
44050.00
44078.00
44064.00
44041.00
44015.00
44043.00
44080.00
44062.00
44045.00
44017.00
44031.00
44061.00
44068.00
44042.00
44035.00
44051.00
44062.00
44081.00
44062.00
44045.00
44053.00
44062.00
44076.00
44051.00
44032.00
44045.00
44062.00
44082.00
44074.00
44043.00
44047.00
44076.00
44094.00
44077.00
44055.00
44063.00
44081.00
44081.00
44072.00
44048.00
44054.00
44087.00
44094.00
44074.00
44043.00
44051.00
44086.00
44090.00
44093.00
44046.00
44060.00
44082.00
44116.00
44108.00
44082.00
44058.00
44078.00
44113.00
44115.00
44076.00
44074.00
44097.00
44127.00
44125.00
44104.00
44073.00
44106.00
44116.00
44112.00
44091.00
44073.00
44088.00
44130.00
44122.00
44108.00
44096.00
44099.00
44138.00
44132.00
44118.00
44098.00
44098.00
44130.00
44125.00
44115.00
44099.00
44094.00
44130.00
44129.00
44133.00
44093.00
44105.00
44140.00
44143.00
44135.00
44102.00
44108.00
44138.00
44149.00
44156.00
44107.00
44109.00
44144.00
44156.00
44162.00
44126.00
44137.00
44166.00
44203.00
44201.00
44164.00
44152.00
44224.00
44241.00
44251.00
44229.00
44222.00
44265.00
44293.00
44296.00
44297.00
44282.00
44303.00
44350.00
44334.00
44341.00
44317.00
44371.00
44403.00
44384.00
44367.00
44350.00
44342.00
44378.00
44361.00
44362.00
44338.00
44321.00
44374.00
44381.00
44355.00
44348.00
44361.00
44388.00
44406.00
44380.00
44378.00
44390.00
44407.00
44423.00
44421.00
44419.00
44424.00
44452.00
44458.00
44455.00
44427.00
44449.00
44478.00
44499.00
44482.00
44455.00
44461.00
44489.00
44513.00
44493.00
44466.00
44467.00
44489.00
44514.00
44500.00
44455.00
44430.00
44457.00
44466.00
44465.00
44431.00
44423.00
44432.00
44446.00
44439.00
44413.00
44413.00
44420.00
44447.00
44424.00
44394.00
44383.00
44390.00
44409.00
44395.00
44377.00
44358.00
44362.00
44394.00
44384.00
44356.00
44349.00
44351.00
44387.00
44384.00
44354.00
44357.00
44350.00
44392.00
44399.00
44382.00
44353.00
44365.00
44380.00
44380.00
44379.00
44360.00
44360.00
44385.00
44396.00
44379.00
44332.00
44352.00
44380.00
44403.00
44377.00
44359.00
44343.00
44369.00
44384.00
44346.00
44324.00
44326.00
44349.00
44358.00
44340.00
44322.00
44321.00
44319.00
44346.00
44330.00
44295.00
44287.00
44333.00
44348.00
44337.00
44305.00
44296.00
44314.00
44357.00
44343.00
44329.00
44317.00
44311.00
44366.00
44349.00
44323.00
44306.00
44327.00
44351.00
44341.00
44317.00
44292.00
44305.00
44343.00
44348.00
44316.00
44311.00
44306.00
44353.00
44345.00
44333.00
44294.00
44315.00
44356.00
44348.00
44331.00
44305.00
44315.00
44360.00
44339.00
44333.00
44297.00
44307.00
44334.00
44346.00
44329.00
44306.00
44306.00
44337.00
44354.00
44352.00
44308.00
44314.00
44335.00
44365.00
44356.00
44315.00
44335.00
44355.00
44389.00
44386.00
44370.00
44375.00
44411.00
44442.00
44452.00
44472.00
44484.00
44528.00
44605.00
44640.00
44647.00
44683.00
44761.00
44835.00
44884.00
44908.00
44945.00
45014.00
45090.00
45135.00
45165.00
45197.00
45264.00
45333.00
45384.00
45419.00
45447.00
45504.00
45570.00
45616.00
45658.00
45671.00
45708.00
45772.00
45809.00
45830.00
45826.00
45859.00
45906.00
45937.00
45928.00
45939.00
45970.00
46014.00
46037.00
46041.00
46043.00
46065.00
46108.00
46165.00
46174.00
46189.00
46213.00
46265.00
46309.00
46292.00
46271.00
46264.00
46281.00
46297.00
46281.00
46236.00
46213.00
46201.00
46177.00
46121.00
46061.00
45986.00
45950.00
45903.00
45814.00
45717.00
45640.00
45555.00
45488.00
45414.00
45306.00
45183.00
45086.00
45013.00
44919.00
44847.00
44776.00
44740.00
44717.00
44673.00
44586.00
44529.00
44508.00
44488.00
44438.00
44390.00
44328.00
44333.00
44320.00
44286.00
44242.00
44195.00
44183.00
44185.00
44189.00
44158.00
44120.00
44110.00
44160.00
44172.00
44172.00
44144.00
44134.00
44148.00
44142.00
44145.00
44080.00
44102.00
44112.00
44129.00
44136.00
44125.00
44147.00
44176.00
44236.00
44273.00
44264.00
44314.00
44377.00
44463.00
44506.00
44552.00
44628.00
44727.00
44819.00
44900.00
44963.00
45049.00
45117.00
45222.00
45275.00
45318.00
45363.00
45451.00
45526.00
45573.00
45606.00
45641.00
45697.00
45754.00
45798.00
45819.00
45827.00
45850.00
45901.00
45910.00
45934.00
45928.00
45943.00
45996.00
46018.00
46010.00
46016.00
46051.00
46106.00
46127.00
46150.00
46148.00
46172.00
46210.00
46251.00
46242.00
46254.00
46264.00
46300.00
46308.00
46265.00
46246.00
46241.00
46245.00
46227.00
46165.00
46107.00
46036.00
45980.00
45919.00
45827.00
45698.00
45579.00
45488.00
45406.00
45297.00
45160.00
45036.00
44944.00
44878.00
44783.00
44688.00
44602.00
44550.00
44514.00
44463.00
44382.00
44336.00
44300.00
44312.00
44277.00
44248.00
44214.00
44210.00
44227.00
44206.00
44165.00
44132.00
44125.00
44152.00
44137.00
44123.00
44074.00
44076.00
44096.00
44084.00
44068.00
44015.00
44018.00
44047.00
44069.00
44034.00
44028.00
44059.00
44127.00
44152.00
44165.00
44176.00
44220.00
44293.00
44352.00
44386.00
44420.00
44495.00
44576.00
44662.00
44726.00
44772.00
44824.00
44923.00
45000.00
45053.00
45101.00
45158.00
45248.00
45287.00
45343.00
45346.00
45392.00
45454.00
45534.00
45576.00
45584.00
45638.00
45696.00
45755.00
45782.00
45802.00
45834.00
45902.00
45941.00
45968.00
45959.00
45996.00
46036.00
46113.00
46126.00
46150.00
46184.00
46233.00
46305.00
46343.00
46372.00
46415.00
46465.00
46521.00
46555.00
46573.00
46566.00
46585.00
46629.00
46624.00
46595.00
46548.00
46528.00
46512.00
46459.00
46377.00
46263.00
46197.00
46133.00
46017.00
45896.00
45753.00
45652.00
45605.00
45493.00
45395.00
45246.00
45116.00
45052.00
44948.00
44845.00
44742.00
44660.00
44612.00
44556.00
44490.00
44409.00
44382.00
44354.00
44346.00
44307.00
44249.00
44245.00
44244.00
44238.00
44206.00
44188.00
44193.00
44218.00
44239.00
44233.00
44211.00
44197.00
44213.00
44231.00
44229.00
44203.00
44177.00
44189.00
44200.00
44176.00
44126.00
44103.00
44120.00
44149.00
44165.00
44147.00
44146.00
44188.00
44267.00
44290.00
44310.00
44326.00
44378.00
44445.00
44498.00
44528.00
44566.00
44650.00
44770.00
44841.00
44900.00
44961.00
45046.00
45141.00
45229.00
45273.00
45329.00
45399.00
45494.00
45579.00
45642.00
45680.00
45744.00
45819.00
45879.00
45903.00
45925.00
45944.00
46005.00
46044.00
46049.00
46064.00
46094.00
46130.00
46155.00
46172.00
46165.00
46177.00
46218.00
46276.00
46282.00
46265.00
46302.00
46319.00
46363.00
46347.00
46353.00
46348.00
46383.00
46406.00
46395.00
46366.00
46342.00
46327.00
46326.00
46276.00
46201.00
46143.00
46082.00
45983.00
45875.00
45774.00
45649.00
45525.00
45451.00
45341.00
45205.00
45069.00
44963.00
44866.00
44797.00
44693.00
44611.00
44554.00
44515.00
44465.00
44396.00
44340.00
44309.00
44309.00
44293.00
44263.00
44266.00
44300.00
44398.00
44471.00
44672.00
45054.00
45559.00
45992.00
46412.00
46712.00
46991.00
47225.00
47423.00
47531.00
47562.00
47555.00
47551.00
47600.00
47617.00
47561.00
47488.00
47438.00
47392.00
47328.00
47166.00
46978.00
46771.00
46548.00
46302.00
46002.00
45696.00
45387.00
45108.00
44888.00
44670.00
44550.00
44467.00
44417.00
44430.00
44430.00
44425.00
44439.00
44481.00
44556.00
44616.00
44625.00
44684.00
44755.00
44864.00
44930.00
45002.00
45066.00
45152.00
45271.00
45331.00
45385.00
45423.00
45517.00
45611.00
45679.00
45732.00
45795.00
45870.00
45954.00
46022.00
46068.00
46092.00
46145.00
46206.00
46254.00
46273.00
46290.00
46334.00
46398.00
46452.00
46469.00
46476.00
46528.00
46577.00
46626.00
46623.00
46614.00
46624.00
46655.00
46656.00
46655.00
46626.00
46623.00
46644.00
46656.00
46627.00
46564.00
46514.00
46485.00
46467.00
46408.00
46343.00
46261.00
46199.00
46146.00
46043.00
45865.00
45729.00
45624.00
45507.00
45392.00
45238.00
45066.00
44954.00
44869.00
44772.00
44678.00
44576.00
44518.00
44510.00
44488.00
44448.00
44381.00
44387.00
44422.00
44464.00
44533.00
44650.00
44921.00
45335.00
45694.00
46010.00
46318.00
46589.00
46786.00
46893.00
46872.00
46767.00
46726.00
46750.00
46839.00
46875.00
46876.00
46903.00
46974.00
47002.00
46992.00
46997.00
46980.00
46985.00
46966.00
46914.00
46794.00
46659.00
46519.00
46333.00
46110.00
45878.00
45674.00
45490.00
45265.00
45023.00
44793.00
44604.00
44520.00
44499.00
44451.00
44422.00
44408.00
44435.00
44491.00
44516.00
44553.00
44617.00
44705.00
44810.00
44884.00
44964.00
45051.00
45152.00
45262.00
45369.00
45429.00
45510.00
45598.00
45719.00
45776.00
45827.00
45880.00
45956.00
46044.00
46101.00
46110.00
46133.00
46172.00
46241.00
46255.00
46273.00
46289.00
46307.00
46362.00
46403.00
46407.00
46387.00
46432.00
46470.00
46501.00
46512.00
46497.00
46523.00
46549.00
46569.00
46555.00
46542.00
46534.00
46570.00
46560.00
46544.00
46498.00
46479.00
46467.00
46456.00
46414.00
46344.00
46304.00
46242.00
46171.00
46038.00
45897.00
45743.00
45625.00
45521.00
45385.00
45202.00
45049.00
44958.00
44872.00
44771.00
44655.00
44585.00
44554.00
44531.00
44482.00
44433.00
44410.00
44448.00
44494.00
44547.00
44672.00
44900.00
45339.00
45800.00
46228.00
46579.00
46829.00
47083.00
47225.00
47281.00
47282.00
47255.00
47276.00
47350.00
47412.00
47435.00
47443.00
47474.00
47520.00
47517.00
47473.00
47413.00
47376.00
47330.00
47198.00
47011.00
46778.00
46560.00
46361.00
46154.00
45863.00
45551.00
45240.00
44955.00
44734.00
44597.00
44487.00
44446.00
44475.00
44490.00
44490.00
44494.00
44529.00
44605.00
44675.00
44729.00
44769.00
44844.00
44926.00
45045.00
45098.00
45174.00
45249.00
45342.00
45447.00
45526.00
45595.00
45648.00
45744.00
45853.00
45922.00
45975.00
46019.00
46099.00
46179.00
46230.00
46257.00
46268.00
46313.00
46375.00
46410.00
46422.00
46418.00
46466.00
46533.00
46577.00
46609.00
46639.00
46688.00
46735.00
46776.00
46786.00
46782.00
46814.00
46849.00
46863.00
46855.00
46844.00
46849.00
46866.00
46857.00
46810.00
46751.00
46702.00
46681.00
46651.00
46557.00
46473.00
46371.00
46290.00
46180.00
46021.00
45874.00
45745.00
45654.00
45583.00
45420.00
45257.00
45127.00
45029.00
44943.00
44851.00
44751.00
44671.00
44627.00
44589.00
44530.00
44450.00
44393.00
44388.00
44410.00
44415.00
44427.00
44488.00
44604.00
44841.00
45240.00
45559.00
45912.00
46245.00
46531.00
46695.00
46782.00
46835.00
46882.00
46934.00
46992.00
47020.00
47078.00
47144.00
47208.00
47247.00
47227.00
47224.00
47204.00
47230.00
47224.00
47126.00
46994.00
46848.00
46723.00
46522.00
46325.00
46095.00
45846.00
45597.00
45337.00
45032.00
44763.00
44601.00
44541.00
44508.00
44465.00
44450.00
44466.00
44518.00
44563.00
44608.00
44614.00
44658.00
44750.00
44850.00
44920.00
44976.00
45069.00
45188.00
45317.00
45392.00
45461.00
45559.00
45658.00
45744.00
45788.00
45851.00
45913.00
45995.00
46100.00
46154.00
46206.00
46247.00
46304.00
46381.00
46419.00
46445.00
46494.00
46533.00
46602.00
46622.00
46628.00
46641.00
46675.00
46708.00
46705.00
46701.00
46678.00
46690.00
46712.00
46726.00
46692.00
46671.00
46658.00
46669.00
46650.00
46604.00
46527.00
46487.00
46467.00
46418.00
46359.00
46255.00
46159.00
46108.00
45982.00
45871.00
45693.00
45570.00
45478.00
45369.00
45202.00
45038.00
44915.00
44826.00
44771.00
44706.00
44621.00
44554.00
44530.00
44528.00
44501.00
44470.00
44487.00
44520.00
44607.00
44722.00
44959.00
45338.00
45681.00
46001.00
46241.00
46383.00
46491.00
46504.00
46517.00
46525.00
46575.00
46640.00
46705.00
46761.00
46813.00
46792.00
46817.00
46829.00
46862.00
46842.00
46789.00
46750.00
46692.00
46657.00
46523.00
46325.00
46169.00
45991.00
45835.00
45641.00
45437.00
45204.00
44978.00
44797.00
44649.00
44532.00
44460.00
44439.00
44469.00
44476.00
44467.00
44497.00
44529.00
44599.00
44643.00
44710.00
44749.00
44842.00
44959.00
45049.00
45147.00
45194.00
45294.00
45428.00
45531.00
45584.00
45651.00
45718.00
45810.00
45904.00
45947.00
45988.00
46033.00
46106.00
46191.00
46228.00
46235.00
46277.00
46345.00
46411.00
46437.00
46458.00
46520.00
46571.00
46647.00
46686.00
46692.00
46708.00
46757.00
46808.00
46797.00
46770.00
46760.00
46775.00
46809.00
46814.00
46782.00
46772.00
46766.00
46794.00
46774.00
46710.00
46640.00
46615.00
46592.00
46531.00
46450.00
46356.00
46264.00
46169.00
46039.00
45899.00
45754.00
45665.00
45584.00
45488.00
45320.00
45178.00
45078.00
44988.00
44930.00
44837.00
44746.00
44686.00
44640.00
44599.00
44553.00
44490.00
44452.00
44456.00
44436.00
44396.00
44373.00
44391.00
44444.00
44528.00
44639.00
44849.00
45153.00
45463.00
45739.00
45933.00
46060.00
46195.00
46334.00
46490.00
46561.00
46564.00
46579.00
46582.00
46602.00
46597.00
46554.00
46526.00
46552.00
46534.00
46478.00
46361.00
46243.00
46134.00
46014.00
45860.00
45646.00
45418.00
45248.00
45067.00
44883.00
44689.00
44523.00
44466.00
44484.00
44431.00
44391.00
44343.00
44387.00
44412.00
44427.00
44436.00
44439.00
44475.00
44524.00
44563.00
44599.00
44615.00
44667.00
44723.00
44790.00
44833.00
44853.00
44904.00
44989.00
45066.00
45100.00
45123.00
45176.00
45263.00
45322.00
45378.00
45428.00
45506.00
45607.00
45665.00
45706.00
45758.00
45811.00
45904.00
45991.00
46050.00
46130.00
46196.00
46281.00
46365.00
46413.00
46453.00
46525.00
46601.00
46665.00
46713.00
46735.00
46784.00
46833.00
46887.00
46918.00
46909.00
46940.00
47020.00
47071.00
47092.00
47094.00
47096.00
47123.00
47161.00
47149.00
47112.00
47069.00
47066.00
47045.00
47020.00
46961.00
46914.00
46880.00
46877.00
46802.00
46716.00
46618.00
46534.00
46453.00
46375.00
46265.00
46151.00
46055.00
45970.00
45864.00
45759.00
45598.00
45503.00
45393.00
45313.00
45181.00
45065.00
44964.00
44903.00
44856.00
44783.00
44678.00
44625.00
44594.00
44565.00
44504.00
44441.00
44397.00
44390.00
44392.00
44402.00
44398.00
44450.00
44615.00
44894.00
45188.00
45444.00
45761.00
46114.00
46403.00
46576.00
46675.00
46791.00
46901.00
46996.00
47076.00
47097.00
47130.00
47186.00
47234.00
47238.00
47191.00
47129.00
47101.00
47061.00
46955.00
46795.00
46623.00
46477.00
46326.00
46123.00
45823.00
45526.00
45273.00
45058.00
44830.00
44662.00
44535.00
44487.00
44511.00
44484.00
44483.00
44463.00
44502.00
44556.00
44603.00
44647.00
44662.00
44727.00
44790.00
44874.00
44902.00
44946.00
45038.00
45153.00
45245.00
45326.00
45365.00
45435.00
45548.00
45675.00
45748.00
45819.00
45905.00
46012.00
46104.00
46167.00
46209.00
46264.00
46337.00
46403.00
46441.00
46478.00
46536.00
46588.00
46668.00
46700.00
46741.00
46770.00
46837.00
46919.00
46943.00
46949.00
46954.00
46976.00
47001.00
46998.00
46969.00
46945.00
46949.00
46965.00
46962.00
46942.00
46938.00
46938.00
46961.00
46939.00
46899.00
46829.00
46784.00
46768.00
46709.00
46617.00
46521.00
46442.00
46347.00
46230.00
46088.00
45923.00
45801.00
45726.00
45614.00
45484.00
45355.00
45237.00
45126.00
45047.00
44942.00
44858.00
44800.00
44751.00
44725.00
44639.00
44571.00
44532.00
44525.00
44507.00
44463.00
44416.00
44386.00
44388.00
44389.00
44389.00
44395.00
44443.00
44574.00
44754.00
44936.00
45097.00
45279.00
45391.00
45533.00
45626.00
45698.00
45742.00
45788.00
45822.00
45809.00
45792.00
45809.00
45849.00
45914.00
45929.00
45913.00
45900.00
45929.00
45946.00
45906.00
45813.00
45715.00
45651.00
45551.00
45408.00
45210.00
45019.00
44887.00
44770.00
44613.00
44484.00
44404.00
44355.00
44375.00
44370.00
44357.00
44361.00
44381.00
44444.00
44500.00
44532.00
44580.00
44644.00
44734.00
44825.00
44896.00
44968.00
45051.00
45184.00
45312.00
45390.00
45445.00
45535.00
45655.00
45756.00
45831.00
45885.00
45967.00
46066.00
46164.00
46208.00
46228.00
46264.00
46353.00
46402.00
46453.00
46470.00
46496.00
46564.00
46638.00
46674.00
46666.00
46705.00
46762.00
46809.00
46803.00
46817.00
46815.00
46834.00
46849.00
46850.00
46821.00
46809.00
46815.00
46836.00
46809.00
46774.00
46779.00
46790.00
46809.00
46804.00
46753.00
46726.00
46725.00
46718.00
46674.00
46619.00
46536.00
46488.00
46417.00
46321.00
46165.00
46023.00
45907.00
45801.00
45682.00
45550.00
45448.00
45372.00
45282.00
45166.00
45051.00
44922.00
44856.00
44827.00
44768.00
44699.00
44608.00
44569.00
44567.00
44545.00
44478.00
44418.00
44386.00
44369.00
44376.00
44346.00
44326.00
44304.00
44331.00
44365.00
44403.00
44452.00
44574.00
44747.00
45005.00
45207.00
45383.00
45562.00
45744.00
45895.00
45971.00
46018.00
46054.00
46102.00
46144.00
46142.00
46140.00
46098.00
46113.00
46099.00
46063.00
46005.00
45979.00
45979.00
46000.00
45954.00
45923.00
45917.00
45910.00
45928.00
45897.00
45822.00
45750.00
45666.00
45626.00
45490.00
45381.00
45254.00
45150.00
45063.00
44965.00
44822.00
44719.00
44657.00
44618.00
44559.00
44502.00
44440.00
44405.00
44415.00
44390.00
44367.00
44336.00
44334.00
44381.00
44391.00
44370.00
44346.00
44361.00
44398.00
44414.00
44402.00
44400.00
44404.00
44438.00
44457.00
44445.00
44431.00
44434.00
44452.00
44477.00
44486.00
44449.00
44458.00
44494.00
44511.00
44509.00
44484.00
44490.00
44512.00
44527.00
44519.00
44511.00
44506.00
44518.00
44527.00
44526.00
44501.00
44487.00
44503.00
44529.00
44525.00
44504.00
44513.00
44517.00
44554.00
44560.00
44550.00
44527.00
44562.00
44589.00
44583.00
44586.00
44556.00
44585.00
44590.00
44605.00
44596.00
44574.00
44584.00
44606.00
44616.00
44596.00
44583.00
44600.00
44612.00
44628.00
44624.00
44609.00
44625.00
44653.00
44661.00
44626.00
44625.00
44650.00
44678.00
44689.00
44667.00
44667.00
44664.00
44675.00
44673.00
44657.00
44646.00
44643.00
44653.00
44647.00
44626.00
44603.00
44601.00
44629.00
44637.00
44608.00
44599.00
44616.00
44636.00
44661.00
44667.00
44628.00
44625.00
44641.00
44671.00
44662.00
44642.00
44653.00
44673.00
44691.00
44697.00
44672.00
44664.00
44667.00
44690.00
44668.00
44622.00
44609.00
44614.00
44639.00
44611.00
44564.00
44540.00
44526.00
44546.00
44531.00
44504.00
44482.00
44477.00
44502.00
44498.00
44456.00
44443.00
44422.00
44426.00
44409.00
44395.00
44356.00
44356.00
44366.00
44374.00
44345.00
44314.00
44320.00
44345.00
44358.00
44348.00
44310.00
44323.00
44368.00
44408.00
44405.00
44418.00
44445.00
44498.00
44554.00
44574.00
44601.00
44644.00
44695.00
44749.00
44772.00
44743.00
44755.00
44786.00
44789.00
44770.00
44729.00
44747.00
44747.00
44746.00
44728.00
44704.00
44684.00
44705.00
44718.00
44691.00
44662.00
44639.00
44648.00
44675.00
44654.00
44610.00
44608.00
44607.00
44621.00
44599.00
44583.00
44553.00
44561.00
44592.00
44567.00
44547.00
44497.00
44514.00
44558.00
44534.00
44488.00
44477.00
44499.00
44515.00
44516.00
44487.00
44473.00
44476.00
44533.00
44530.00
44503.00
44459.00
44472.00
44496.00
44519.00
44493.00
44475.00
44470.00
44496.00
44497.00
44475.00
44433.00
44435.00
44472.00
44473.00
44444.00
44410.00
44428.00
44439.00
44459.00
44428.00
44393.00
44399.00
44436.00
44446.00
44434.00
44404.00
44394.00
44439.00
44448.00
44416.00
44407.00
44414.00
44446.00
44458.00
44438.00
44390.00
44399.00
44429.00
44445.00
44439.00
44416.00
44411.00
44411.00
44460.00
44457.00
44413.00
44402.00
44411.00
44445.00
44433.00
44411.00
44405.00
44414.00
44444.00
44423.00
44425.00
44394.00
44418.00
44440.00
44432.00
44406.00
44374.00
44386.00
44422.00
44433.00
44397.00
44379.00
44375.00
44431.00
44411.00
44396.00
44370.00
44366.00
44408.00
44413.00
44395.00
44364.00
44366.00
44406.00
44407.00
44401.00
44367.00
44367.00
44386.00
44422.00
44408.00
44363.00
44374.00
44397.00
44416.00
44405.00
44375.00
44379.00
44400.00
44425.00
44398.00
44352.00
44385.00
44394.00
44425.00
44405.00
44375.00
44356.00
44394.00
44417.00
44405.00
44368.00
44353.00
44381.00
44401.00
44400.00
44362.00
44358.00
44368.00
44408.00
44384.00
44371.00
44347.00
44374.00
44393.00
44391.00
44369.00
44351.00
44370.00
44390.00
44397.00
44359.00
44346.00
44373.00
44398.00
44382.00
44371.00
44337.00
44362.00
44381.00
44373.00
44382.00
44341.00
44353.00
44390.00
44387.00
44369.00
44346.00
44342.00
44387.00
44385.00
44348.00
44341.00
44323.00
44371.00
44370.00
44360.00
44331.00
44324.00
44355.00
44370.00
44348.00
44306.00
44326.00
44337.00
44354.00
44338.00
44324.00
44313.00
44339.00
44341.00
44342.00
44294.00
44299.00
44313.00
44344.00
44325.00
44289.00
44287.00
44322.00
44331.00
44329.00
44292.00
44275.00
44308.00
44352.00
44326.00
44296.00
44279.00
44307.00
44336.00
44337.00
44310.00
44297.00
44306.00
44337.00
44345.00
44312.00
44286.00
44302.00
44342.00
44332.00
44327.00
44292.00
44303.00
44328.00
44332.00
44300.00
44292.00
44291.00
44322.00
44334.00
44308.00
44265.00
44310.00
44318.00
44328.00
44304.00
44285.00
44294.00
44321.00
44322.00
44297.00
44289.00
44274.00
44308.00
44331.00
44318.00
44268.00
44289.00
44314.00
44338.00
44314.00
44291.00
44256.00
44296.00
44315.00
44300.00
44266.00
44280.00
44286.00
44318.00
44293.00
44266.00
44259.00
44280.00
44294.00
44293.00
44271.00
44268.00
44275.00
44292.00
44286.00
44272.00
44247.00
44283.00
44296.00
44286.00
44254.00
44260.00
44257.00
44283.00
44287.00
44251.00
44238.00
44264.00
44302.00
44296.00
44281.00
44252.00
44258.00
44292.00
44292.00
44266.00
44235.00
44260.00
44276.00
44284.00
44262.00
44242.00
44255.00
44293.00
44276.00
44277.00
44251.00
44253.00
44288.00
44293.00
44282.00
44242.00
44253.00
44287.00
44295.00
44286.00
44249.00
44250.00
44278.00
44286.00
44267.00
44258.00
44246.00
44285.00
44289.00
44272.00
44236.00
44247.00
44279.00
44278.00
44270.00
44240.00
44242.00
44280.00
44291.00
44279.00
44255.00
44240.00
44260.00
44293.00
44275.00
44237.00
44245.00
44261.00
44265.00
44280.00
44238.00
44243.00
44253.00
44269.00
44278.00
44257.00
44246.00
44252.00
44295.00
44283.00
44242.00
44228.00
44243.00
44278.00
44272.00
44253.00
44227.00
44245.00
44272.00
44296.00
44266.00
44243.00
44246.00
44273.00
44271.00
44252.00
44225.00
44233.00
44255.00
44263.00
44249.00
44230.00
44242.00
44257.00
44277.00
44249.00
44225.00
44230.00
44262.00
44281.00
44265.00
44226.00
44226.00
44259.00
44286.00
44253.00
44227.00
44213.00
44250.00
44263.00
44261.00
44220.00
44233.00
44244.00
44274.00
44247.00
44215.00
44206.00
44232.00
44279.00
44247.00
44218.00
44216.00
44239.00
44267.00
44259.00
44227.00
44222.00
44249.00
44277.00
44265.00
44231.00
44219.00
44235.00
44268.00
44258.00
44238.00
44219.00
44235.00
44259.00
44285.00
44236.00
44234.00
44230.00
44248.00
44248.00
44239.00
44224.00
44228.00
44262.00
44257.00
44236.00
44205.00
44215.00
44248.00
44265.00
44242.00
44224.00
44237.00
44265.00
44262.00
44249.00
44218.00
44218.00
44265.00
44267.00
44259.00
44210.00
44226.00
44248.00
44282.00
44265.00
44234.00
44218.00
44251.00
44273.00
44269.00
44218.00
44208.00
44247.00
44271.00
44253.00
44216.00
44227.00
44251.00
44284.00
44264.00
44232.00
44222.00
44255.00
44276.00
44276.00
44256.00
44241.00
44245.00
44273.00
44276.00
44253.00
44246.00
44248.00
44274.00
44292.00
44255.00
44235.00
44240.00
44287.00
44274.00
44256.00
44235.00
44260.00
44297.00
44283.00
44269.00
44243.00
44243.00
44273.00
44287.00
44261.00
44219.00
44241.00
44284.00
44277.00
44255.00
44226.00
44253.00
44261.00
44274.00
44261.00
44235.00
44232.00
44266.00
44281.00
44277.00
44244.00
44242.00
44278.00
44271.00
44279.00
44252.00
44257.00
44268.00
44280.00
44272.00
44244.00
44241.00
44266.00
44290.00
44291.00
44252.00
44254.00
44259.00
44282.00
44278.00
44254.00
44232.00
44257.00
44297.00
44280.00
44236.00
44233.00
44246.00
44288.00
44284.00
44254.00
44238.00
44240.00
44288.00
44274.00
44244.00
44225.00
44243.00
44278.00
44280.00
44263.00
44214.00
44240.00
44270.00
44288.00
44251.00
44225.00
44235.00
44273.00
44274.00
44261.00
44220.00
44231.00
44279.00
44275.00
44247.00
44224.00
44240.00
44272.00
44271.00
44259.00
44235.00
44222.00
44248.00
44284.00
44257.00
44232.00
44221.00
44246.00
44272.00
44265.00
44223.00
44224.00
44258.00
44286.00
44253.00
44245.00
44227.00
44251.00
44291.00
44264.00
44238.00
44232.00
44263.00
44282.00
44278.00
44245.00
44230.00
44246.00
44281.00
44285.00
44246.00
44234.00
44261.00
44280.00
44284.00
44252.00
44235.00
44251.00
44271.00
44283.00
44260.00
44231.00
44251.00
44276.00
44283.00
44252.00
44226.00
44239.00
44282.00
44289.00
44267.00
44225.00
44251.00
44272.00
44285.00
44265.00
44236.00
44235.00
44268.00
44283.00
44270.00
44226.00
44235.00
44267.00
44285.00
44258.00
44240.00
44252.00
44254.00
44279.00
44257.00
44256.00
44239.00
44269.00
44285.00
44275.00
44231.00
44245.00
44259.00
44281.00
44288.00
44241.00
44252.00
44257.00
44279.00
44281.00
44236.00
44221.00
44249.00
44278.00
44277.00
44243.00
44231.00
44249.00
44274.00
44283.00
44236.00
44231.00
44233.00
44289.00
44276.00
44235.00
44238.00
44237.00
44282.00
44288.00
44264.00
44242.00
44241.00
44276.00
44275.00
44264.00
44239.00
44250.00
44287.00
44307.00
44249.00
44241.00
44237.00
44274.00
44301.00
44273.00
44246.00
44237.00
44269.00
44294.00
44271.00
44242.00
44241.00
44279.00
44286.00
44279.00
44238.00
44238.00
44269.00
44288.00
44291.00
44246.00
44228.00
44259.00
44301.00
44264.00
44263.00
44240.00
44266.00
44298.00
44291.00
44250.00
44247.00
44251.00
44283.00
44285.00
44247.00
44240.00
44264.00
44292.00
44291.00
44262.00
44257.00
44253.00
44282.00
44284.00
44254.00
44212.00
44245.00
44292.00
44279.00
44262.00
44226.00
44234.00
44286.00
44281.00
44264.00
44237.00
44238.00
44269.00
44287.00
44254.00
44232.00
44236.00
44265.00
44281.00
44269.00
44229.00
44244.00
44272.00
44274.00
44266.00
44238.00
44230.00
44288.00
44291.00
44270.00
44236.00
44246.00
44276.00
44286.00
44279.00
44250.00
44235.00
44263.00
44293.00
44288.00
44250.00
44248.00
44265.00
44288.00
44278.00
44238.00
44256.00
44261.00
44277.00
44279.00
44255.00
44231.00
44256.00
44296.00
44286.00
44251.00
44242.00
44258.00
44274.00
44275.00
44251.00
44240.00
44241.00
44275.00
44260.00
44250.00
44236.00
44257.00
44282.00
44289.00
44272.00
44243.00
44232.00
44281.00
44279.00
44263.00
44221.00
44234.00
44269.00
44287.00
44263.00
44240.00
44222.00
44271.00
44266.00
44248.00
44232.00
44224.00
44266.00
44291.00
44268.00
44240.00
44236.00
44259.00
44285.00
44266.00
44231.00
44231.00
44252.00
44272.00
44271.00
44233.00
44228.00
44245.00
44276.00
44279.00
44229.00
44222.00
44231.00
44273.00
44272.00
44234.00
44226.00
44249.00
44274.00
44274.00
44239.00
44207.00
44232.00
44276.00
44267.00
44245.00
44208.00
44244.00
44265.00
44268.00
44251.00
44227.00
44239.00
44268.00
44277.00
44258.00
44235.00
44234.00
44269.00
44275.00
44242.00
44216.00
44202.00
44255.00
44273.00
44253.00
44221.00
44229.00
44262.00
44281.00
44263.00
44219.00
44219.00
44250.00
44276.00
44259.00
44225.00
44226.00
44253.00
44283.00
44260.00
44224.00
44231.00
44256.00
44284.00
44260.00
44235.00
44229.00
44240.00
44267.00
44273.00
44223.00
44230.00
44240.00
44275.00
44269.00
44251.00
44237.00
44234.00
44270.00
44277.00
44252.00
44223.00
44250.00
44277.00
44290.00
44252.00
44239.00
44241.00
44282.00
44267.00
44246.00
44228.00
44241.00
44269.00
44276.00
44257.00
44230.00
44231.00
44278.00
44277.00
44256.00
44230.00
44232.00
44267.00
44276.00
44245.00
44241.00
44230.00
44260.00
44279.00
44281.00
44228.00
44224.00
44261.00
44277.00
44265.00
44244.00
44229.00
44271.00
44269.00
44257.00
44234.00
44241.00
44255.00
44287.00
44272.00
44231.00
44214.00
44259.00
44281.00
44268.00
44243.00
44220.00
44242.00
44272.00
44278.00
44260.00
44233.00
44254.00
44297.00
44279.00
44248.00
44240.00
44251.00
44289.00
44278.00
44251.00
44235.00
44257.00
44290.00
44269.00
44256.00
44224.00
44238.00
44268.00
44268.00
44245.00
44222.00
44233.00
44275.00
44284.00
44267.00
44223.00
44248.00
44264.00
44268.00
44256.00
44232.00
44238.00
44279.00
44288.00
44262.00
44240.00
44217.00
44264.00
44268.00
44251.00
44222.00
44226.00
44251.00
44271.00
44269.00
44227.00
44225.00
44253.00
44274.00
44255.00
44258.00
44218.00
44247.00
44286.00
44271.00
44233.00
44225.00
44246.00
44272.00
44263.00
44234.00
44203.00
44243.00
44282.00
44261.00
44231.00
44209.00
44225.00
44262.00
44253.00
44231.00
44223.00
44223.00
44253.00
44258.00
44236.00
44207.00
44239.00
44256.00
44257.00
44234.00
44211.00
44230.00
44257.00
44267.00
44241.00
44219.00
44242.00
44272.00
44266.00
44248.00
44224.00
44218.00
44257.00
44256.00
44236.00
44210.00
44216.00
44254.00
44255.00
44261.00
44232.00
44228.00
44248.00
44276.00
44266.00
44226.00
44219.00
44250.00
44271.00
44252.00
44223.00
44220.00
44247.00
44265.00
44252.00
44238.00
44223.00
44248.00
44273.00
44259.00
44225.00
44228.00
44233.00
44271.00
44260.00
44230.00
44221.00
44244.00
44262.00
44263.00
44241.00
44196.00
44242.00
44271.00
44277.00
44231.00
44228.00
44245.00
44263.00
44271.00
44235.00
44207.00
44215.00
44261.00
44273.00
44256.00
44210.00
44227.00
44272.00
44270.00
44231.00
44219.00
44228.00
44258.00
44261.00
44245.00
44223.00
44210.00
44259.00
44253.00
44254.00
44218.00
44230.00
44265.00
44265.00
44241.00
44218.00
44221.00
44258.00
44254.00
44256.00
44221.00
44214.00
44249.00
44257.00
44254.00
44223.00
44216.00
44240.00
44255.00
44255.00
44218.00
44207.00
44236.00
44257.00
44249.00
44225.00
44206.00
44220.00
44247.00
44234.00
44210.00
44197.00
44227.00
44247.00
44246.00
44229.00
44200.00
44210.00
44258.00
44263.00
44224.00
44220.00
44214.00
44254.00
44258.00
44240.00
44203.00
44237.00
44258.00
44272.00
44238.00
44229.00
44225.00
44244.00
44254.00
44232.00
44220.00
44227.00
44254.00
44239.00
44238.00
44197.00
44219.00
44247.00
44256.00
44239.00
44211.00
44231.00
44238.00
44258.00
44239.00
44203.00
44203.00
44244.00
44264.00
44243.00
44212.00
44217.00
44236.00
44262.00
44245.00
44214.00
44219.00
44248.00
44253.00
44263.00
44225.00
44199.00
44227.00
44264.00
44256.00
44229.00
44217.00
44215.00
44249.00
44249.00
44220.00
44208.00
44220.00
44264.00
44255.00
44227.00
44210.00
44230.00
44264.00
44281.00
44229.00
44220.00
44235.00
44256.00
44265.00
44243.00
44215.00
44225.00
44245.00
44272.00
44238.00
44215.00
44219.00
44250.00
44248.00
44231.00
44222.00
44223.00
44255.00
44259.00
44241.00
44211.00
44219.00
44234.00
44275.00
44242.00
44205.00
44209.00
44243.00
44275.00
44262.00
44214.00
44214.00
44235.00
44265.00
44264.00
44225.00
44217.00
44232.00
44267.00
44260.00
44237.00
44226.00
44236.00
44256.00
44245.00
44227.00
44178.00
44226.00
44256.00
44268.00
44227.00
44221.00
44241.00
44266.00
44248.00
44235.00
44220.00
44228.00
44268.00
44257.00
44237.00
44214.00
44228.00
44244.00
44252.00
44230.00
44201.00
44231.00
44268.00
44260.00
44233.00
44213.00
44223.00
44266.00
44273.00
44257.00
44210.00
44241.00
44250.00
44261.00
44239.00
44216.00
44206.00
44254.00
44270.00
44232.00
44208.00
44224.00
44245.00
44269.00
44241.00
44220.00
44226.00
44237.00
44253.00
44246.00
44217.00
44214.00
44236.00
44259.00
44229.00
44216.00
44210.00
44230.00
44265.00
44246.00
44229.00
44226.00
44240.00
44246.00
44239.00
44233.00
44211.00
44236.00
44252.00
44246.00
44219.00
44201.00
44227.00
44241.00
44244.00
44225.00
44208.00
44233.00
44248.00
44246.00
44228.00
44204.00
44227.00
44260.00
44255.00
44224.00
44202.00
44225.00
44259.00
44265.00
44230.00
44225.00
44211.00
44257.00
44273.00
44235.00
44219.00
44217.00
44261.00
44269.00
44245.00
44224.00
44228.00
44251.00
44272.00
44259.00
44219.00
44238.00
44268.00
44283.00
44247.00
44214.00
44218.00
44257.00
44261.00
44255.00
44227.00
44206.00
44240.00
44265.00
44247.00
44230.00
44216.00
44238.00
44271.00
44254.00
44219.00
44211.00
44235.00
44266.00
44260.00
44216.00
44209.00
44243.00
44279.00
44252.00
44238.00
44217.00
44225.00
44265.00
44276.00
44224.00
44220.00
44227.00
44256.00
44266.00
44236.00
44209.00
44217.00
44242.00
44258.00
44240.00
44203.00
44218.00
44247.00
44249.00
44231.00
44207.00
44223.00
44247.00
44258.00
44242.00
44220.00
44223.00
44256.00
44257.00
44232.00
44214.00
44208.00
44244.00
44265.00
44224.00
44203.00
44221.00
44254.00
44264.00
44251.00
44223.00
44227.00
44250.00
44265.00
44262.00
44208.00
44233.00
44249.00
44257.00
44240.00
44217.00
44225.00
44239.00
44277.00
44257.00
44206.00
44212.00
44230.00
44259.00
44252.00
44215.00
44214.00
44248.00
44262.00
44255.00
44207.00
44210.00
44228.00
44259.00
44252.00
44212.00
44219.00
44217.00
44259.00
44252.00
44216.00
44205.00
44222.00
44236.00
44245.00
44217.00
44214.00
44221.00
44256.00
44264.00
44219.00
44215.00
44218.00
44256.00
44250.00
44239.00
44212.00
44218.00
44245.00
44263.00
44239.00
44213.00
44222.00
44255.00
44260.00
44237.00
44211.00
44219.00
44249.00
44250.00
44213.00
44201.00
44196.00
44213.00
44234.00
44211.00
44182.00
44175.00
44192.00
44221.00
44187.00
44144.00
44150.00
44158.00
44196.00
44167.00
44141.00
44118.00
44146.00
44159.00
44160.00
44102.00
44098.00
44141.00
44153.00
44139.00
44116.00
44082.00
44112.00
44157.00
44134.00
44121.00
44102.00
44121.00
44155.00
44141.00
44112.00
44115.00
44129.00
44157.00
44152.00
44140.00
44125.00
44137.00
44169.00
44181.00
44143.00
44143.00
44148.00
44197.00
44189.00
44170.00
44153.00
44167.00
44210.00
44217.00
44193.00
44172.00
44193.00
44220.00
44239.00
44233.00
44212.00
44222.00
44271.00
44278.00
44262.00
44268.00
44262.00
44308.00
44323.00
44306.00
44290.00
44312.00
44363.00
44379.00
44388.00
44361.00
44380.00
44400.00
44441.00
44449.00
44425.00
44430.00
44469.00
44495.00
44497.00
44482.00
44491.00
44524.00
44540.00
44543.00
44519.00
44513.00
44530.00
44563.00
44544.00
44533.00
44514.00
44543.00
44553.00
44551.00
44511.00
44501.00
44501.00
44519.00
44510.00
44477.00
44451.00
44465.00
44461.00
44453.00
44416.00
44401.00
44414.00
44435.00
44428.00
44406.00
44390.00
44400.00
44413.00
44427.00
44400.00
44390.00
44409.00
44432.00
44445.00
44423.00
44414.00
44421.00
44458.00
44487.00
44455.00
44454.00
44457.00
44498.00
44517.00
44505.00
44481.00
44486.00
44515.00
44507.00
44498.00
44483.00
44474.00
44491.00
44507.00
44469.00
44457.00
44457.00
44473.00
44463.00
44448.00
44424.00
44415.00
44421.00
44433.00
44429.00
44395.00
44391.00
44424.00
44424.00
44438.00
44404.00
44407.00
44413.00
44432.00
44424.00
44398.00
44408.00
44422.00
44459.00
44455.00
44460.00
44469.00
44494.00
44506.00
44526.00
44509.00
44510.00
44531.00
44560.00
44569.00
44547.00
44557.00
44576.00
44594.00
44587.00
44557.00
44561.00
44574.00
44605.00
44590.00
44598.00
44570.00
44569.00
44602.00
44599.00
44579.00
44567.00
44580.00
44601.00
44612.00
44608.00
44581.00
44586.00
44617.00
44651.00
44632.00
44607.00
44615.00
44651.00
44651.00
44638.00
44622.00
44625.00
44636.00
44649.00
44612.00
44621.00
44636.00
44626.00
44646.00
44622.00
44614.00
44596.00
44610.00
44607.00
44595.00
44579.00
44559.00
44582.00
44602.00
44598.00
44573.00
44561.00
44600.00
44596.00
44586.00
44570.00
44563.00
44559.00
44575.00
44564.00
44536.00
44530.00
44546.00
44571.00
44559.00
44535.00
44528.00
44544.00
44572.00
44555.00
44532.00
44532.00
44539.00
44569.00
44554.00
44551.00
44538.00
44534.00
44560.00
44572.00
44551.00
44536.00
44541.00
44557.00
44583.00
44555.00
44549.00
44562.00
44584.00
44595.00
44580.00
44563.00
44584.00
44619.00
44638.00
44622.00
44602.00
44617.00
44661.00
44668.00
44642.00
44643.00
44644.00
44672.00
44691.00
44670.00
44646.00
44664.00
44688.00
44721.00
44699.00
44696.00
44706.00
44745.00
44782.00
44770.00
44756.00
44763.00
44802.00
44814.00
44785.00
44751.00
44743.00
44755.00
44773.00
44752.00
44758.00
44759.00
44784.00
44788.00
44780.00
44767.00
44786.00
44833.00
44857.00
44833.00
44809.00
44803.00
44828.00
44860.00
44848.00
44828.00
44798.00
44826.00
44847.00
44831.00
44823.00
44797.00
44806.00
44822.00
44815.00
44780.00
44747.00
44744.00
44761.00
44749.00
44699.00
44658.00
44664.00
44662.00
44651.00
44628.00
44609.00
44632.00
44652.00
44654.00
44625.00
44616.00
44618.00
44675.00
44658.00
44639.00
44610.00
44624.00
44643.00
44635.00
44616.00
44587.00
44603.00
44621.00
44620.00
44599.00
44569.00
44573.00
44586.00
44580.00
44549.00
44502.00
44502.00
44504.00
44495.00
44483.00
44432.00
44421.00
44431.00
44431.00
44420.00
44375.00
44358.00
44365.00
44360.00
44333.00
44307.00
44289.00
44293.00
44295.00
44255.00
44224.00
44198.00
44204.00
44225.00
44202.00
44157.00
44147.00
44160.00
44160.00
44167.00
44111.00
44099.00
44122.00
44159.00
44130.00
44089.00
44072.00
44102.00
44136.00
44160.00
44112.00
44119.00
44161.00
44202.00
44221.00
44215.00
44199.00
44234.00
44262.00
44253.00
44221.00
44192.00
44195.00
44231.00
44247.00
44252.00
44250.00
44299.00
44363.00
44404.00
44415.00
44420.00
44438.00
44468.00
44471.00
44460.00
44434.00
44468.00
44523.00
44526.00
44513.00
44493.00
44513.00
44569.00
44590.00
44584.00
44576.00
44615.00
44682.00
44727.00
44739.00
44737.00
44774.00
44866.00
44937.00
44948.00
44946.00
44949.00
44992.00
45038.00
45031.00
45005.00
45016.00
45042.00
45069.00
45041.00
45027.00
45026.00
45046.00
45058.00
45056.00
44996.00
44998.00
45008.00
45040.00
45013.00
44990.00
44958.00
44961.00
44962.00
44928.00
44882.00
44828.00
44819.00
44818.00
44791.00
44717.00
44706.00
44702.00
44738.00
44722.00
44661.00
44626.00
44641.00
44671.00
44654.00
44605.00
44564.00
44559.00
44581.00
44565.00
44519.00
44471.00
44486.00
44532.00
44530.00
44490.00
44484.00
44478.00
44535.00
44539.00
44504.00
44468.00
44502.00
44514.00
44523.00
44464.00
44412.00
44421.00
44453.00
44448.00
44420.00
44384.00
44401.00
44436.00
44438.00
44412.00
44389.00
44399.00
44429.00
44468.00
44449.00
44426.00
44416.00
44441.00
44480.00
44430.00
44395.00
44372.00
44400.00
44405.00
44375.00
44329.00
44327.00
44356.00
44373.00
44344.00
44306.00
44291.00
44313.00
44345.00
44317.00
44297.00
44282.00
44305.00
44337.00
44340.00
44306.00
44313.00
44357.00
44375.00
44374.00
44357.00
44337.00
44355.00
44366.00
44344.00
44296.00
44257.00
44285.00
44299.00
44300.00
44251.00
44241.00
44238.00
44271.00
44258.00
44195.00
44177.00
44179.00
44224.00
44198.00
44164.00
44121.00
44126.00
44170.00
44143.00
44106.00
44077.00
44076.00
44108.00
44097.00
44073.00
44031.00
44038.00
44090.00
44080.00
44058.00
44030.00
44028.00
44078.00
44080.00
44051.00
44023.00
44028.00
44062.00
44093.00
44080.00
44043.00
44059.00
44088.00
44095.00
44094.00
44063.00
44078.00
44111.00
44127.00
44115.00
44092.00
44093.00
44124.00
44151.00
44123.00
44090.00
44087.00
44119.00
44146.00
44112.00
44086.00
44075.00
44127.00
44156.00
44146.00
44091.00
44105.00
44121.00
44174.00
44152.00
44120.00
44100.00
44122.00
44153.00
44137.00
44110.00
44096.00
44125.00
44156.00
44142.00
44101.00
44087.00
44100.00
44132.00
44128.00
44073.00
44062.00
44090.00
44114.00
44113.00
44092.00
44070.00
44090.00
44128.00
44144.00
44121.00
44113.00
44155.00
44199.00
44243.00
44238.00
44225.00
44268.00
44321.00
44358.00
44351.00
44342.00
44364.00
44440.00
44455.00
44472.00
44479.00
44515.00
44603.00
44677.00
44707.00
44729.00
44792.00
44848.00
44923.00
44966.00
45000.00
45051.00
45130.00
45189.00
45214.00
45233.00
45268.00
45345.00
45387.00
45416.00
45438.00
45479.00
45541.00
45609.00
45642.00
45670.00
45705.00
45793.00
45877.00
45901.00
45922.00
45956.00
46003.00
46050.00
46078.00
46094.00
46124.00
46180.00
46241.00
46262.00
46269.00
46322.00
46373.00
46408.00
46417.00
46416.00
46432.00
46462.00
46501.00
46506.00
46483.00
46467.00
46477.00
46492.00
46465.00
46438.00
46372.00
46324.00
46313.00
46263.00
46193.00
46109.00
46048.00
46028.00
45952.00
45848.00
45759.00
45700.00
45642.00
45569.00
45457.00
45352.00
45282.00
45220.00
45120.00
45044.00
44927.00
44858.00
44805.00
44752.00
44670.00
44607.00
44544.00
44528.00
44496.00
44440.00
44366.00
44335.00
44326.00
44313.00
44271.00
44216.00
44197.00
44204.00
44187.00
44181.00
44141.00
44131.00
44149.00
44169.00
44157.00
44152.00
44177.00
44206.00
44256.00
44241.00
44190.00
44208.00
44243.00
44331.00
44401.00
44481.00
44507.00
44547.00
44566.00
44546.00
44487.00
44435.00
44409.00
44408.00
44372.00
44308.00
44257.00
44268.00
44278.00
44253.00
44236.00
44179.00
44205.00
44236.00
44243.00
44222.00
44219.00
44256.00
44298.00
44323.00
44333.00
44335.00
44400.00
44443.00
44471.00
44483.00
44507.00
44559.00
44624.00
44679.00
44708.00
44762.00
44836.00
44921.00
45007.00
45070.00
45114.00
45220.00
45295.00
45412.00
45476.00
45547.00
45642.00
45735.00
45814.00
45890.00
45935.00
45993.00
46085.00
46149.00
46167.00
46205.00
46244.00
46310.00
46347.00
46343.00
46337.00
46342.00
46361.00
46389.00
46350.00
46320.00
46315.00
46304.00
46294.00
46285.00
46243.00
46216.00
46212.00
46219.00
46195.00
46150.00
46069.00
46059.00
46058.00
46015.00
45956.00
45910.00
45879.00
45847.00
45782.00
45706.00
45634.00
45557.00
45496.00
45401.00
45293.00
45209.00
45121.00
45065.00
44998.00
44888.00
44821.00
44773.00
44728.00
44689.00
44605.00
44552.00
44528.00
44517.00
44460.00
44424.00
44361.00
44342.00
44350.00
44306.00
44238.00
44167.00
44148.00
44160.00
44142.00
44085.00
44040.00
44066.00
44104.00
44114.00
44106.00
44084.00
44091.00
44149.00
44142.00
44137.00
44099.00
44099.00
44131.00
44194.00
44170.00
44153.00
44123.00
44173.00
44172.00
44186.00
44154.00
44144.00
44195.00
44219.00
44210.00
44179.00
44183.00
44227.00
44258.00
44248.00
44231.00
44242.00
44292.00
44326.00
44317.00
44313.00
44326.00
44396.00
44451.00
44472.00
44468.00
44501.00
44550.00
44623.00
44660.00
44671.00
44723.00
44807.00
44883.00
44945.00
44988.00
45023.00
45115.00
45213.00
45296.00
45353.00
45425.00
45519.00
45627.00
45693.00
45772.00
45825.00
45900.00
45983.00
46027.00
46063.00
46084.00
46139.00
46227.00
46250.00
46265.00
46288.00
46324.00
46368.00
46399.00
46404.00
46377.00
46395.00
46408.00
46425.00
46384.00
46367.00
46355.00
46358.00
46337.00
46305.00
46247.00
46222.00
46188.00
46159.00
46086.00
46012.00
45966.00
45940.00
45884.00
45802.00
45699.00
45629.00
45591.00
45527.00
45431.00
45314.00
45242.00
45203.00
45159.00
45080.00
44996.00
44900.00
44876.00
44848.00
44789.00
44715.00
44658.00
44623.00
44615.00
44532.00
44480.00
44424.00
44398.00
44383.00
44335.00
44255.00
44196.00
44174.00
44166.00
44155.00
44124.00
44101.00
44102.00
44117.00
44098.00
44034.00
44023.00
44048.00
44081.00
44079.00
44075.00
44066.00
44084.00
44146.00
44153.00
44122.00
44103.00
44113.00
44161.00
44170.00
44158.00
44133.00
44156.00
44208.00
44219.00
44188.00
44170.00
44185.00
44230.00
44235.00
44204.00
44174.00
44185.00
44234.00
44251.00
44251.00
44249.00
44262.00
44340.00
44385.00
44417.00
44408.00
44440.00
44504.00
44555.00
44585.00
44593.00
44625.00
44692.00
44767.00
44835.00
44859.00
44946.00
45038.00
45131.00
45198.00
45257.00
45342.00
45436.00
45547.00
45626.00
45682.00
45769.00
45857.00
45956.00
46005.00
46074.00
46109.00
46175.00
46258.00
46292.00
46319.00
46359.00
46393.00
46482.00
46483.00
46488.00
46494.00
46534.00
46554.00
46554.00
46531.00
46511.00
46524.00
46541.00
46533.00
46511.00
46489.00
46497.00
46507.00
46493.00
46429.00
46393.00
46355.00
46347.00
46311.00
46231.00
46155.00
46121.00
46069.00
45970.00
45887.00
45784.00
45706.00
45640.00
45560.00
45473.00
45360.00
45276.00
45229.00
45174.00
45086.00
45000.00
44946.00
44896.00
44858.00
44788.00
44729.00
44690.00
44657.00
44619.00
44557.00
44490.00
44467.00
44456.00
44432.00
44393.00
44333.00
44289.00
44275.00
44273.00
44235.00
44184.00
44171.00
44202.00
44227.00
44212.00
44158.00
44147.00
44151.00
44151.00
44111.00
44064.00
44057.00
44084.00
44114.00
44103.00
44102.00
44118.00
44171.00
44208.00
44213.00
44186.00
44177.00
44187.00
44195.00
44185.00
44131.00
44121.00
44142.00
44195.00
44186.00
44168.00
44150.00
44181.00
44209.00
44193.00
44164.00
44166.00
44180.00
44220.00
44231.00
44240.00
44239.00
44277.00
44339.00
44351.00
44373.00
44389.00
44432.00
44483.00
44530.00
44535.00
44556.00
44603.00
44679.00
44738.00
44781.00
44814.00
44872.00
44969.00
45063.00
45115.00
45172.00
45244.00
45343.00
45419.00
45484.00
45526.00
45611.00
45707.00
45784.00
45842.00
45870.00
45930.00
45996.00
46055.00
46082.00
46094.00
46137.00
46194.00
46236.00
46268.00
46274.00
46280.00
46325.00
46345.00
46360.00
46349.00
46359.00
46383.00
46405.00
46392.00
46366.00
46376.00
46395.00
46381.00
46345.00
46308.00
46288.00
46269.00
46250.00
46198.00
46125.00
46072.00
46017.00
45976.00
45850.00
45738.00
45636.00
45562.00
45489.00
45368.00
45240.00
45153.00
45074.00
45008.00
44919.00
44812.00
44743.00
44701.00
44687.00
44636.00
44583.00
44535.00
44510.00
44501.00
44485.00
44427.00
44371.00
44347.00
44354.00
44324.00
44262.00
44212.00
44202.00
44210.00
44186.00
44130.00
44065.00
44066.00
44081.00
44061.00
44037.00
44003.00
44019.00
44064.00
44086.00
44062.00
44074.00
44079.00
44115.00
44112.00
44104.00
44094.00
44100.00
44127.00
44156.00
44151.00
44110.00
44143.00
44187.00
44209.00
44180.00
44178.00
44192.00
44241.00
44260.00
44246.00
44237.00
44238.00
44265.00
44289.00
44271.00
44245.00
44254.00
44302.00
44340.00
44354.00
44359.00
44411.00
44468.00
44514.00
44534.00
44572.00
44612.00
44691.00
44771.00
44826.00
44850.00
44926.00
45007.00
45079.00
45146.00
45192.00
45274.00
45364.00
45461.00
45549.00
45609.00
45683.00
45767.00
45882.00
45950.00
46001.00
46051.00
46107.00
46169.00
46213.00
46219.00
46240.00
46276.00
46336.00
46387.00
46378.00
46418.00
46449.00
46482.00
46510.00
46510.00
46531.00
46567.00
46610.00
46616.00
46598.00
46583.00
46580.00
46597.00
46547.00
46491.00
46439.00
46402.00
46365.00
46304.00
46193.00
46086.00
45992.00
45908.00
45776.00
45666.00
45536.00
45452.00
45379.00
45277.00
45146.00
45041.00
44949.00
44910.00
44838.00
44777.00
44704.00
44653.00
44638.00
44627.00
44559.00
44512.00
44497.00
44521.00
44508.00
44468.00
44400.00
44369.00
44378.00
44336.00
44272.00
44202.00
44191.00
44210.00
44183.00
44158.00
44116.00
44106.00
44131.00
44137.00
44097.00
44062.00
44069.00
44097.00
44111.00
44084.00
44078.00
44101.00
44188.00
44233.00
44216.00
44214.00
44227.00
44257.00
44262.00
44242.00
44208.00
44197.00
44217.00
44230.00
44230.00
44200.00
44211.00
44244.00
44266.00
44272.00
44252.00
44264.00
44301.00
44335.00
44328.00
44303.00
44349.00
44396.00
44449.00
44482.00
44486.00
44524.00
44596.00
44681.00
44674.00
44720.00
44762.00
44846.00
44933.00
44992.00
45054.00
45112.00
45193.00
45308.00
45367.00
45423.00
45499.00
45593.00
45687.00
45750.00
45814.00
45873.00
45943.00
46018.00
46061.00
46086.00
46123.00
46187.00
46260.00
46275.00
46286.00
46306.00
46338.00
46381.00
46406.00
46409.00
46426.00
46468.00
46525.00
46531.00
46531.00
46541.00
46557.00
46593.00
46585.00
46562.00
46545.00
46529.00
46550.00
46508.00
46459.00
46386.00
46347.00
46310.00
46204.00
46098.00
45953.00
45864.00
45773.00
45689.00
45578.00
45422.00
45336.00
45260.00
45166.00
45050.00
44936.00
44871.00
44853.00
44795.00
44737.00
44659.00
44630.00
44629.00
44608.00
44549.00
44492.00
44473.00
44464.00
44446.00
44397.00
44324.00
44297.00
44296.00
44275.00
44223.00
44157.00
44136.00
44126.00
44127.00
44088.00
44042.00
44033.00
44074.00
44133.00
44159.00
44143.00
44168.00
44233.00
44310.00
44345.00
44357.00
44416.00
44470.00
44500.00
44501.00
44463.00
44441.00
44445.00
44468.00
44431.00
44359.00
44313.00
44312.00
44319.00
44307.00
44265.00
44226.00
44242.00
44283.00
44268.00
44221.00
44216.00
44247.00
44261.00
44259.00
44233.00
44243.00
44283.00
44348.00
44356.00
44371.00
44368.00
44425.00
44482.00
44503.00
44520.00
44559.00
44608.00
44661.00
44731.00
44778.00
44842.00
44946.00
45071.00
45168.00
45232.00
45317.00
45425.00
45540.00
45662.00
45731.00
45817.00
45919.00
46038.00
46136.00
46184.00
46236.00
46327.00
46407.00
46451.00
46496.00
46517.00
46551.00
46585.00
46621.00
46599.00
46593.00
46591.00
46631.00
46617.00
46606.00
46581.00
46585.00
46589.00
46593.00
46570.00
46536.00
46517.00
46505.00
46489.00
46448.00
46406.00
46372.00
46343.00
46293.00
46212.00
46131.00
46064.00
45998.00
45919.00
45807.00
45723.00
45666.00
45600.00
45500.00
45388.00
45269.00
45184.00
45128.00
45069.00
44980.00
44892.00
44819.00
44791.00
44776.00
44727.00
44648.00
44574.00
44551.00
44547.00
44473.00
44393.00
44338.00
44318.00
44299.00
44262.00
44220.00
44179.00
44180.00
44213.00
44207.00
44202.00
44236.00
44296.00
44429.00
44599.00
44846.00
45099.00
45374.00
45593.00
45699.00
45751.00
45783.00
45848.00
45913.00
45895.00
45820.00
45750.00
45684.00
45583.00
45482.00
45320.00
45157.00
45062.00
44974.00
44859.00
44753.00
44657.00
44636.00
44629.00
44574.00
44512.00
44462.00
44487.00
44489.00
44431.00
44377.00
44303.00
44296.00
44337.00
44281.00
44240.00
44229.00
44238.00
44269.00
44268.00
44245.00
44242.00
44282.00
44333.00
44369.00
44387.00
44387.00
44431.00
44486.00
44545.00
44579.00
44609.00
44682.00
44780.00
44868.00
44951.00
45020.00
45120.00
45233.00
45348.00
45440.00
45522.00
45630.00
45759.00
45889.00
45985.00
46051.00
46157.00
46251.00
46337.00
46392.00
46427.00
46478.00
46559.00
46615.00
46654.00
46662.00
46697.00
46734.00
46779.00
46782.00
46763.00
46770.00
46800.00
46818.00
46808.00
46785.00
46777.00
46792.00
46815.00
46805.00
46768.00
46767.00
46763.00
46750.00
46729.00
46653.00
46608.00
46597.00
46566.00
46501.00
46417.00
46323.00
46245.00
46192.00
46111.00
46005.00
45914.00
45841.00
45815.00
45748.00
45638.00
45546.00
45487.00
45435.00
45356.00
45256.00
45177.00
45149.00
45108.00
45071.00
44997.00
44928.00
44926.00
44906.00
44854.00
44779.00
44709.00
44690.00
44666.00
44626.00
44554.00
44488.00
44459.00
44441.00
44404.00
44342.00
44291.00
44265.00
44291.00
44250.00
44209.00
44192.00
44224.00
44279.00
44317.00
44308.00
44341.00
44436.00
44530.00
44596.00
44629.00
44639.00
44664.00
44719.00
44712.00
44667.00
44605.00
44584.00
44578.00
44539.00
44475.00
44388.00
44353.00
44364.00
44338.00
44306.00
44264.00
44252.00
44294.00
44316.00
44283.00
44245.00
44227.00
44265.00
44289.00
44271.00
44236.00
44250.00
44277.00
44326.00
44317.00
44329.00
44343.00
44397.00
44451.00
44462.00
44451.00
44465.00
44515.00
44553.00
44567.00
44584.00
44597.00
44652.00
44722.00
44770.00
44798.00
44878.00
44968.00
45047.00
45132.00
45185.00
45244.00
45368.00
45463.00
45548.00
45618.00
45713.00
45824.00
45928.00
45993.00
46045.00
46094.00
46168.00
46244.00
46292.00
46308.00
46359.00
46387.00
46463.00
46481.00
46497.00
46503.00
46567.00
46624.00
46631.00
46651.00
46672.00
46735.00
46784.00
46810.00
46832.00
46826.00
46866.00
46897.00
46902.00
46900.00
46882.00
46893.00
46877.00
46863.00
46805.00
46749.00
46695.00
46644.00
46564.00
46448.00
46333.00
46234.00
46157.00
46042.00
45927.00
45815.00
45761.00
45703.00
45620.00
45491.00
45390.00
45305.00
45242.00
45184.00
45108.00
45029.00
44971.00
44956.00
44918.00
44856.00
44782.00
44733.00
44697.00
44650.00
44584.00
44527.00
44484.00
44464.00
44424.00
44366.00
44318.00
44290.00
44279.00
44269.00
44240.00
44238.00
44211.00
44241.00
44242.00
44271.00
44264.00
44319.00
44426.00
44550.00
44652.00
44766.00
44895.00
45030.00
45170.00
45262.00
45276.00
45312.00
45315.00
45309.00
45270.00
45208.00
45167.00
45116.00
45074.00
45005.00
44927.00
44873.00
44837.00
44777.00
44679.00
44562.00
44482.00
44476.00
44450.00
44396.00
44343.00
44295.00
44301.00
44307.00
44294.00
44242.00
44239.00
44244.00
44288.00
44315.00
44271.00
44283.00
44318.00
44356.00
44371.00
44358.00
44370.00
44400.00
44470.00
44495.00
44513.00
44528.00
44584.00
44680.00
44748.00
44784.00
44837.00
44934.00
45073.00
45155.00
45239.00
45313.00
45424.00
45539.00
45635.00
45706.00
45781.00
45866.00
45983.00
46050.00
46098.00
46147.00
46225.00
46304.00
46344.00
46369.00
46377.00
46418.00
46484.00
46515.00
46536.00
46568.00
46588.00
46655.00
46682.00
46727.00
46729.00
46770.00
46836.00
46879.00
46907.00
46913.00
46923.00
46965.00
46986.00
46974.00
46948.00
46943.00
46942.00
46936.00
46881.00
46828.00
46763.00
46721.00
46647.00
46534.00
46423.00
46321.00
46262.00
46188.00
46069.00
45956.00
45878.00
45827.00
45782.00
45683.00
45579.00
45493.00
45428.00
45353.00
45270.00
45196.00
45125.00
45093.00
45051.00
44993.00
44915.00
44864.00
44843.00
44813.00
44785.00
44699.00
44659.00
44661.00
44640.00
44603.00
44562.00
44507.00
44510.00
44517.00
44480.00
44447.00
44397.00
44411.00
44425.00
44386.00
44318.00
44289.00
44267.00
44272.00
44244.00
44232.00
44218.00
44216.00
44243.00
44237.00
44221.00
44203.00
44236.00
44282.00
44308.00
44308.00
44346.00
44419.00
44499.00
44540.00
44555.00
44598.00
44611.00
44670.00
44666.00
44645.00
44633.00
44613.00
44641.00
44596.00
44521.00
44451.00
44408.00
44431.00
44412.00
44367.00
44334.00
44321.00
44320.00
44311.00
44269.00
44230.00
44234.00
44264.00
44282.00
44228.00
44224.00
44247.00
44285.00
44297.00
44304.00
44277.00
44300.00
44360.00
44365.00
44385.00
44375.00
44410.00
44466.00
44523.00
44551.00
44564.00
44613.00
44671.00
44733.00
44791.00
44822.00
44897.00
44985.00
45075.00
45139.00
45197.00
45282.00
45389.00
45470.00
45548.00
45601.00
45688.00
45779.00
45873.00
45934.00
45979.00
46031.00
46097.00
46175.00
46202.00
46226.00
46274.00
46312.00
46342.00
46377.00
46379.00
46420.00
46479.00
46521.00
46560.00
46580.00
46603.00
46650.00
46718.00
46754.00
46790.00
46798.00
46848.00
46896.00
46917.00
46892.00
46892.00
46896.00
46904.00
46860.00
46807.00
46755.00
46686.00
46631.00
46512.00
46403.00
46281.00
46195.00
46118.00
46021.00
45916.00
45798.00
45749.00
45695.00
45604.00
45492.00
45381.00
45318.00
45273.00
45206.00
45136.00
45056.00
45014.00
44999.00
44954.00
44881.00
44840.00
44796.00
44793.00
44758.00
44682.00
44622.00
44586.00
44585.00
44545.00
44508.00
44431.00
44406.00
44397.00
44378.00
44321.00
44288.00
44282.00
44312.00
44308.00
44288.00
44243.00
44262.00
44304.00
44355.00
44374.00
44422.00
44503.00
44624.00
44731.00
44819.00
44891.00
44975.00
45103.00
45170.00
45179.00
45173.00
45194.00
45203.00
45200.00
45127.00
45017.00
44954.00
44898.00
44843.00
44737.00
44616.00
44547.00
44529.00
44498.00
44445.00
44406.00
44363.00
44367.00
44358.00
44322.00
44272.00
44270.00
44276.00
44273.00
44237.00
44234.00
44237.00
44277.00
44302.00
44316.00
44326.00
44317.00
44371.00
44406.00
44425.00
44436.00
44454.00
44509.00
44547.00
44577.00
44603.00
44654.00
44721.00
44809.00
44853.00
44905.00
44969.00
45070.00
45153.00
45226.00
45265.00
45357.00
45450.00
45558.00
45635.00
45717.00
45798.00
45880.00
45991.00
46065.00
46136.00
46180.00
46257.00
46361.00
46401.00
46411.00
46457.00
46510.00
46576.00
46620.00
46649.00
46679.00
46734.00
46792.00
46841.00
46857.00
46851.00
46877.00
46923.00
46934.00
46966.00
46955.00
46980.00
47012.00
47017.00
47016.00
46991.00
46996.00
47001.00
46991.00
46941.00
46886.00
46866.00
46855.00
46808.00
46732.00
46643.00
46557.00
46505.00
46427.00
46331.00
46233.00
46141.00
46088.00
46037.00
45925.00
45822.00
45756.00
45700.00
45639.00
45536.00
45425.00
45357.00
45310.00
45278.00
45211.00
45146.00
45091.00
45056.00
45023.00
44960.00
44915.00
44868.00
44850.00
44820.00
44774.00
44701.00
44654.00
44621.00
44616.00
44556.00
44495.00
44462.00
44477.00
44468.00
44432.00
44378.00
44358.00
44331.00
44330.00
44309.00
44262.00
44231.00
44218.00
44260.00
44277.00
44257.00
44284.00
44307.00
44403.00
44458.00
44458.00
44503.00
44570.00
44672.00
44698.00
44718.00
44716.00
44748.00
44775.00
44765.00
44722.00
44690.00
44672.00
44674.00
44650.00
44576.00
44531.00
44486.00
44488.00
44475.00
44426.00
44376.00
44367.00
44371.00
44341.00
44302.00
44254.00
44237.00
44285.00
44285.00
44262.00
44258.00
44267.00
44313.00
44340.00
44337.00
44346.00
44372.00
44404.00
44433.00
44427.00
44416.00
44442.00
44468.00
44495.00
44516.00
44510.00
44557.00
44609.00
44671.00
44712.00
44734.00
44811.00
44897.00
44980.00
45042.00
45109.00
45189.00
45310.00
45395.00
45469.00
45547.00
45646.00
45747.00
45852.00
45932.00
45972.00
46036.00
46138.00
46210.00
46241.00
46248.00
46291.00
46350.00
46410.00
46437.00
46432.00
46434.00
46483.00
46524.00
46528.00
46562.00
46588.00
46639.00
46703.00
46744.00
46781.00
46803.00
46870.00
46929.00
46949.00
46950.00
46936.00
46963.00
47013.00
47006.00
46979.00
46950.00
46934.00
46914.00
46852.00
46763.00
46677.00
46588.00
46535.00
46442.00
46317.00
46219.00
46123.00
46061.00
45968.00
45866.00
45769.00
45703.00
45680.00
45601.00
45497.00
45416.00
45340.00
45318.00
45242.00
45174.00
45113.00
45064.00
45048.00
45017.00
44967.00
44904.00
44898.00
44877.00
44855.00
44810.00
44749.00
44720.00
44719.00
44708.00
44656.00
44619.00
44586.00
44580.00
44572.00
44557.00
44503.00
44490.00
44489.00
44475.00
44425.00
44353.00
44306.00
44318.00
44298.00
44262.00
44220.00
44231.00
44272.00
44303.00
44295.00
44266.00
44283.00
44328.00
44351.00
44317.00
44311.00
44298.00
44326.00
44367.00
44340.00
44277.00
44259.00
44276.00
44315.00
44292.00
44253.00
44236.00
44263.00
44316.00
44299.00
44278.00
44254.00
44284.00
44334.00
44321.00
44277.00
44233.00
44262.00
44298.00
44295.00
44241.00
44231.00
44269.00
44321.00
44335.00
44326.00
44314.00
44354.00
44384.00
44402.00
44386.00
44383.00
44416.00
44486.00
44510.00
44503.00
44520.00
44534.00
44579.00
44608.00
44623.00
44639.00
44666.00
44730.00
44790.00
44812.00
44852.00
44908.00
44991.00
45063.00
45116.00
45156.00
45247.00
45342.00
45426.00
45493.00
45525.00
45626.00
45722.00
45822.00
45887.00
45944.00
46016.00
46107.00
46193.00
46209.00
46251.00
46301.00
46364.00
46417.00
46441.00
46470.00
46517.00
46570.00
46633.00
46639.00
46624.00
46647.00
46704.00
46769.00
46784.00
46799.00
46814.00
46870.00
46903.00
46906.00
46884.00
46870.00
46883.00
46858.00
46824.00
46758.00
46723.00
46659.00
46626.00
46536.00
46427.00
46331.00
46237.00
46183.00
46099.00
45962.00
45884.00
45830.00
45773.00
45700.00
45590.00
45508.00
45446.00
45400.00
45331.00
45248.00
45165.00
45120.00
45088.00
45024.00
44956.00
44890.00
44855.00
44827.00
44793.00
44746.00
44691.00
44660.00
44641.00
44605.00
44567.00
44533.00
44500.00
44485.00
44458.00
44427.00
44374.00
44353.00
44360.00
44370.00
44314.00
44259.00
44264.00
44266.00
44253.00
44224.00
44221.00
44227.00
44277.00
44302.00
44301.00
44276.00
44306.00
44346.00
44388.00
44355.00
44352.00
44352.00
44411.00
44418.00
44398.00
44355.00
44367.00
44419.00
44417.00
44386.00
44319.00
44338.00
44376.00
44386.00
44380.00
44346.00
44373.00
44411.00
44439.00
44422.00
44363.00
44351.00
44385.00
44377.00
44348.00
44304.00
44285.00
44314.00
44317.00
44294.00
44266.00
44270.00
44304.00
44333.00
44312.00
44313.00
44302.00
44346.00
44367.00
44370.00
44363.00
44385.00
44423.00
44461.00
44496.00
44503.00
44543.00
44595.00
44679.00
44738.00
44781.00
44842.00
44926.00
45021.00
45113.00
45176.00
45266.00
45367.00
45467.00
45545.00
45589.00
45679.00
45776.00
45888.00
45951.00
45995.00
46069.00
46141.00
46213.00
46268.00
46286.00
46354.00
46415.00
46493.00
46547.00
46572.00
46615.00
46681.00
46773.00
46830.00
46865.00
46910.00
46981.00
47034.00
47066.00
47055.00
47047.00
47073.00
47085.00
47078.00
47037.00
46999.00
46967.00
46952.00
46918.00
46840.00
46776.00
46720.00
46663.00
46608.00
46524.00
46431.00
46358.00
46293.00
46203.00
46092.00
45992.00
45918.00
45862.00
45779.00
45695.00
45581.00
45508.00
45449.00
45399.00
45310.00
45212.00
45151.00
45089.00
45062.00
44990.00
44924.00
44875.00
44872.00
44854.00
44802.00
44722.00
44671.00
44637.00
44632.00
44584.00
44516.00
44475.00
44458.00
44445.00
44408.00
44354.00
44331.00
44335.00
44335.00
44310.00
44245.00
44210.00
44214.00
44230.00
44215.00
44226.00
44231.00
44310.00
44352.00
44376.00
44351.00
44346.00
44381.00
44440.00
44469.00
44399.00
44393.00
44401.00
44417.00
44385.00
44340.00
44307.00
44338.00
44378.00
44356.00
44320.00
44306.00
44330.00
44372.00
44340.00
44312.00
44272.00
44284.00
44301.00
44276.00
44271.00
44239.00
44218.00
44264.00
44293.00
44267.00
44271.00
44307.00
44357.00
44356.00
44356.00
44348.00
44359.00
44396.00
44435.00
44437.00
44446.00
44482.00
44549.00
44578.00
44608.00
44644.00
44707.00
44794.00
44870.00
44936.00
45004.00
45102.00
45234.00
45349.00
45438.00
45526.00
45627.00
45745.00
45863.00
45939.00
45998.00
46090.00
46194.00
46289.00
46326.00
46366.00
46412.00
46512.00
46565.00
46597.00
46626.00
46658.00
46724.00
46777.00
46801.00
46838.00
46870.00
46921.00
46974.00
46993.00
47023.00
47045.00
47076.00
47125.00
47117.00
47109.00
47114.00
47137.00
47152.00
47110.00
47064.00
47059.00
47032.00
46999.00
46935.00
46866.00
46787.00
46727.00
46699.00
46592.00
46490.00
46396.00
46310.00
46238.00
46157.00
46044.00
45949.00
45895.00
45812.00
45690.00
45577.00
45479.00
45408.00
45340.00
45259.00
45163.00
45104.00
45067.00
45022.00
44978.00
44909.00
44848.00
44822.00
44804.00
44737.00
44677.00
44616.00
44575.00
44564.00
44527.00
44474.00
44405.00
44377.00
44371.00
44353.00
44311.00
44280.00
44257.00
44252.00
44236.00
44183.00
44168.00
44180.00
44229.00
44244.00
44228.00
44209.00
44242.00
44288.00
44329.00
44340.00
44334.00
44350.00
44409.00
44431.00
44408.00
44353.00
44344.00
44349.00
44361.00
44319.00
44278.00
44299.00
44331.00
44345.00
44298.00
44258.00
44244.00
44290.00
44292.00
44270.00
44226.00
44215.00
44246.00
44273.00
44248.00
44217.00
44237.00
44290.00
44327.00
44327.00
44305.00
44304.00
44356.00
44374.00
44383.00
44383.00
44406.00
44447.00
44509.00
44503.00
44542.00
44588.00
44657.00
44724.00
44780.00
44832.00
44904.00
45001.00
45114.00
45193.00
45276.00
45365.00
45490.00
45612.00
45703.00
45764.00
45838.00
45962.00
46072.00
46134.00
46190.00
46251.00
46318.00
46397.00
46457.00
46475.00
46511.00
46554.00
46619.00
46652.00
46652.00
46673.00
46719.00
46784.00
46799.00
46843.00
46874.00
46931.00
46989.00
47044.00
47072.00
47087.00
47107.00
47161.00
47184.00
47172.00
47170.00
47178.00
47193.00
47173.00
47126.00
47081.00
47035.00
46999.00
46930.00
46832.00
46722.00
46633.00
46566.00
46446.00
46317.00
46202.00
46115.00
46031.00
45941.00
45826.00
45720.00
45629.00
45552.00
45477.00
45394.00
45288.00
45202.00
45154.00
45105.00
45033.00
44962.00
44901.00
44887.00
44853.00
44805.00
44731.00
44699.00
44669.00
44630.00
44591.00
44524.00
44490.00
44464.00
44462.00
44418.00
44370.00
44332.00
44336.00
44357.00
44338.00
44304.00
44268.00
44266.00
44245.00
44216.00
44172.00
44181.00
44225.00
44266.00
44261.00
44248.00
44267.00
44278.00
44340.00
44322.00
44300.00
44286.00
44337.00
44376.00
44384.00
44343.00
44345.00
44342.00
44373.00
44360.00
44309.00
44266.00
44265.00
44313.00
44325.00
44317.00
44273.00
44312.00
44335.00
44325.00
44285.00
44228.00
44237.00
44275.00
44285.00
44245.00
44214.00
44247.00
44307.00
44333.00
44325.00
44341.00
44350.00
44389.00
44400.00
44400.00
44387.00
44399.00
44452.00
44471.00
44507.00
44490.00
44504.00
44556.00
44607.00
44635.00
44658.00
44718.00
44784.00
44851.00
44907.00
44962.00
45037.00
45154.00
45231.00
45299.00
45360.00
45447.00
45562.00
45641.00
45718.00
45790.00
45870.00
45987.00
46081.00
46144.00
46175.00
46225.00
46293.00
46366.00
46408.00
46413.00
46437.00
46501.00
46545.00
46564.00
46589.00
46615.00
46679.00
46738.00
46762.00
46777.00
46830.00
46885.00
46959.00
46993.00
46999.00
47008.00
47040.00
47055.00
47050.00
47036.00
47020.00
47000.00
46983.00
46945.00
46870.00
46807.00
46733.00
46694.00
46607.00
46493.00
46394.00
46298.00
46239.00
46129.00
46023.00
45915.00
45851.00
45791.00
45714.00
45623.00
45533.00
45458.00
45399.00
45318.00
45219.00
45121.00
45068.00
45047.00
44995.00
44930.00
44865.00
44807.00
44802.00
44760.00
44710.00
44632.00
44601.00
44576.00
44566.00
44492.00
44429.00
44389.00
44393.00
44386.00
44352.00
44307.00
44308.00
44344.00
44348.00
44327.00
44294.00
44309.00
44361.00
44413.00
44390.00
44366.00
44359.00
44384.00
44410.00
44372.00
44305.00
44293.00
44316.00
44312.00
44266.00
44205.00
44197.00
44243.00
44307.00
44284.00
44256.00
44275.00
44303.00
44335.00
44322.00
44288.00
44281.00
44296.00
44335.00
44327.00
44293.00
44276.00
44286.00
44291.00
44297.00
44278.00
44270.00
44305.00
44344.00
44352.00
44360.00
44361.00
44406.00
44473.00
44494.00
44489.00
44517.00
44552.00
44614.00
44640.00
44668.00
44727.00
44761.00
44824.00
44877.00
44929.00
44980.00
45064.00
45157.00
45236.00
45267.00
45333.00
45400.00
45504.00
45591.00
45648.00
45700.00
45783.00
45907.00
45981.00
46034.00
46099.00
46152.00
46244.00
46315.00
46342.00
46386.00
46410.00
46478.00
46517.00
46541.00
46556.00
46610.00
46655.00
46714.00
46738.00
46761.00
46816.00
46881.00
46934.00
46951.00
46976.00
47020.00
47065.00
47093.00
47113.00
47103.00
47106.00
47127.00
47137.00
47117.00
47087.00
47069.00
47068.00
47046.00
47013.00
46971.00
46916.00
46874.00
46848.00
46782.00
46707.00
46632.00
46579.00
46536.00
46444.00
46348.00
46239.00
46189.00
46136.00
46049.00
45962.00
45876.00
45829.00
45812.00
45731.00
45648.00
45542.00
45493.00
45446.00
45367.00
45304.00
45226.00
45198.00
45178.00
45140.00
45074.00
45013.00
44986.00
44983.00
44935.00
44896.00
44834.00
44799.00
44790.00
44749.00
44702.00
44648.00
44627.00
44633.00
44618.00
44567.00
44507.00
44505.00
44499.00
44457.00
44405.00
44349.00
44308.00
44322.00
44287.00
44265.00
44206.00
44196.00
44239.00
44259.00
44251.00
44240.00
44231.00
44253.00
44285.00
44294.00
44283.00
44288.00
44339.00
44389.00
44372.00
44364.00
44358.00
44373.00
44382.00
44368.00
44333.00
44297.00
44308.00
44334.00
44320.00
44269.00
44254.00
44276.00
44321.00
44280.00
44237.00
44226.00
44249.00
44266.00
44243.00
44218.00
44192.00
44225.00
44264.00
44276.00
44266.00
44270.00
44287.00
44361.00
44356.00
44338.00
44346.00
44378.00
44419.00
44421.00
44427.00
44454.00
44470.00
44526.00
44555.00
44574.00
44586.00
44630.00
44680.00
44723.00
44752.00
44774.00
44832.00
44936.00
45001.00
45049.00
45092.00
45177.00
45261.00
45349.00
45401.00
45437.00
45520.00
45608.00
45713.00
45766.00
45806.00
45863.00
45957.00
46042.00
46088.00
46130.00
46173.00
46251.00
46303.00
46326.00
46363.00
46379.00
46443.00
46484.00
46512.00
46526.00
46557.00
46596.00
46637.00
46663.00
46689.00
46725.00
46797.00
46866.00
46891.00
46902.00
46927.00
46967.00
46991.00
46996.00
46973.00
46934.00
46945.00
46939.00
46888.00
46820.00
46765.00
46723.00
46684.00
46598.00
46494.00
46398.00
46309.00
46258.00
46161.00
46071.00
45954.00
45903.00
45865.00
45791.00
45713.00
45636.00
45580.00
45516.00
45459.00
45367.00
45293.00
45251.00
45215.00
45177.00
45116.00
45069.00
45035.00
45025.00
44989.00
44932.00
44879.00
44865.00
44874.00
44850.00
44803.00
44750.00
44718.00
44723.00
44714.00
44659.00
44605.00
44587.00
44597.00
44584.00
44542.00
44494.00
44484.00
44464.00
44434.00
44371.00
44332.00
44298.00
44300.00
44290.00
44256.00
44224.00
44226.00
44251.00
44270.00
44242.00
44229.00
44229.00
44251.00
44265.00
44265.00
44209.00
44213.00
44231.00
44271.00
44247.00
44196.00
44180.00
44209.00
44247.00
44239.00
44220.00
44196.00
44236.00
44296.00
44300.00
44264.00
44236.00
44256.00
44293.00
44295.00
44273.00
44263.00
44298.00
44341.00
44358.00
44353.00
44364.00
44413.00
44472.00
44493.00
44473.00
44479.00
44491.00
44538.00
44545.00
44524.00
44524.00
44540.00
44598.00
44605.00
44615.00
44624.00
44681.00
44730.00
44767.00
44799.00
44826.00
44861.00
44959.00
45012.00
45067.00
45112.00
45178.00
45279.00
45366.00
45421.00
45473.00
45551.00
45640.00
45736.00
45784.00
45841.00
45912.00
46016.00
46090.00
46139.00
46172.00
46211.00
46284.00
46326.00
46345.00
46350.00
46367.00
46409.00
46451.00
46486.00
46485.00
46527.00
46584.00
46645.00
46684.00
46709.00
46758.00
46831.00
46905.00
46943.00
46955.00
46976.00
47014.00
47052.00
47051.00
47017.00
47007.00
47020.00
47012.00
46970.00
46921.00
46869.00
46815.00
46784.00
46700.00
46593.00
46495.00
46415.00
46335.00
46227.00
46114.00
46000.00
45927.00
45893.00
45833.00
45725.00
45643.00
45579.00
45562.00
45489.00
45402.00
45329.00
45281.00
45252.00
45206.00
45132.00
45060.00
45027.00
45012.00
44976.00
44934.00
44892.00
44850.00
44838.00
44816.00
44784.00
44758.00
44729.00
44723.00
44712.00
44667.00
44616.00
44610.00
44614.00
44610.00
44545.00
44516.00
44501.00
44489.00
44446.00
44394.00
44327.00
44301.00
44309.00
44313.00
44266.00
44243.00
44216.00
44239.00
44249.00
44223.00
44206.00
44207.00
44209.00
44232.00
44218.00
44183.00
44175.00
44207.00
44244.00
44217.00
44186.00
44181.00
44205.00
44261.00
44248.00
44218.00
44193.00
44237.00
44291.00
44291.00
44270.00
44254.00
44283.00
44320.00
44303.00
44257.00
44251.00
44279.00
44334.00
44354.00
44330.00
44338.00
44378.00
44424.00
44431.00
44435.00
44443.00
44457.00
44501.00
44503.00
44487.00
44498.00
44510.00
44556.00
44591.00
44618.00
44620.00
44659.00
44726.00
44764.00
44791.00
44818.00
44890.00
44990.00
45059.00
45093.00
45150.00
45209.00
45309.00
45381.00
45437.00
45481.00
45555.00
45659.00
45728.00
45790.00
45821.00
45893.00
45977.00
46039.00
46081.00
46142.00
46180.00
46260.00
46327.00
46358.00
46369.00
46398.00
46448.00
46501.00
46532.00
46557.00
46588.00
46653.00
46707.00
46752.00
46758.00
46790.00
46846.00
46904.00
46916.00
46933.00
46942.00
46974.00
47013.00
47014.00
46998.00
46969.00
46980.00
46983.00
46943.00
46898.00
46840.00
46819.00
46782.00
46736.00
46625.00
46543.00
46465.00
46414.00
46334.00
46228.00
46131.00
46055.00
46021.00
45957.00
45894.00
45827.00
45781.00
45723.00
45667.00
45580.00
45488.00
45452.00
45418.00
45364.00
45287.00
45236.00
45192.00
45173.00
45134.00
45085.00
45025.00
44991.00
44974.00
44971.00
44918.00
44866.00
44837.00
44852.00
44853.00
44816.00
44774.00
44739.00
44733.00
44733.00
44687.00
44629.00
44609.00
44614.00
44598.00
44535.00
44444.00
44403.00
44375.00
44382.00
44317.00
44278.00
44247.00
44258.00
44279.00
44254.00
44223.00
44220.00
44250.00
44278.00
44251.00
44222.00
44190.00
44225.00
44261.00
44248.00
44217.00
44206.00
44220.00
44247.00
44241.00
44210.00
44230.00
44252.00
44284.00
44293.00
44267.00
44267.00
44280.00
44336.00
44334.00
44322.00
44282.00
44313.00
44343.00
44351.00
44334.00
44345.00
44368.00
44427.00
44422.00
44410.00
44402.00
44435.00
44474.00
44492.00
44467.00
44469.00
44462.00
44500.00
44502.00
44504.00
44506.00
44508.00
44547.00
44573.00
44586.00
44582.00
44621.00
44667.00
44740.00
44762.00
44762.00
44819.00
44888.00
44971.00
45019.00
45055.00
45139.00
45229.00
45332.00
45402.00
45442.00
45514.00
45606.00
45701.00
45771.00
45819.00
45886.00
45975.00
46076.00
46128.00
46175.00
46225.00
46285.00
46349.00
46379.00
46386.00
46401.00
46444.00
46491.00
46523.00
46561.00
46577.00
46639.00
46708.00
46753.00
46788.00
46834.00
46906.00
46989.00
47023.00
47052.00
47091.00
47157.00
47219.00
47252.00
47252.00
47262.00
47299.00
47313.00
47335.00
47283.00
47255.00
47238.00
47226.00
47185.00
47124.00
47032.00
46977.00
46915.00
46838.00
46732.00
46627.00
46554.00
46493.00
46417.00
46328.00
46206.00
46139.00
46108.00
46046.00
45985.00
45930.00
45903.00
45872.00
45852.00
45777.00
45710.00
45667.00
45654.00
45623.00
45572.00
45509.00
45488.00
45469.00
45448.00
45407.00
45339.00
45317.00
45302.00
45288.00
45242.00
45197.00
45150.00
45127.00
45102.00
45061.00
44977.00
44931.00
44876.00
44855.00
44797.00
44732.00
44673.00
44642.00
44624.00
44595.00
44515.00
44468.00
44427.00
44433.00
44387.00
44330.00
44278.00
44279.00
44278.00
44258.00
44224.00
44196.00
44231.00
44269.00
44278.00
44286.00
44268.00
44287.00
44350.00
44357.00
44346.00
44354.00
44368.00
44408.00
44445.00
44427.00
44409.00
44405.00
44445.00
44436.00
44395.00
44365.00
44356.00
44381.00
44369.00
44337.00
44314.00
44322.00
44361.00
44387.00
44328.00
44291.00
44315.00
44360.00
44351.00
44335.00
44333.00
44337.00
44372.00
44377.00
44347.00
44314.00
44319.00
44324.00
44335.00
44328.00
44317.00
44289.00
44326.00
44334.00
44337.00
44315.00
44339.00
44357.00
44395.00
44407.00
44406.00
44415.00
44459.00
44505.00
44529.00
44528.00
44570.00
44636.00
44685.00
44737.00
44765.00
44842.00
44915.00
45020.00
45083.00
45141.00
45231.00
45319.00
45417.00
45502.00
45556.00
45613.00
45729.00
45822.00
45883.00
45927.00
45994.00
46075.00
46164.00
46234.00
46240.00
46287.00
46333.00
46408.00
46448.00
46462.00
46471.00
46530.00
46563.00
46579.00
46590.00
46581.00
46611.00
46650.00
46672.00
46675.00
46665.00
46678.00
46721.00
46756.00
46758.00
46753.00
46789.00
46811.00
46872.00
46879.00
46848.00
46850.00
46868.00
46878.00
46847.00
46817.00
46817.00
46803.00
46805.00
46744.00
46696.00
46645.00
46619.00
46589.00
46526.00
46430.00
46360.00
46305.00
46278.00
46212.00
46117.00
46051.00
45983.00
45972.00
45909.00
45840.00
45770.00
45745.00
45690.00
45631.00
45570.00
45499.00
45460.00
45436.00
45371.00
45277.00
45207.00
45168.00
45155.00
45097.00
45033.00
44965.00
44950.00
44938.00
44888.00
44821.00
44768.00
44745.00
44733.00
44706.00
44625.00
44595.00
44568.00
44574.00
44545.00
44496.00
44451.00
44432.00
44433.00
44425.00
44368.00
44345.00
44314.00
44323.00
44312.00
44251.00
44212.00
44205.00
44229.00
44228.00
44219.00
44166.00
44181.00
44197.00
44220.00
44193.00
44173.00
44194.00
44215.00
44228.00
44228.00
44200.00
44207.00
44268.00
44274.00
44248.00
44246.00
44252.00
44297.00
44326.00
44307.00
44264.00
44288.00
44301.00
44360.00
44353.00
44312.00
44315.00
44338.00
44379.00
44380.00
44349.00
44365.00
44398.00
44409.00
44415.00
44400.00
44417.00
44419.00
44456.00
44477.00
44472.00
44461.00
44514.00
44541.00
44574.00
44572.00
44603.00
44651.00
44710.00
44752.00
44762.00
44787.00
44862.00
44949.00
45019.00
45029.00
45087.00
45170.00
45258.00
45306.00
45367.00
45409.00
45479.00
45563.00
45661.00
45703.00
45745.00
45824.00
45919.00
45998.00
46049.00
46067.00
46134.00
46215.00
46260.00
46289.00
46310.00
46343.00
46404.00
46438.00
46448.00
46442.00
46459.00
46499.00
46532.00
46552.00
46552.00
46583.00
46634.00
46669.00
46712.00
46721.00
46753.00
46785.00
46805.00
46801.00
46785.00
46779.00
46791.00
46794.00
46750.00
46707.00
46673.00
46655.00
46624.00
46558.00
46481.00
46416.00
46360.00
46311.00
46219.00
46137.00
46048.00
46009.00
45965.00
45917.00
45820.00
45752.00
45707.00
45684.00
45623.00
45555.00
45485.00
45443.00
45415.00
45360.00
45291.00
45256.00
45206.00
45214.00
45153.00
45079.00
45026.00
45009.00
45007.00
44976.00
44920.00
44876.00
44866.00
44843.00
44815.00
44780.00
44747.00
44736.00
44732.00
44712.00
44659.00
44615.00
44590.00
44602.00
44566.00
44528.00
44480.00
44434.00
44414.00
44358.00
44336.00
44256.00
44264.00
44282.00
44280.00
44248.00
44227.00
44250.00
44299.00
44332.00
44335.00
44314.00
44337.00
44368.00
44405.00
44377.00
44355.00
44347.00
44376.00
44392.00
44355.00
44299.00
44293.00
44339.00
44337.00
44324.00
44290.00
44289.00
44320.00
44367.00
44367.00
44326.00
44341.00
44335.00
44353.00
44333.00
44288.00
44275.00
44299.00
44336.00
44311.00
44276.00
44286.00
44308.00
44339.00
44335.00
44316.00
44315.00
44332.00
44361.00
44374.00
44322.00
44315.00
44349.00
44389.00
44379.00
44395.00
44375.00
44432.00
44477.00
44498.00
44492.00
44501.00
44535.00
44567.00
44614.00
44625.00
44636.00
44708.00
44765.00
44808.00
44841.00
44873.00
44929.00
45015.00
45091.00
45140.00
45192.00
45251.00
45363.00
45444.00
45462.00
45498.00
45565.00
45645.00
45689.00
45732.00
45775.00
45819.00
45897.00
45942.00
45971.00
46004.00
46030.00
46120.00
46149.00
46179.00
46175.00
46208.00
46260.00
46280.00
46301.00
46303.00
46329.00
46380.00
46416.00
46427.00
46421.00
46435.00
46460.00
46512.00
46500.00
46504.00
46518.00
46555.00
46576.00
46579.00
46563.00
46569.00
46591.00
46604.00
46620.00
46595.00
46611.00
46627.00
46665.00
46670.00
46666.00
46666.00
46686.00
46716.00
46724.00
46712.00
46703.00
46712.00
46745.00
46746.00
46728.00
46701.00
46725.00
46734.00
46727.00
46687.00
46678.00
46677.00
46692.00
46684.00
46651.00
46601.00
46601.00
46610.00
46587.00
46527.00
46502.00
46465.00
46467.00
46425.00
46384.00
46324.00
46276.00
46255.00
46239.00
46158.00
46091.00
46041.00
46022.00
45986.00
45911.00
45834.00
45786.00
45771.00
45732.00
45646.00
45578.00
45521.00
45492.00
45464.00
45387.00
45322.00
45289.00
45252.00
45243.00
45184.00
45106.00
45067.00
45048.00
45016.00
44977.00
44910.00
44857.00
44861.00
44819.00
44781.00
44708.00
44669.00
44658.00
44641.00
44593.00
44556.00
44518.00
44506.00
44505.00
44470.00
44435.00
44412.00
44380.00
44390.00
44372.00
44317.00
44274.00
44290.00
44307.00
44279.00
44266.00
44249.00
44257.00
44299.00
44278.00
44265.00
44237.00
44238.00
44297.00
44281.00
44240.00
44217.00
44221.00
44271.00
44285.00
44246.00
44217.00
44227.00
44290.00
44291.00
44253.00
44245.00
44269.00
44298.00
44301.00
44288.00
44250.00
44267.00
44304.00
44329.00
44293.00
44253.00
44259.00
44303.00
44311.00
44303.00
44274.00
44286.00
44319.00
44354.00
44332.00
44327.00
44340.00
44383.00
44405.00
44396.00
44396.00
44407.00
44420.00
44441.00
44439.00
44425.00
44449.00
44488.00
44531.00
44530.00
44532.00
44545.00
44580.00
44611.00
44630.00
44628.00
44664.00
44730.00
44804.00
44827.00
44855.00
44905.00
44978.00
45066.00
45142.00
45168.00
45237.00
45313.00
45417.00
45476.00
45511.00
45578.00
45654.00
45736.00
45794.00
45818.00
45881.00
45949.00
46027.00
46082.00
46093.00
46128.00
46201.00
46273.00
46316.00
46351.00
46362.00
46417.00
46483.00
46532.00
46543.00
46559.00
46601.00
46654.00
46690.00
46696.00
46706.00
46733.00
46782.00
46794.00
46792.00
46794.00
46786.00
46812.00
46816.00
46790.00
46753.00
46753.00
46756.00
46756.00
46720.00
46699.00
46689.00
46711.00
46711.00
46665.00
46649.00
46631.00
46641.00
46647.00
46622.00
46602.00
46592.00
46609.00
46612.00
46612.00
46580.00
46574.00
46585.00
46603.00
46586.00
46547.00
46540.00
46550.00
46557.00
46544.00
46505.00
46474.00
46471.00
46465.00
46446.00
46407.00
46362.00
46344.00
46322.00
46290.00
46224.00
46175.00
46146.00
46098.00
46051.00
45975.00
45905.00
45852.00
45810.00
45760.00
45704.00
45637.00
45602.00
45577.00
45518.00
45459.00
45374.00
45343.00
45311.00
45252.00
45183.00
45120.00
45080.00
45053.00
45021.00
44956.00
44908.00
44894.00
44875.00
44834.00
44779.00
44732.00
44714.00
44721.00
44686.00
44634.00
44583.00
44586.00
44593.00
44568.00
44520.00
44458.00
44453.00
44450.00
44436.00
44415.00
44350.00
44323.00
44315.00
44312.00
44278.00
44231.00
44244.00
44261.00
44280.00
44257.00
44217.00
44230.00
44255.00
44270.00
44242.00
44222.00
44221.00
44238.00
44285.00
44251.00
44200.00
44198.00
44240.00
44267.00
44239.00
44204.00
44213.00
44246.00
44282.00
44286.00
44247.00
44259.00
44281.00
44307.00
44310.00
44293.00
44309.00
44348.00
44389.00
44382.00
44343.00
44323.00
44366.00
44404.00
44407.00
44376.00
44336.00
44365.00
44380.00
44381.00
44351.00
44355.00
44357.00
44396.00
44405.00
44375.00
44384.00
44412.00
44437.00
44453.00
44466.00
44452.00
44485.00
44514.00
44526.00
44533.00
44555.00
44590.00
44629.00
44672.00
44688.00
44717.00
44758.00
44826.00
44857.00
44901.00
44929.00
44998.00
45084.00
45129.00
45175.00
45216.00
45279.00
45353.00
45418.00
45454.00
45476.00
45522.00
45613.00
45690.00
45734.00
45760.00
45808.00
45883.00
45958.00
45989.00
46009.00
46044.00
46116.00
46169.00
46189.00
46194.00
46228.00
46279.00
46314.00
46323.00
46315.00
46327.00
46367.00
46395.00
46408.00
46412.00
46435.00
46482.00
46521.00
46532.00
46540.00
46549.00
46582.00
46629.00
46616.00
46627.00
46641.00
46667.00
46696.00
46689.00
46669.00
46662.00
46653.00
46669.00
46643.00
46594.00
46560.00
46542.00
46543.00
46512.00
46448.00
46404.00
46363.00
46348.00
46312.00
46247.00
46196.00
46183.00
46167.00
46121.00
46083.00
46044.00
46029.00
46015.00
45995.00
45927.00
45885.00
45859.00
45866.00
45820.00
45775.00
45716.00
45699.00
45683.00
45643.00
45571.00
45522.00
45504.00
45473.00
45447.00
45391.00
45328.00
45305.00
45278.00
45228.00
45173.00
45112.00
45073.00
45063.00
45020.00
44962.00
44883.00
44848.00
44829.00
44779.00
44720.00
44667.00
44642.00
44607.00
44581.00
44534.00
44473.00
44449.00
44452.00
44440.00
44401.00
44344.00
44331.00
44355.00
44340.00
44315.00
44268.00
44241.00
44280.00
44305.00
44287.00
44260.00
44252.00
44259.00
44274.00
44252.00
44216.00
44201.00
44223.00
44243.00
44239.00
44209.00
44195.00
44229.00
44261.00
44236.00
44228.00
44208.00
44239.00
44268.00
44273.00
44238.00
44237.00
44254.00
44288.00
44283.00
44246.00
44228.00
44245.00
44292.00
44306.00
44253.00
44221.00
44250.00
44285.00
44286.00
44256.00
44236.00
44267.00
44293.00
44300.00
44282.00
44261.00
44271.00
44315.00
44313.00
44295.00
44282.00
44299.00
44345.00
44341.00
44314.00
44309.00
44319.00
44343.00
44365.00
44360.00
44350.00
44351.00
44394.00
44410.00
44416.00
44404.00
44424.00
44488.00
44515.00
44521.00
44513.00
44536.00
44588.00
44594.00
44603.00
44632.00
44651.00
44671.00
44702.00
44705.00
44733.00
44744.00
44795.00
44833.00
44827.00
44847.00
44867.00
44904.00
44946.00
44960.00
44964.00
45007.00
45056.00
45079.00
45086.00
45109.00
45140.00
45208.00
45239.00
45250.00
45250.00
45283.00
45321.00
45378.00
45377.00
45385.00
45391.00
45431.00
45478.00
45486.00
45478.00
45483.00
45537.00
45559.00
45537.00
45564.00
45545.00
45596.00
45619.00
45644.00
45635.00
45651.00
45684.00
45734.00
45756.00
45746.00
45751.00
45785.00
45836.00
45854.00
45863.00
45880.00
45903.00
45956.00
45967.00
45972.00
45992.00
46020.00
46088.00
46106.00
46117.00
46121.00
46160.00
46225.00
46231.00
46258.00
46249.00
46263.00
46321.00
46344.00
46338.00
46337.00
46359.00
46389.00
46408.00
46412.00
46396.00
46427.00
46465.00
46476.00
46466.00
46464.00
46484.00
46503.00
46540.00
46536.00
46529.00
46542.00
46586.00
46609.00
46625.00
46613.00
46640.00
46693.00
46731.00
46730.00
46737.00
46768.00
46800.00
46831.00
46812.00
46802.00
46787.00
46810.00
46814.00
46777.00
46742.00
46715.00
46709.00
46705.00
46639.00
46576.00
46536.00
46493.00
46471.00
46415.00
46329.00
46277.00
46257.00
46254.00
46183.00
46119.00
46053.00
46030.00
46028.00
45977.00
45917.00
45866.00
45842.00
45820.00
45789.00
45734.00
45691.00
45666.00
45649.00
45614.00
45554.00
45510.00
45478.00
45490.00
45447.00
45399.00
45356.00
45345.00
45330.00
45291.00
45252.00
45212.00
45175.00
45184.00
45145.00
45087.00
45048.00
45011.00
45015.00
44986.00
44929.00
44878.00
44861.00
44854.00
44828.00
44767.00
44725.00
44686.00
44698.00
44652.00
44616.00
44562.00
44540.00
44539.00
44516.00
44460.00
44417.00
44400.00
44401.00
44375.00
44338.00
44284.00
44285.00
44312.00
44306.00
44288.00
44253.00
44253.00
44287.00
44292.00
44283.00
44229.00
44249.00
44284.00
44296.00
44260.00
44241.00
44236.00
44260.00
44273.00
44265.00
44213.00
44208.00
44237.00
44270.00
44267.00
44233.00
44212.00
44238.00
44265.00
44252.00
44236.00
44227.00
44260.00
44303.00
44290.00
44284.00
44282.00
44307.00
44336.00
44336.00
44310.00
44300.00
44334.00
44352.00
44339.00
44319.00
44302.00
44314.00
44348.00
44358.00
44319.00
44302.00
44330.00
44366.00
44340.00
44310.00
44302.00
44320.00
44334.00
44324.00
44317.00
44304.00
44308.00
44347.00
44334.00
44323.00
44296.00
44313.00
44326.00
44335.00
44316.00
44307.00
44336.00
44360.00
44369.00
44372.00
44357.00
44375.00
44409.00
44424.00
44443.00
44431.00
44469.00
44502.00
44529.00
44516.00
44517.00
44522.00
44575.00
44596.00
44610.00
44608.00
44596.00
44635.00
44648.00
44656.00
44643.00
44658.00
44677.00
44701.00
44688.00
44702.00
44711.00
44751.00
44770.00
44770.00
44774.00
44784.00
44849.00
44874.00
44868.00
44857.00
44892.00
44938.00
44994.00
45002.00
45002.00
45016.00
45068.00
45108.00
45124.00
45107.00
45139.00
45197.00
45225.00
45240.00
45247.00
45252.00
45299.00
45341.00
45344.00
45340.00
45362.00
45379.00
45436.00
45440.00
45412.00
45434.00
45488.00
45522.00
45555.00
45563.00
45582.00
45607.00
45654.00
45677.00
45685.00
45696.00
45721.00
45773.00
45806.00
45812.00
45834.00
45859.00
45921.00
45934.00
45952.00
45952.00
46004.00
46029.00
46047.00
46060.00
46068.00
46088.00
46118.00
46137.00
46130.00
46139.00
46156.00
46185.00
46220.00
46227.00
46210.00
46238.00
46273.00
46294.00
46306.00
46298.00
46321.00
46370.00
46388.00
46401.00
46403.00
46429.00
46479.00
46528.00
46536.00
46540.00
46572.00
46619.00
46662.00
46666.00
46674.00
46691.00
46739.00
46768.00
46769.00
46767.00
46777.00
46824.00
46841.00
46853.00
46808.00
46819.00
46848.00
46888.00
46880.00
46865.00
46874.00
46903.00
46943.00
46950.00
46928.00
46919.00
46954.00
46971.00
46964.00
46941.00
46922.00
46926.00
46934.00
46917.00
46884.00
46839.00
46831.00
46838.00
46821.00
46768.00
46714.00
46689.00
46675.00
46635.00
46585.00
46522.00
46471.00
46476.00
46431.00
46364.00
46295.00
46258.00
46241.00
46185.00
46120.00
46058.00
46010.00
45982.00
45952.00
45896.00
45832.00
45799.00
45768.00
45743.00
45670.00
45613.00
45573.00
45548.00
45509.00
45454.00
45397.00
45351.00
45332.00
45299.00
45236.00
45159.00
45134.00
45112.00
45081.00
45016.00
44964.00
44930.00
44916.00
44906.00
44865.00
44815.00
44803.00
44788.00
44775.00
44728.00
44686.00
44657.00
44645.00
44641.00
44615.00
44550.00
44522.00
44521.00
44532.00
44485.00
44446.00
44373.00
44387.00
44393.00
44357.00
44310.00
44287.00
44305.00
44331.00
44317.00
44290.00
44255.00
44282.00
44300.00
44293.00
44252.00
44236.00
44254.00
44291.00
44300.00
44259.00
44242.00
44259.00
44289.00
44292.00
44275.00
44262.00
44285.00
44312.00
44331.00
44313.00
44287.00
44312.00
44346.00
44357.00
44327.00
44307.00
44327.00
44341.00
44356.00
44336.00
44306.00
44328.00
44362.00
44395.00
44400.00
44359.00
44374.00
44406.00
44423.00
44404.00
44389.00
44382.00
44430.00
44438.00
44443.00
44432.00
44450.00
44488.00
44522.00
44541.00
44503.00
44513.00
44545.00
44573.00
44609.00
44600.00
44619.00
44654.00
44700.00
44729.00
44751.00
44787.00
44832.00
44901.00
44950.00
44951.00
44993.00
45063.00
45142.00
45168.00
45189.00
45225.00
45293.00
45355.00
45390.00
45409.00
45434.00
45479.00
45538.00
45565.00
45574.00
45591.00
45640.00
45702.00
45732.00
45726.00
45737.00
45778.00
45826.00
45831.00
45821.00
45842.00
45889.00
45946.00
45974.00
45980.00
45984.00
46009.00
46054.00
46085.00
46094.00
46103.00
46120.00
46167.00
46187.00
46177.00
46181.00
46206.00
46249.00
46263.00
46271.00
46256.00
46282.00
