44160.00
44144.00
44117.00
44160.00
44160.00
44168.00
44163.00
44125.00
44138.00
44170.00
44178.00
44152.00
44136.00
44139.00
44169.00
44161.00
44143.00
44126.00
44139.00
44169.00
44161.00
44145.00
44128.00
44147.00
44156.00
44160.00
44145.00
44133.00
44129.00
44167.00
44169.00
44154.00
44128.00
44128.00
44146.00
44170.00
44166.00
44138.00
44117.00
44160.00
44176.00
44162.00
44134.00
44124.00
44161.00
44181.00
44152.00
44135.00
44126.00
44145.00
44163.00
44148.00
44142.00
44125.00
44142.00
44164.00
44167.00
44139.00
44115.00
44139.00
44171.00
44177.00
44139.00
44120.00
44125.00
44173.00
44145.00
44146.00
44135.00
44142.00
44184.00
44176.00
44156.00
44131.00
44137.00
44171.00
44181.00
44167.00
44147.00
44127.00
44161.00
44161.00
44160.00
44123.00
44108.00
44146.00
44144.00
44125.00
44112.00
44124.00
44134.00
44183.00
44154.00
44131.00
44127.00
44160.00
44173.00
44150.00
44129.00
44124.00
44142.00
44190.00
44165.00
44126.00
44119.00
44128.00
44172.00
44164.00
44124.00
44112.00
44132.00
44166.00
44159.00
44130.00
44117.00
44145.00
44171.00
44169.00
44137.00
44108.00
44122.00
44169.00
44165.00
44117.00
44108.00
44127.00
44149.00
44191.00
44160.00
44131.00
44137.00
44149.00
44172.00
44136.00
44120.00
44119.00
44156.00
44171.00
44158.00
44141.00
44135.00
44144.00
44176.00
44175.00
44116.00
44140.00
44160.00
44169.00
44151.00
44138.00
44114.00
44159.00
44182.00
44165.00
44138.00
44116.00
44148.00
44165.00
44154.00
44135.00
44105.00
44142.00
44169.00
44158.00
44128.00
44120.00
44142.00
44164.00
44147.00
44127.00
44127.00
44122.00
44174.00
44164.00
44143.00
44126.00
44126.00
44163.00
44179.00
44150.00
44127.00
44136.00
44185.00
44180.00
44136.00
44116.00
44132.00
44162.00
44178.00
44150.00
44109.00
44123.00
44146.00
44163.00
44145.00
44122.00
44116.00
44140.00
44165.00
44151.00
44124.00
44122.00
44145.00
44165.00
44152.00
44119.00
44120.00
44137.00
44149.00
44158.00
44108.00
44117.00
44127.00
44177.00
44155.00
44129.00
44101.00
44128.00
44157.00
44142.00
44134.00
44125.00
44137.00
44155.00
44134.00
44120.00
44113.00
44120.00
44143.00
44151.00
44114.00
44093.00
44114.00
44149.00
44168.00
44130.00
44103.00
44126.00
44141.00
44152.00
44124.00
44110.00
44111.00
44141.00
44161.00
44142.00
44114.00
44112.00
44131.00
44168.00
44146.00
44115.00
44111.00
44135.00
44166.00
44147.00
44111.00
44109.00
44133.00
44166.00
44146.00
44113.00
44110.00
44135.00
44170.00
44145.00
44119.00
44109.00
44131.00
44151.00
44152.00
44124.00
44111.00
44131.00
44161.00
44155.00
44120.00
44103.00
44120.00
44161.00
44160.00
44140.00
44117.00
44123.00
44160.00
44166.00
44133.00
44106.00
44124.00
44143.00
44172.00
44143.00
44120.00
44119.00
44147.00
44158.00
44145.00
44102.00
44127.00
44160.00
44180.00
44133.00
44113.00
44113.00
44135.00
44158.00
44151.00
44119.00
44113.00
44139.00
44161.00
44143.00
44112.00
44087.00
44120.00
44152.00
44157.00
44117.00
44117.00
44132.00
44159.00
44146.00
44125.00
44098.00
44143.00
44164.00
44169.00
44128.00
44116.00
44141.00
44161.00
44159.00
44136.00
44097.00
44115.00
44167.00
44163.00
44136.00
44106.00
44114.00
44152.00
44175.00
44147.00
44120.00
44127.00
44152.00
44161.00
44152.00
44115.00
44116.00
44153.00
44157.00
44145.00
44119.00
44100.00
44135.00
44166.00
44136.00
44103.00
44111.00
44138.00
44171.00
44138.00
44110.00
44107.00
44129.00
44157.00
44129.00
44116.00
44108.00
44129.00
44162.00
44167.00
44125.00
44111.00
44127.00
44150.00
44149.00
44120.00
44108.00
44127.00
44156.00
44156.00
44121.00
44109.00
44122.00
44148.00
44157.00
44115.00
44120.00
44131.00
44170.00
44182.00
44150.00
44126.00
44133.00
44169.00
44174.00
44134.00
44120.00
44118.00
44177.00
44170.00
44150.00
44119.00
44121.00
44162.00
44179.00
44166.00
44135.00
44117.00
44149.00
44186.00
44165.00
44104.00
44128.00
44161.00
44186.00
44151.00
44136.00
44123.00
44151.00
44183.00
44163.00
44143.00
44122.00
44160.00
44185.00
44170.00
44140.00
44131.00
44153.00
44184.00
44175.00
44153.00
44123.00
44139.00
44164.00
44170.00
44153.00
44136.00
44143.00
44178.00
44172.00
44145.00
44121.00
44133.00
44172.00
44157.00
44131.00
44120.00
44125.00
44156.00
44162.00
44133.00
44119.00
44120.00
44151.00
44149.00
44134.00
44113.00
44111.00
44139.00
44152.00
44139.00
44096.00
44111.00
44125.00
44154.00
44142.00
44099.00
44099.00
44126.00
44162.00
44128.00
44102.00
44118.00
44119.00
44139.00
44136.00
44104.00
44103.00
44122.00
44157.00
44136.00
44111.00
44103.00
44120.00
44154.00
44144.00
44135.00
44099.00
44122.00
44149.00
44132.00
44119.00
44092.00
44120.00
44162.00
44155.00
44126.00
44103.00
44121.00
44140.00
44150.00
44133.00
44110.00
44104.00
44142.00
44151.00
44137.00
44114.00
44118.00
44140.00
44160.00
44137.00
44110.00
44110.00
44139.00
44145.00
44144.00
44108.00
44117.00
44146.00
44157.00
44155.00
44128.00
44126.00
44152.00
44160.00
44167.00
44126.00
44127.00
44149.00
44177.00
44168.00
44130.00
44105.00
44151.00
44169.00
44174.00
44125.00
44117.00
44135.00
44167.00
44162.00
44117.00
44117.00
44137.00
44177.00
44159.00
44134.00
44110.00
44129.00
44163.00
44161.00
44129.00
44109.00
44124.00
44151.00
44157.00
44120.00
44103.00
44125.00
44163.00
44156.00
44130.00
44098.00
44097.00
44139.00
44168.00
44148.00
44118.00
44121.00
44160.00
44175.00
44149.00
44114.00
44114.00
44134.00
44165.00
44149.00
44113.00
44108.00
44160.00
44177.00
44178.00
44143.00
44129.00
44155.00
44177.00
44172.00
44130.00
44113.00
44154.00
44175.00
44157.00
44134.00
44122.00
44134.00
44170.00
44151.00
44144.00
44118.00
44141.00
44177.00
44165.00
44137.00
44127.00
44144.00
44171.00
44159.00
44141.00
44123.00
44128.00
44163.00
44172.00
44134.00
44131.00
44139.00
44151.00
44167.00
44149.00
44124.00
44133.00
44157.00
44167.00
44148.00
44120.00
44133.00
44162.00
44178.00
44151.00
44140.00
44136.00
44171.00
44178.00
44172.00
44122.00
44131.00
44165.00
44178.00
44168.00
44131.00
44134.00
44167.00
44183.00
44181.00
44150.00
44124.00
44143.00
44186.00
44167.00
44136.00
44139.00
44156.00
44181.00
44160.00
44143.00
44123.00
44154.00
44181.00
44182.00
44150.00
44134.00
44138.00
44151.00
44189.00
44129.00
44108.00
44140.00
44161.00
44180.00
44144.00
44123.00
44136.00
44172.00
44173.00
44155.00
44140.00
44143.00
44165.00
44167.00
44134.00
44120.00
44141.00
44162.00
44170.00
44159.00
44135.00
44118.00
44143.00
44158.00
44162.00
44132.00
44136.00
44145.00
44177.00
44159.00
44114.00
44118.00
44150.00
44173.00
44159.00
44133.00
44125.00
44151.00
44166.00
44160.00
44124.00
44130.00
44148.00
44172.00
44172.00
44139.00
44143.00
44150.00
44171.00
44173.00
44150.00
44139.00
44130.00
44180.00
44160.00
44127.00
44108.00
44147.00
44169.00
44159.00
44135.00
44110.00
44123.00
44171.00
44168.00
44146.00
44131.00
44131.00
44163.00
44163.00
44145.00
44120.00
44120.00
44161.00
44179.00
44149.00
44111.00
44138.00
44147.00
44158.00
44150.00
44100.00
44121.00
44167.00
44179.00
44141.00
44122.00
44119.00
44158.00
44173.00
44165.00
44114.00
44134.00
44145.00
44177.00
44160.00
44131.00
44114.00
44138.00
44172.00
44158.00
44110.00
44102.00
44135.00
44161.00
44142.00
44117.00
44116.00
44131.00
44178.00
44173.00
44134.00
44117.00
44128.00
44174.00
44190.00
44155.00
44133.00
44143.00
44190.00
44172.00
44161.00
44113.00
44138.00
44166.00
44161.00
44145.00
44131.00
44136.00
44177.00
44178.00
44158.00
44127.00
44140.00
44186.00
44194.00
44181.00
44144.00
44148.00
44192.00
44201.00
44191.00
44157.00
44159.00
44180.00
44190.00
44191.00
44139.00
44138.00
44169.00
44167.00
44160.00
44137.00
44132.00
44165.00
44188.00
44167.00
44141.00
44143.00
44163.00
44190.00
44178.00
44158.00
44150.00
44170.00
44180.00
44175.00
44141.00
44136.00
44160.00
44200.00
44173.00
44132.00
44130.00
44145.00
44183.00
44161.00
44150.00
44126.00
44158.00
44182.00
44189.00
44152.00
44137.00
44151.00
44189.00
44192.00
44174.00
44140.00
44146.00
44170.00
44187.00
44172.00
44130.00
44135.00
44173.00
44178.00
44161.00
44146.00
44149.00
44184.00
44206.00
44174.00
44148.00
44150.00
44169.00
44188.00
44161.00
44134.00
44141.00
44163.00
44180.00
44166.00
44153.00
44133.00
44152.00
44182.00
44151.00
44124.00
44125.00
44150.00
44173.00
44163.00
44116.00
44110.00
44131.00
44164.00
44167.00
44128.00
44134.00
44147.00
44186.00
44170.00
44157.00
44132.00
44160.00
44189.00
44176.00
44154.00
44134.00
44158.00
44186.00
44186.00
44164.00
44158.00
44166.00
44206.00
44204.00
44173.00
44157.00
44155.00
44189.00
44205.00
44173.00
44140.00
44161.00
44197.00
44200.00
44175.00
44150.00
44155.00
44194.00
44205.00
44181.00
44166.00
44169.00
44205.00
44222.00
44193.00
44175.00
44172.00
44198.00
44215.00
44177.00
44149.00
44170.00
44187.00
44219.00
44197.00
44179.00
44163.00
44197.00
44204.00
44187.00
44168.00
44163.00
44167.00
44200.00
44207.00
44163.00
44147.00
44174.00
44204.00
44190.00
44145.00
44122.00
44136.00
44154.00
44145.00
44137.00
44093.00
44104.00
44158.00
44141.00
44100.00
44094.00
44120.00
44157.00
44146.00
44126.00
44097.00
44110.00
44139.00
44147.00
44114.00
44090.00
44105.00
44143.00
44148.00
44110.00
44074.00
44104.00
44139.00
44147.00
44128.00
44100.00
44109.00
44141.00
44152.00
44128.00
44095.00
44102.00
44139.00
44155.00
44122.00
44097.00
44104.00
44127.00
44155.00
44137.00
44122.00
44105.00
44135.00
44150.00
44155.00
44118.00
44100.00
44146.00
44177.00
44143.00
44131.00
44124.00
44135.00
44171.00
44159.00
44127.00
44110.00
44143.00
44168.00
44152.00
44131.00
44124.00
44141.00
44192.00
44171.00
44131.00
44117.00
44137.00
44169.00
44163.00
44142.00
44110.00
44156.00
44175.00
44160.00
44148.00
44128.00
44136.00
44158.00
44175.00
44138.00
44119.00
44129.00
44177.00
44167.00
44136.00
44120.00
44137.00
44152.00
44169.00
44136.00
44113.00
44112.00
44147.00
44168.00
44144.00
44114.00
44113.00
44157.00
44153.00
44140.00
44114.00
44121.00
44136.00
44153.00
44153.00
44133.00
44128.00
44146.00
44180.00
44161.00
44115.00
44120.00
44153.00
44175.00
44159.00
44119.00
44114.00
44152.00
44170.00
44167.00
44148.00
44134.00
44159.00
44179.00
44176.00
44157.00
44142.00
44151.00
44177.00
44171.00
44149.00
44132.00
44152.00
44182.00
44170.00
44163.00
44127.00
44157.00
44190.00
44181.00
44147.00
44124.00
44138.00
44173.00
44168.00
44154.00
44123.00
44143.00
44168.00
44180.00
44159.00
44145.00
44160.00
44191.00
44181.00
44169.00
44142.00
44147.00
44168.00
44190.00
44175.00
44140.00
44136.00
44159.00
44187.00
44184.00
44129.00
44128.00
44162.00
44200.00
44168.00
44140.00
44143.00
44168.00
44192.00
44166.00
44140.00
44141.00
44162.00
44188.00
44169.00
44133.00
44148.00
44163.00
44187.00
44179.00
44156.00
44137.00
44157.00
44181.00
44173.00
44147.00
44142.00
44165.00
44195.00
44184.00
44154.00
44135.00
44159.00
44188.00
44173.00
44153.00
44140.00
44163.00
44195.00
44185.00
44161.00
44149.00
44156.00
44191.00
44189.00
44164.00
44132.00
44143.00
44181.00
44173.00
44159.00
44127.00
44143.00
44171.00
44180.00
44160.00
44146.00
44143.00
44157.00
44185.00
44170.00
44129.00
44132.00
44170.00
44183.00
44160.00
44131.00
44135.00
44159.00
44181.00
44168.00
44141.00
44132.00
44160.00
44172.00
44157.00
44137.00
44146.00
44160.00
44197.00
44180.00
44133.00
44118.00
44158.00
44183.00
44163.00
44135.00
44112.00
44148.00
44171.00
44170.00
44142.00
44129.00
44150.00
44178.00
44168.00
44139.00
44125.00
44147.00
44183.00
44172.00
44140.00
44117.00
44157.00
44195.00
44187.00
44151.00
44128.00
44157.00
44185.00
44177.00
44147.00
44135.00
44141.00
44180.00
44188.00
44153.00
44139.00
44150.00
44169.00
44184.00
44159.00
44135.00
44153.00
44173.00
44183.00
44149.00
44126.00
44148.00
44179.00
44175.00
44179.00
44111.00
44148.00
44166.00
44197.00
44172.00
44119.00
44127.00
44161.00
44178.00
44160.00
44130.00
44126.00
44163.00
44177.00
44158.00
44138.00
44134.00
44148.00
44183.00
44163.00
44132.00
44134.00
44155.00
44184.00
44181.00
44140.00
44146.00
44160.00
44191.00
44175.00
44146.00
44147.00
44151.00
44197.00
44168.00
44152.00
44137.00
44151.00
44184.00
44179.00
44140.00
44123.00
44139.00
44179.00
44184.00
44153.00
44136.00
44157.00
44165.00
44184.00
44155.00
44132.00
44144.00
44178.00
44171.00
44147.00
44135.00
44138.00
44170.00
44191.00
44161.00
44134.00
44139.00
44168.00
44171.00
44148.00
44121.00
44126.00
44173.00
44195.00
44163.00
44137.00
44135.00
44171.00
44171.00
44153.00
44130.00
44140.00
44166.00
44180.00
44162.00
44143.00
44124.00
44135.00
44174.00
44167.00
44121.00
44130.00
44156.00
44188.00
44180.00
44138.00
44140.00
44147.00
44164.00
44151.00
44095.00
44064.00
44077.00
44087.00
44048.00
44013.00
43979.00
43980.00
44003.00
43979.00
43938.00
43912.00
43924.00
43963.00
43968.00
43956.00
43943.00
43980.00
44021.00
44038.00
44047.00
44077.00
44125.00
44183.00
44205.00
44213.00
44234.00
44280.00
44319.00
44358.00
44339.00
44321.00
44340.00
44375.00
44376.00
44375.00
44340.00
44348.00
44377.00
44380.00
44359.00
44325.00
44339.00
44360.00
44361.00
44331.00
44303.00
44299.00
44324.00
44341.00
44322.00
44296.00
44314.00
44330.00
44358.00
44330.00
44307.00
44328.00
44360.00
44377.00
44378.00
44359.00
44354.00
44379.00
44410.00
44400.00
44351.00
44339.00
44365.00
44387.00
44384.00
44341.00
44333.00
44359.00
44374.00
44369.00
44351.00
44316.00
44338.00
44351.00
44346.00
44308.00
44297.00
44321.00
44348.00
44335.00
44308.00
44297.00
44304.00
44337.00
44316.00
44313.00
44289.00
44307.00
44339.00
44331.00
44314.00
44298.00
44314.00
44338.00
44348.00
44316.00
44306.00
44311.00
44353.00
44359.00
44347.00
44314.00
44339.00
44353.00
44368.00
44344.00
44318.00
44328.00
44366.00
44369.00
44340.00
44324.00
44323.00
44342.00
44344.00
44330.00
44308.00
44304.00
44335.00
44360.00
44346.00
44305.00
44317.00
44338.00
44351.00
44323.00
44315.00
44309.00
44340.00
44357.00
44335.00
44327.00
44321.00
44335.00
44370.00
44352.00
44312.00
44310.00
44336.00
44354.00
44344.00
44315.00
44325.00
44337.00
44364.00
44354.00
44330.00
44327.00
44347.00
44361.00
44348.00
44334.00
44320.00
44336.00
44379.00
44357.00
44331.00
44314.00
44332.00
44365.00
44356.00
44326.00
44322.00
44343.00
44364.00
44380.00
44351.00
44321.00
44333.00
44370.00
44375.00
44360.00
44321.00
44326.00
44354.00
44367.00
44349.00
44328.00
44338.00
44371.00
44365.00
44339.00
44334.00
44331.00
44358.00
44375.00
44364.00
44336.00
44334.00
44353.00
44367.00
44349.00
44341.00
44328.00
44354.00
44386.00
44353.00
44307.00
44330.00
44340.00
44352.00
44348.00
44325.00
44311.00
44334.00
44363.00
44341.00
44308.00
44317.00
44317.00
44338.00
44332.00
44319.00
44311.00
44322.00
44342.00
44329.00
44299.00
44309.00
44329.00
44348.00
44360.00
44314.00
44309.00
44326.00
44341.00
44343.00
44324.00
44304.00
44334.00
44358.00
44361.00
44339.00
44315.00
44329.00
44345.00
44352.00
44319.00
44323.00
44318.00
44351.00
44352.00
44330.00
44297.00
44298.00
44331.00
44346.00
44304.00
44292.00
44294.00
44329.00
44336.00
44312.00
44293.00
44299.00
44328.00
44337.00
44320.00
44292.00
44320.00
44329.00
44342.00
44318.00
44299.00
44318.00
44339.00
44358.00
44319.00
44310.00
44303.00
44350.00
44349.00
44312.00
44300.00
44305.00
44317.00
44328.00
44311.00
44298.00
44293.00
44317.00
44335.00
44311.00
44292.00
44294.00
44322.00
44335.00
44327.00
44306.00
44295.00
44328.00
44360.00
44347.00
44312.00
44310.00
44307.00
44343.00
44332.00
44303.00
44289.00
44315.00
44345.00
44335.00
44332.00
44291.00
44303.00
44326.00
44328.00
44307.00
44292.00
44293.00
44320.00
44319.00
44299.00
44281.00
44312.00
44331.00
44322.00
44315.00
44292.00
44289.00
44332.00
44332.00
44314.00
44292.00
44301.00
44322.00
44337.00
44313.00
44311.00
44303.00
44339.00
44346.00
44322.00
44305.00
44300.00
44335.00
44348.00
44329.00
44302.00
44297.00
44337.00
44341.00
44320.00
44291.00
44301.00
44318.00
44338.00
44339.00
44292.00
44306.00
44325.00
44341.00
44323.00
44296.00
44308.00
44311.00
44329.00
44310.00
44292.00
44288.00
44319.00
44339.00
44328.00
44295.00
44298.00
44309.00
44327.00
44320.00
44294.00
44280.00
44320.00
44323.00
44321.00
44311.00
44290.00
44306.00
44323.00
44340.00
44306.00
44290.00
44310.00
44331.00
44338.00
44312.00
44299.00
44297.00
44317.00
44329.00
44290.00
44287.00
44303.00
44332.00
44339.00
44315.00
44288.00
44303.00
44338.00
44334.00
44337.00
44282.00
44309.00
44336.00
44343.00
44320.00
44297.00
44304.00
44330.00
44336.00
44316.00
44287.00
44305.00
44336.00
44331.00
44330.00
44310.00
44313.00
44316.00
44351.00
44325.00
44298.00
44306.00
44341.00
44346.00
44324.00
44307.00
44321.00
44327.00
44346.00
44348.00
44318.00
44305.00
44318.00
44353.00
44329.00
44321.00
44298.00
44310.00
44350.00
44332.00
44309.00
44316.00
44321.00
44355.00
44346.00
44304.00
44317.00
44329.00
44346.00
44340.00
44308.00
44311.00
44318.00
44358.00
44340.00
44310.00
44297.00
44312.00
44356.00
44341.00
44330.00
44297.00
44319.00
44347.00
44342.00
44329.00
44289.00
44308.00
44337.00
44337.00
44325.00
44301.00
44302.00
44337.00
44351.00
44323.00
44312.00
44286.00
44329.00
44339.00
44317.00
44306.00
44307.00
44337.00
44344.00
44319.00
44292.00
44286.00
44312.00
44329.00
44333.00
44304.00
44310.00
44337.00
44378.00
44352.00
44337.00
44355.00
44389.00
44422.00
44436.00
44414.00
44439.00
44458.00
44502.00
44538.00
44534.00
44562.00
44623.00
44692.00
44741.00
44745.00
44794.00
44863.00
44932.00
44969.00
44990.00
45005.00
45065.00
45117.00
45153.00
45162.00
45143.00
45192.00
45230.00
45225.00
45202.00
45199.00
45209.00
45242.00
45221.00
45210.00
45172.00
45178.00
45194.00
45196.00
45178.00
45183.00
45170.00
45220.00
45228.00
45213.00
45199.00
45221.00
45256.00
45265.00
45256.00
45245.00
45265.00
45318.00
45327.00
45325.00
45314.00
45329.00
45369.00
45381.00
45366.00
45331.00
45327.00
45359.00
45371.00
45337.00
45324.00
45298.00
45318.00
45320.00
45297.00
45249.00
45237.00
45250.00
45245.00
45234.00
45204.00
45191.00
45186.00
45214.00
45193.00
45171.00
45166.00
45181.00
45210.00
45202.00
45172.00
45166.00
45191.00
45215.00
45206.00
45182.00
45157.00
45201.00
45226.00
45220.00
45202.00
45213.00
45215.00
45247.00
45254.00
45211.00
45201.00
45236.00
45247.00
45239.00
45212.00
45198.00
45202.00
45222.00
45230.00
45196.00
45191.00
45195.00
45204.00
45219.00
45188.00
45171.00
45180.00
45205.00
45209.00
45195.00
45163.00
45191.00
45219.00
45212.00
45196.00
45174.00
45178.00
45219.00
45222.00
45213.00
45194.00
45198.00
45221.00
45244.00
45218.00
45200.00
45186.00
45223.00
45243.00
45213.00
45194.00
45203.00
45214.00
45232.00
45223.00
45193.00
45199.00
45210.00
45212.00
45215.00
45187.00
45180.00
45199.00
45232.00
45213.00
45201.00
45185.00
45205.00
45214.00
45215.00
45195.00
45183.00
45192.00
45227.00
45222.00
45197.00
45177.00
45180.00
45206.00
45208.00
45179.00
45171.00
45173.00
45208.00
45201.00
45176.00
45161.00
45157.00
45206.00
45200.00
45176.00
45146.00
45163.00
45171.00
45182.00
45173.00
45159.00
45161.00
45201.00
45202.00
45178.00
45160.00
45166.00
45198.00
45207.00
45201.00
45183.00
45182.00
45221.00
45228.00
45203.00
45167.00
45170.00
45199.00
45223.00
45198.00
45174.00
45165.00
45191.00
45194.00
45174.00
45147.00
45137.00
45153.00
45163.00
45160.00
45127.00
45145.00
45151.00
45176.00
45168.00
45146.00
45129.00
45152.00
45198.00
45178.00
45151.00
45152.00
45160.00
45177.00
45213.00
45160.00
45134.00
45177.00
45215.00
45195.00
45172.00
45154.00
45163.00
45200.00
45194.00
45164.00
45151.00
45160.00
45195.00
45171.00
45175.00
45124.00
45135.00
45165.00
45189.00
45147.00
45124.00
45134.00
45175.00
45177.00
45156.00
45123.00
45139.00
45169.00
45181.00
45156.00
45134.00
45138.00
45174.00
45182.00
45165.00
45141.00
45145.00
45165.00
45188.00
45167.00
45141.00
45153.00
45147.00
45182.00
45164.00
45136.00
45135.00
45154.00
45166.00
45173.00
45130.00
45129.00
45148.00
45180.00
45159.00
45146.00
45129.00
45146.00
45176.00
45153.00
45145.00
45127.00
45145.00
45173.00
45155.00
45138.00
45143.00
45164.00
45177.00
45171.00
45156.00
45146.00
45160.00
45196.00
45195.00
45173.00
45148.00
45166.00
45185.00
45187.00
45166.00
45145.00
45157.00
45194.00
45186.00
45172.00
45151.00
45162.00
45197.00
45201.00
45169.00
45140.00
45171.00
45182.00
45194.00
45158.00
45147.00
45152.00
45199.00
45185.00
45171.00
45141.00
45149.00
45170.00
45185.00
45184.00
45156.00
45171.00
45180.00
45182.00
45195.00
45159.00
45160.00
45183.00
45187.00
45166.00
45152.00
45140.00
45171.00
45195.00
45190.00
45147.00
45152.00
45163.00
45176.00
45168.00
45146.00
45135.00
45172.00
45197.00
45172.00
45161.00
45154.00
45166.00
45205.00
45186.00
45160.00
45149.00
45165.00
45196.00
45196.00
45174.00
45159.00
45155.00
45185.00
45188.00
45168.00
45155.00
45165.00
45187.00
45181.00
45167.00
45145.00
45166.00
45167.00
45174.00
45167.00
45154.00
45156.00
45188.00
45182.00
45167.00
45139.00
45157.00
45175.00
45191.00
45173.00
45166.00
45164.00
45206.00
45198.00
45199.00
45161.00
45161.00
45191.00
45199.00
45182.00
45146.00
45160.00
45181.00
45189.00
45181.00
45127.00
45127.00
45163.00
45172.00
45152.00
45131.00
45121.00
45146.00
45167.00
45177.00
45131.00
45145.00
45160.00
45181.00
45172.00
45132.00
45142.00
45175.00
45203.00
45192.00
45159.00
45164.00
45170.00
45193.00
45185.00
45165.00
45145.00
45168.00
45203.00
45173.00
45151.00
45141.00
45147.00
45184.00
45187.00
45153.00
45134.00
45156.00
45172.00
45177.00
45147.00
45151.00
45151.00
45175.00
45155.00
45173.00
45144.00
45172.00
45212.00
45194.00
45185.00
45171.00
45176.00
45206.00
45214.00
45218.00
45195.00
45223.00
45254.00
45278.00
45273.00
45284.00
45298.00
45348.00
45388.00
45398.00
45413.00
45459.00
45526.00
45577.00
45598.00
45609.00
45651.00
45716.00
45756.00
45783.00
45794.00
45804.00
45862.00
45907.00
45921.00
45900.00
45903.00
45961.00
45978.00
45982.00
45957.00
45979.00
46001.00
46008.00
46003.00
45965.00
45946.00
45974.00
45986.00
45976.00
45961.00
45952.00
45969.00
46015.00
45998.00
45992.00
45993.00
46017.00
46038.00
46059.00
46070.00
46060.00
46106.00
46123.00
46128.00
46128.00
46114.00
46131.00
46161.00
46155.00
46151.00
46122.00
46136.00
46157.00
46150.00
46129.00
46123.00
46100.00
46127.00
46115.00
46090.00
46067.00
46054.00
46075.00
46082.00
46062.00
46033.00
46037.00
46063.00
46079.00
46067.00
46029.00
46056.00
46083.00
46109.00
46101.00
46081.00
46079.00
46105.00
46134.00
46137.00
46110.00
46121.00
46140.00
46159.00
46152.00
46125.00
46118.00
46127.00
46165.00
46141.00
46126.00
46095.00
46117.00
46145.00
46116.00
46091.00
46081.00
46096.00
46110.00
46116.00
46078.00
46068.00
46072.00
46108.00
46098.00
46059.00
46060.00
46079.00
46103.00
46117.00
46097.00
46087.00
46101.00
46131.00
46129.00
46119.00
46102.00
46126.00
46138.00
46147.00
46145.00
46112.00
46124.00
46156.00
46162.00
46137.00
46118.00
46122.00
46134.00
46143.00
46115.00
46097.00
46106.00
46127.00
46138.00
46114.00
46093.00
46093.00
46117.00
46144.00
46116.00
46086.00
46099.00
46119.00
46133.00
46138.00
46108.00
46104.00
46134.00
46153.00
46139.00
46115.00
46122.00
46128.00
46155.00
46152.00
46125.00
46120.00
46123.00
46159.00
46151.00
46109.00
46101.00
46127.00
46155.00
46137.00
46096.00
46123.00
46126.00
46155.00
46155.00
46123.00
46110.00
46126.00
46153.00
46160.00
46141.00
46122.00
46122.00
46162.00
46146.00
46144.00
46112.00
46123.00
46140.00
46155.00
46130.00
46112.00
46113.00
46162.00
46155.00
46143.00
46112.00
46118.00
46140.00
46159.00
46132.00
46125.00
46123.00
46133.00
46159.00
46146.00
46129.00
46121.00
46158.00
46168.00
46141.00
46129.00
46108.00
46144.00
46154.00
46147.00
46099.00
46108.00
46130.00
46138.00
46126.00
46108.00
46114.00
46118.00
46150.00
46147.00
46119.00
46118.00
46126.00
46166.00
46147.00
46117.00
46108.00
46131.00
46155.00
46144.00
46135.00
46113.00
46121.00
46160.00
46152.00
46125.00
46107.00
46121.00
46153.00
46156.00
46114.00
46112.00
46121.00
46149.00
46148.00
46123.00
46112.00
46119.00
46152.00
46146.00
46126.00
46107.00
46121.00
46156.00
46139.00
46132.00
46120.00
46105.00
46130.00
46146.00
46119.00
46083.00
46107.00
46131.00
46141.00
46127.00
46109.00
46111.00
46132.00
46160.00
46118.00
46120.00
46109.00
46141.00
46154.00
46146.00
46120.00
46108.00
46122.00
46159.00
46139.00
46119.00
46108.00
46131.00
46153.00
46133.00
46130.00
46104.00
46122.00
46147.00
46137.00
46122.00
46114.00
46128.00
46155.00
46140.00
46133.00
46120.00
46141.00
46158.00
46157.00
46122.00
46119.00
46122.00
46145.00
46147.00
46123.00
46116.00
46126.00
46151.00
46157.00
46120.00
46113.00
46118.00
46146.00
46149.00
46141.00
46115.00
46113.00
46157.00
46150.00
46139.00
46112.00
46111.00
46157.00
46179.00
46129.00
46125.00
46133.00
46168.00
46160.00
46156.00
46123.00
46134.00
46156.00
46156.00
46146.00
46111.00
46115.00
46145.00
46146.00
46136.00
46110.00
46125.00
46142.00
46150.00
46153.00
46124.00
46112.00
46131.00
46154.00
46151.00
46123.00
46114.00
46126.00
46154.00
46152.00
46116.00
46111.00
46139.00
46168.00
46161.00
46117.00
46113.00
46130.00
46161.00
46145.00
46130.00
46100.00
46125.00
46147.00
46136.00
46121.00
46114.00
46128.00
46145.00
46146.00
46131.00
46117.00
46121.00
46150.00
46155.00
46138.00
46105.00
46140.00
46159.00
46153.00
46145.00
46125.00
46131.00
46160.00
46158.00
46134.00
46117.00
46128.00
46148.00
46169.00
46133.00
46121.00
46120.00
46132.00
46143.00
46122.00
46111.00
46095.00
46134.00
46149.00
46134.00
46116.00
46100.00
46138.00
46144.00
46153.00
46116.00
46116.00
46138.00
46160.00
46147.00
46125.00
46126.00
46144.00
46158.00
46143.00
46123.00
46116.00
46132.00
46183.00
46142.00
46137.00
46093.00
46131.00
46149.00
46152.00
46122.00
46108.00
46130.00
46153.00
46146.00
46129.00
46111.00
46128.00
46163.00
46164.00
46135.00
46116.00
46141.00
46164.00
46157.00
46132.00
46131.00
46132.00
46163.00
46167.00
46130.00
46123.00
46124.00
46150.00
46151.00
46142.00
46112.00
46111.00
46141.00
46152.00
46129.00
46109.00
46114.00
46138.00
46162.00
46135.00
46121.00
46118.00
46152.00
46174.00
46133.00
46119.00
46117.00
46146.00
46178.00
46168.00
46136.00
46143.00
46169.00
46202.00
46196.00
46187.00
46191.00
46225.00
46257.00
46259.00
46276.00
46296.00
46341.00
46392.00
46414.00
46424.00
46449.00
46487.00
46546.00
46575.00
46553.00
46568.00
46592.00
46629.00
46644.00
46626.00
46599.00
46604.00
46632.00
46607.00
46583.00
46540.00
46554.00
46549.00
46530.00
46484.00
46463.00
46456.00
46473.00
46471.00
46476.00
46440.00
46469.00
46497.00
46526.00
46548.00
46537.00
46574.00
46627.00
46659.00
46663.00
46672.00
46709.00
46761.00
46784.00
46784.00
46765.00
46777.00
46806.00
46818.00
46796.00
46784.00
46767.00
46802.00
46779.00
46754.00
46717.00
46705.00
46707.00
46706.00
46673.00
46637.00
46631.00
46636.00
46636.00
46619.00
46588.00
46574.00
46590.00
46629.00
46617.00
46594.00
46591.00
46607.00
46644.00
46642.00
46632.00
46630.00
46666.00
46701.00
46716.00
46704.00
46682.00
46712.00
46742.00
46755.00
46732.00
46728.00
46743.00
46773.00
46783.00
46751.00
46732.00
46755.00
46769.00
46788.00
46731.00
46730.00
46713.00
46731.00
46730.00
46712.00
46666.00
46677.00
46680.00
46694.00
46676.00
46656.00
46649.00
46675.00
46687.00
46676.00
46666.00
46659.00
46683.00
46714.00
46720.00
46690.00
46692.00
46723.00
46750.00
46744.00
46716.00
46719.00
46747.00
46752.00
46755.00
46724.00
46703.00
46745.00
46747.00
46737.00
46723.00
46695.00
46716.00
46733.00
46727.00
46713.00
46688.00
46696.00
46731.00
46729.00
46699.00
46685.00
46704.00
46726.00
46716.00
46690.00
46691.00
46707.00
46734.00
46732.00
46716.00
46703.00
46727.00
46743.00
46752.00
46710.00
46706.00
46707.00
46737.00
46727.00
46724.00
46688.00
46701.00
46710.00
46716.00
46700.00
46683.00
46678.00
46712.00
46699.00
46701.00
46665.00
46680.00
46721.00
46714.00
46716.00
46689.00
46698.00
46721.00
46740.00
46724.00
46702.00
46703.00
46721.00
46745.00
46739.00
46702.00
46709.00
46725.00
46730.00
46705.00
46690.00
46699.00
46711.00
46726.00
46704.00
46687.00
46692.00
46717.00
46732.00
46722.00
46696.00
46701.00
46703.00
46738.00
46742.00
46715.00
46715.00
46735.00
46767.00
46761.00
46715.00
46718.00
46734.00
46752.00
46742.00
46730.00
46714.00
46728.00
46746.00
46749.00
46716.00
46712.00
46721.00
46732.00
46745.00
46713.00
46691.00
46718.00
46740.00
46757.00
46743.00
46710.00
46737.00
46762.00
46781.00
46741.00
46730.00
46724.00
46761.00
46766.00
46754.00
46716.00
46734.00
46750.00
46760.00
46741.00
46708.00
46717.00
46730.00
46744.00
46741.00
46717.00
46702.00
46738.00
46746.00
46731.00
46709.00
46710.00
46741.00
46757.00
46749.00
46716.00
46716.00
46734.00
46759.00
46749.00
46739.00
46724.00
46740.00
46765.00
46750.00
46734.00
46721.00
46748.00
46782.00
46767.00
46717.00
46715.00
46741.00
46750.00
46759.00
46733.00
46710.00
46717.00
46750.00
46745.00
46726.00
46710.00
46727.00
46747.00
46744.00
46728.00
46717.00
46725.00
46752.00
46762.00
46733.00
46732.00
46736.00
46752.00
46750.00
46740.00
46730.00
46723.00
46747.00
46747.00
46748.00
46703.00
46718.00
46737.00
46751.00
46739.00
46725.00
46725.00
46760.00
46755.00
46744.00
46727.00
46718.00
46745.00
46750.00
46734.00
46711.00
46713.00
46735.00
46737.00
46728.00
46716.00
46698.00
46732.00
46743.00
46737.00
46710.00
46710.00
46730.00
46754.00
46765.00
46708.00
46724.00
46730.00
46768.00
46743.00
46725.00
46717.00
46738.00
46756.00
46752.00
46740.00
46718.00
46745.00
46754.00
46753.00
46736.00
46706.00
46729.00
46752.00
46760.00
46726.00
46721.00
46723.00
46750.00
46752.00
46721.00
46703.00
46713.00
46760.00
46749.00
46723.00
46730.00
46726.00
46761.00
46762.00
46749.00
46717.00
46736.00
46749.00
46764.00
46732.00
46719.00
46715.00
46746.00
46751.00
46720.00
46720.00
46711.00
46741.00
46753.00
46747.00
46720.00
46726.00
46757.00
46784.00
46760.00
46734.00
46750.00
46762.00
46769.00
46756.00
46740.00
46732.00
46756.00
46771.00
46752.00
46738.00
46726.00
46728.00
46757.00
46742.00
46721.00
46719.00
46735.00
46765.00
46756.00
46731.00
46716.00
46736.00
46766.00
46748.00
46736.00
46732.00
46743.00
46775.00
46772.00
46751.00
46740.00
46754.00
46782.00
46768.00
46744.00
46729.00
46745.00
46769.00
46761.00
46731.00
46727.00
46730.00
46765.00
46759.00
46742.00
46724.00
46744.00
46781.00
46765.00
46755.00
46742.00
46734.00
46764.00
46763.00
46745.00
46739.00
46744.00
46779.00
46775.00
46749.00
46733.00
46746.00
46768.00
46775.00
46755.00
46726.00
46736.00
46759.00
46774.00
46769.00
46739.00
46752.00
46763.00
46777.00
46754.00
46748.00
46734.00
46775.00
46774.00
46777.00
46752.00
46750.00
46761.00
46779.00
46760.00
46738.00
46740.00
46750.00
46781.00
46770.00
46759.00
46743.00
46750.00
46777.00
46769.00
46737.00
46743.00
46746.00
46761.00
46758.00
46731.00
46719.00
46737.00
46760.00
46738.00
46732.00
46713.00
46737.00
46759.00
46754.00
46730.00
46725.00
46728.00
46758.00
46758.00
46722.00
46701.00
46732.00
46740.00
46734.00
46701.00
46664.00
46688.00
46706.00
46684.00
46648.00
46610.00
46578.00
46596.00
46560.00
46511.00
46452.00
46417.00
46396.00
46351.00
46267.00
46196.00
46149.00
46117.00
46076.00
45993.00
45915.00
45879.00
45853.00
45813.00
45749.00
45689.00
45663.00
45650.00
45631.00
45615.00
45552.00
45541.00
45551.00
45560.00
45551.00
45524.00
45524.00
45550.00
45575.00
45557.00
45558.00
45555.00
45575.00
45608.00
45587.00
45568.00
45558.00
45559.00
45581.00
45568.00
45525.00
45522.00
45522.00
45538.00
45504.00
45468.00
45460.00
45466.00
45484.00
45471.00
45453.00
45425.00
45447.00
45461.00
45460.00
45451.00
45428.00
45450.00
45480.00
45491.00
45448.00
45464.00
45484.00
45503.00
45514.00
45504.00
45482.00
45520.00
45549.00
45556.00
45537.00
45525.00
45548.00
45572.00
45577.00
45563.00
45522.00
45537.00
45574.00
45572.00
45547.00
45530.00
45548.00
45553.00
45568.00
45532.00
45511.00
45526.00
45545.00
45551.00
45538.00
45515.00
45525.00
45560.00
45573.00
45541.00
45528.00
45527.00
45565.00
45608.00
45573.00
45565.00
45553.00
45582.00
45602.00
45581.00
45569.00
45554.00
45595.00
45612.00
45594.00
45548.00
45556.00
45571.00
45576.00
45571.00
45541.00
45533.00
45562.00
45569.00
45570.00
45535.00
45520.00
45538.00
45564.00
45565.00
45539.00
45549.00
45555.00
45561.00
45566.00
45563.00
45531.00
45568.00
45582.00
45601.00
45563.00
45549.00
45575.00
45605.00
45604.00
45571.00
45560.00
45571.00
45616.00
45584.00
45591.00
45558.00
45556.00
45583.00
45591.00
45568.00
45554.00
45564.00
45592.00
45590.00
45572.00
45537.00
45559.00
45569.00
45579.00
45574.00
45549.00
45559.00
45580.00
45588.00
45578.00
45542.00
45546.00
45587.00
45603.00
45590.00
45577.00
45563.00
45600.00
45599.00
45594.00
45577.00
45574.00
45604.00
45613.00
45595.00
45572.00
45589.00
45597.00
45617.00
45605.00
45583.00
45569.00
45605.00
45626.00
45610.00
45590.00
45584.00
45608.00
45611.00
45607.00
45592.00
45592.00
45607.00
45636.00
45626.00
45607.00
45601.00
45620.00
45657.00
45643.00
45608.00
45585.00
45624.00
45637.00
45635.00
45611.00
45605.00
45627.00
45658.00
45657.00
45627.00
45620.00
45613.00
45658.00
45653.00
45626.00
45608.00
45615.00
45665.00
45647.00
45639.00
45610.00
45614.00
45647.00
45648.00
45624.00
45615.00
45622.00
45650.00
45660.00
45637.00
45626.00
45626.00
45646.00
45651.00
45635.00
45620.00
45623.00
45660.00
45651.00
45638.00
45623.00
45634.00
45647.00
45658.00
45648.00
45612.00
45632.00
45625.00
45662.00
45632.00
45624.00
45612.00
45634.00
45641.00
45636.00
45610.00
45613.00
45624.00
45631.00
45635.00
45616.00
45622.00
45624.00
45644.00
45638.00
45604.00
45616.00
45621.00
45656.00
45636.00
45620.00
45612.00
45633.00
45647.00
45658.00
45619.00
45616.00
45637.00
45652.00
45650.00
45618.00
45604.00
45618.00
45651.00
45632.00
45620.00
45605.00
45620.00
45636.00
45642.00
45627.00
45605.00
45612.00
45662.00
45651.00
45636.00
45619.00
45636.00
45651.00
45674.00
45630.00
45618.00
45640.00
45654.00
45652.00
45644.00
45625.00
45620.00
45649.00
45657.00
45619.00
45620.00
45610.00
45649.00
45649.00
45628.00
45614.00
45628.00
45645.00
45660.00
45640.00
45629.00
45616.00
45650.00
45659.00
45646.00
45623.00
45631.00
45637.00
45660.00
45649.00
45619.00
45627.00
45657.00
45661.00
45649.00
45620.00
45629.00
45646.00
45651.00
45657.00
45634.00
45615.00
45627.00
45653.00
45656.00
45618.00
45619.00
45628.00
45655.00
45652.00
45623.00
45613.00
45640.00
45661.00
45654.00
45633.00
45609.00
45629.00
45652.00
45660.00
45641.00
45629.00
45643.00
45664.00
45646.00
45648.00
45618.00
45631.00
45672.00
45653.00
45623.00
45622.00
45626.00
45660.00
45659.00
45634.00
45617.00
45618.00
45651.00
45667.00
45634.00
45635.00
45637.00
45668.00
45655.00
45651.00
45611.00
45629.00
45660.00
45672.00
45653.00
45628.00
45615.00
45641.00
45671.00
45645.00
45631.00
45626.00
45650.00
45678.00
45655.00
45636.00
45640.00
45661.00
45668.00
45666.00
45648.00
45637.00
45656.00
45662.00
45668.00
45631.00
45622.00
45646.00
45669.00
45657.00
45646.00
45622.00
45645.00
45662.00
45663.00
45632.00
45634.00
45641.00
45661.00
45658.00
45648.00
45622.00
45632.00
45664.00
45656.00
45630.00
45629.00
45637.00
45650.00
45648.00
45639.00
45628.00
45640.00
45652.00
45657.00
45633.00
45619.00
45641.00
45646.00
45658.00
45634.00
45620.00
45621.00
45644.00
45649.00
45641.00
45629.00
45624.00
45653.00
45656.00
45624.00
45611.00
45618.00
45633.00
45636.00
45642.00
45600.00
45600.00
45598.00
45614.00
45582.00
45539.00
45544.00
45539.00
45534.00
45501.00
45484.00
45445.00
45442.00
45444.00
45394.00
45330.00
45302.00
45277.00
45257.00
45225.00
45150.00
45105.00
45110.00
45081.00
45034.00
44991.00
44943.00
44930.00
44939.00
44904.00
44865.00
44830.00
44836.00
44845.00
44833.00
44806.00
44786.00
44794.00
44806.00
44807.00
44787.00
44756.00
44765.00
44802.00
44783.00
44762.00
44732.00
44736.00
44759.00
44746.00
44724.00
44676.00
44695.00
44704.00
44705.00
44677.00
44651.00
44648.00
44662.00
44654.00
44642.00
44624.00
44616.00
44635.00
44649.00
44619.00
44598.00
44600.00
44650.00
44640.00
44627.00
44586.00
44595.00
44623.00
44616.00
44616.00
44585.00
44578.00
44607.00
44627.00
44613.00
44594.00
44587.00
44628.00
44628.00
44623.00
44585.00
44598.00
44601.00
44630.00
44613.00
44590.00
44587.00
44611.00
44614.00
44622.00
44590.00
44569.00
44593.00
44613.00
44602.00
44566.00
44560.00
44560.00
44602.00
44589.00
44557.00
44539.00
44552.00
44574.00
44564.00
44544.00
44525.00
44546.00
44566.00
44572.00
44549.00
44515.00
44539.00
44556.00
44567.00
44538.00
44519.00
44518.00
44565.00
44552.00
44545.00
44525.00
44541.00
44556.00
44562.00
44548.00
44523.00
44525.00
44547.00
44564.00
44554.00
44527.00
44522.00
44544.00
44557.00
44547.00
44523.00
44534.00
44542.00
44552.00
44544.00
44497.00
44507.00
44524.00
44543.00
44517.00
44509.00
44488.00
44520.00
44546.00
44525.00
44504.00
44498.00
44504.00
44546.00
44534.00
44506.00
44486.00
44502.00
44530.00
44531.00
44517.00
44490.00
44514.00
44532.00
44520.00
44515.00
44483.00
44508.00
44528.00
44521.00
44497.00
44487.00
44494.00
44521.00
44515.00
44500.00
44478.00
44482.00
44515.00
44511.00
44481.00
44466.00
44486.00
44512.00
44505.00
44493.00
44478.00
44472.00
44498.00
44502.00
44497.00
44476.00
44479.00
44501.00
44512.00
44507.00
44481.00
44485.00
44512.00
44528.00
44515.00
44491.00
44487.00
44512.00
44518.00
44517.00
44486.00
44475.00
44503.00
44524.00
44509.00
44483.00
44494.00
44486.00
44508.00
44496.00
44464.00
44489.00
44471.00
44504.00
44501.00
44475.00
44481.00
44480.00
44510.00
44501.00
44475.00
44481.00
44499.00
44506.00
44513.00
44491.00
44477.00
44479.00
44516.00
44494.00
44474.00
44472.00
44479.00
44496.00
44501.00
44478.00
44464.00
44473.00
44509.00
44498.00
44475.00
44470.00
44463.00
44499.00
44497.00
44491.00
44445.00
44475.00
44491.00
44487.00
44494.00
44458.00
44466.00
44505.00
44510.00
44490.00
44474.00
44462.00
44502.00
44511.00
44491.00
44469.00
44464.00
44490.00
44492.00
44487.00
44469.00
44463.00
44488.00
44509.00
44491.00
44452.00
44475.00
44473.00
44493.00
44474.00
44463.00
44460.00
44481.00
44500.00
44491.00
44475.00
44454.00
44472.00
44501.00
44492.00
44461.00
44464.00
44475.00
44511.00
44500.00
44483.00
44453.00
44470.00
44511.00
44497.00
44479.00
44456.00
44464.00
44501.00
44491.00
44475.00
44450.00
44462.00
44479.00
44491.00
44458.00
44454.00
44472.00
44494.00
44493.00
44478.00
44468.00
44493.00
44493.00
44488.00
44470.00
44462.00
44473.00
44481.00
44493.00
44484.00
44454.00
44453.00
44486.00
44497.00
44467.00
44464.00
44448.00
44478.00
44489.00
44476.00
44447.00
44446.00
44469.00
44488.00
44474.00
44447.00
44436.00
44483.00
44489.00
44490.00
44452.00
44450.00
44471.00
44511.00
44486.00
44460.00
44455.00
44479.00
44497.00
44499.00
44481.00
44456.00
44458.00
44490.00
44490.00
44455.00
44446.00
44456.00
44491.00
44491.00
44469.00
44435.00
44463.00
44480.00
44489.00
44462.00
44429.00
44442.00
44488.00
44485.00
44455.00
44441.00
44436.00
44486.00
44493.00
44475.00
44450.00
44473.00
44467.00
44501.00
44474.00
44450.00
44462.00
44477.00
44499.00
44473.00
44451.00
44448.00
44481.00
44492.00
44484.00
44457.00
44460.00
44472.00
44496.00
44476.00
44455.00
44465.00
44489.00
44512.00
44487.00
44470.00
44456.00
44483.00
44496.00
44491.00
44475.00
44450.00
44479.00
44498.00
44490.00
44464.00
44466.00
44469.00
44491.00
44479.00
44475.00
44448.00
44466.00
44487.00
44485.00
44461.00
44446.00
44455.00
44484.00
44485.00
44445.00
44448.00
44467.00
44487.00
44473.00
44454.00
44456.00
44469.00
44494.00
44494.00
44470.00
44443.00
44466.00
44490.00
44481.00
44475.00
44447.00
44448.00
44466.00
44480.00
44464.00
44443.00
44445.00
44471.00
44485.00
44463.00
44453.00
44449.00
44490.00
44491.00
44478.00
44444.00
44454.00
44480.00
44492.00
44489.00
44459.00
44454.00
44479.00
44494.00
44484.00
44455.00
44438.00
44462.00
44486.00
44470.00
44444.00
44427.00
44452.00
44488.00
44481.00
44456.00
44441.00
44469.00
44496.00
44482.00
44457.00
44449.00
44440.00
44479.00
44470.00
44440.00
44437.00
44444.00
44457.00
44441.00
44421.00
44408.00
44395.00
44395.00
44383.00
44327.00
44291.00
44289.00
44271.00
44242.00
44199.00
44168.00
44144.00
44143.00
44115.00
44082.00
44044.00
44043.00
44055.00
44092.00
44076.00
44067.00
44107.00
44176.00
44261.00
44337.00
44420.00
44513.00
44644.00
44774.00
44837.00
44898.00
44977.00
45052.00
45105.00
45094.00
45065.00
45050.00
45043.00
45027.00
44992.00
44912.00
44881.00
44861.00
44848.00
44802.00
44742.00
44712.00
44710.00
44705.00
44691.00
44642.00
44605.00
44620.00
44633.00
44625.00
44596.00
44606.00
44605.00
44651.00
44633.00
44624.00
44624.00
44640.00
44661.00
44664.00
44639.00
44614.00
44639.00
44662.00
44681.00
44643.00
44632.00
44648.00
44677.00
44681.00
44655.00
44646.00
44641.00
44668.00
44680.00
44658.00
44650.00
44645.00
44691.00
44685.00
44666.00
44643.00
44647.00
44674.00
44688.00
44666.00
44636.00
44647.00
44669.00
44688.00
44663.00
44648.00
44635.00
44649.00
44671.00
44645.00
44632.00
44620.00
44653.00
44670.00
44645.00
44628.00
44603.00
44627.00
44652.00
44643.00
44611.00
44610.00
44631.00
44672.00
44647.00
44625.00
44614.00
44638.00
44678.00
44653.00
44649.00
44628.00
44647.00
44684.00
44660.00
44637.00
44624.00
44646.00
44669.00
44677.00
44650.00
44622.00
44638.00
44668.00
44666.00
44647.00
44646.00
44664.00
44701.00
44703.00
44682.00
44659.00
44666.00
44714.00
44709.00
44702.00
44668.00
44669.00
44699.00
44712.00
44685.00
44678.00
44691.00
44699.00
44701.00
44695.00
44673.00
44660.00
44699.00
44704.00
44682.00
44636.00
44635.00
44669.00
44691.00
44656.00
44641.00
44615.00
44645.00
44678.00
44653.00
44613.00
44617.00
44648.00
44666.00
44651.00
44625.00
44609.00
44631.00
44663.00
44640.00
44601.00
44603.00
44614.00
44645.00
44642.00
44600.00
44590.00
44624.00
44653.00
44635.00
44606.00
44584.00
44629.00
44627.00
44629.00
44586.00
44587.00
44597.00
44630.00
44623.00
44592.00
44577.00
44592.00
44612.00
44616.00
44591.00
44581.00
44591.00
44632.00
44617.00
44595.00
44582.00
44589.00
44618.00
44621.00
44607.00
44578.00
44579.00
44610.00
44621.00
44606.00
44564.00
44584.00
44610.00
44615.00
44601.00
44562.00
44576.00
44617.00
44617.00
44581.00
44568.00
44573.00
44593.00
44611.00
44585.00
44558.00
44551.00
44587.00
44626.00
44577.00
44562.00
44549.00
44575.00
44604.00
44602.00
44565.00
44557.00
44574.00
44604.00
44589.00
44571.00
44546.00
44567.00
44598.00
44587.00
44566.00
44543.00
44565.00
44606.00
44588.00
44564.00
44552.00
44569.00
44591.00
44598.00
44571.00
44538.00
44551.00
44577.00
44586.00
44559.00
44548.00
44549.00
44586.00
44581.00
44552.00
44528.00
44550.00
44580.00
44595.00
44565.00
44548.00
44551.00
44571.00
44575.00
44557.00
44534.00
44539.00
44557.00
44575.00
44574.00
44537.00
44535.00
44550.00
44565.00
44546.00
44502.00
44508.00
44541.00
44575.00
44535.00
44525.00
44504.00
44534.00
44555.00
44553.00
44518.00
44517.00
44533.00
44561.00
44543.00
44528.00
44501.00
44555.00
44568.00
44556.00
44534.00
44521.00
44527.00
44564.00
44558.00
44523.00
44511.00
44532.00
44552.00
44560.00
44524.00
44494.00
44522.00
44546.00
44556.00
44507.00
44503.00
44511.00
44548.00
44536.00
44514.00
44502.00
44521.00
44542.00
44544.00
44525.00
44512.00
44514.00
44535.00
44558.00
44545.00
44492.00
44509.00
44537.00
44562.00
44545.00
44514.00
44531.00
44543.00
44548.00
44541.00
44500.00
44500.00
44537.00
44547.00
44535.00
44501.00
44489.00
44535.00
44534.00
44530.00
44508.00
44506.00
44542.00
44541.00
44524.00
44513.00
44515.00
44522.00
44546.00
44535.00
44521.00
44508.00
44523.00
44545.00
44542.00
44510.00
44513.00
44532.00
44583.00
44538.00
44528.00
44511.00
44521.00
44549.00
44547.00
44535.00
44507.00
44533.00
44552.00
44563.00
44528.00
44519.00
44531.00
