44738.00
44675.00
44590.00
44579.00
44674.00
44748.00
44670.00
44602.00
44593.00
44654.00
44723.00
44685.00
44597.00
44593.00
44648.00
44723.00
44682.00
44616.00
44588.00
44643.00
44719.00
44683.00
44619.00
44563.00
44623.00
44703.00
44671.00
44609.00
44552.00
44614.00
44710.00
44674.00
44619.00
44576.00
44615.00
44706.00
44696.00
44618.00
44571.00
44601.00
44691.00
44673.00
44616.00
44578.00
44612.00
44699.00
44710.00
44648.00
44588.00
44615.00
44689.00
44709.00
44649.00
44584.00
44606.00
44693.00
44696.00
44630.00
44562.00
44592.00
44672.00
44696.00
44626.00
44567.00
44578.00
44655.00
44697.00
44659.00
44575.00
44582.00
44657.00
44704.00
44668.00
44575.00
44581.00
44644.00
44698.00
44668.00
44605.00
44586.00
44640.00
44718.00
44673.00
44599.00
44587.00
44661.00
44718.00
44692.00
44611.00
44578.00
44641.00
44707.00
44678.00
44611.00
44575.00
44630.00
44706.00
44693.00
44612.00
44566.00
44617.00
44689.00
44688.00
44622.00
44569.00
44613.00
44702.00
44683.00
44625.00
44564.00
44586.00
44692.00
44672.00
44609.00
44551.00
44589.00
44672.00
44667.00
44602.00
44532.00
44548.00
44634.00
44646.00
44583.00
44516.00
44551.00
44640.00
44668.00
44603.00
44528.00
44530.00
44615.00
44657.00
44583.00
44526.00
44523.00
44619.00
44672.00
44604.00
44545.00
44537.00
44613.00
44687.00
44646.00
44558.00
44560.00
44625.00
44698.00
44644.00
44587.00
44582.00
44664.00
44736.00
44702.00
44632.00
44595.00
44678.00
44748.00
44726.00
44650.00
44623.00
44687.00
44748.00
44732.00
44675.00
44639.00
44699.00
44816.00
44791.00
44725.00
44701.00
44758.00
44853.00
44847.00
44788.00
44744.00
44790.00
44877.00
44875.00
44809.00
44773.00
44804.00
44904.00
44907.00
44856.00
44819.00
44850.00
44944.00
44964.00
44912.00
44876.00
44886.00
44959.00
44959.00
44911.00
44836.00
44850.00
44926.00
44948.00
44896.00
44828.00
44836.00
44909.00
44948.00
44906.00
44821.00
44825.00
44897.00
44941.00
44889.00
44807.00
44818.00
44865.00
44891.00
44880.00
44794.00
44790.00
44870.00
44905.00
44848.00
44795.00
44764.00
44821.00
44881.00
44835.00
44772.00
44738.00
44797.00
44856.00
44817.00
44762.00
44717.00
44767.00
44841.00
44815.00
44756.00
44714.00
44772.00
44827.00
44819.00
44749.00
44703.00
44749.00
44816.00
44814.00
44747.00
44702.00
44737.00
44821.00
44805.00
44750.00
44696.00
44722.00
44802.00
44814.00
44755.00
44699.00
44715.00
44804.00
44813.00
44767.00
44710.00
44728.00
44815.00
44842.00
44778.00
44735.00
44729.00
44828.00
44825.00
44782.00
44708.00
44724.00
44795.00
44822.00
44789.00
44712.00
44708.00
44786.00
44831.00
44781.00
44721.00
44703.00
44775.00
44815.00
44793.00
44724.00
44715.00
44786.00
44847.00
44807.00
44740.00
44712.00
44776.00
44848.00
44785.00
44726.00
44697.00
44750.00
44823.00
44791.00
44738.00
44716.00
44764.00
44827.00
44808.00
44743.00
44715.00
44749.00
44835.00
44810.00
44749.00
44702.00
44756.00
44844.00
44821.00
44775.00
44735.00
44761.00
44844.00
44839.00
44791.00
44746.00
44771.00
44849.00
44864.00
44821.00
44763.00
44788.00
44848.00
44876.00
44816.00
44763.00
44772.00
44852.00
44863.00
44825.00
44762.00
44780.00
44856.00
44893.00
44845.00
44770.00
44765.00
44842.00
44870.00
44841.00
44778.00
44760.00
44842.00
44864.00
44837.00
44767.00
44764.00
44812.00
44866.00
44824.00
44747.00
44733.00
44782.00
44825.00
44801.00
44727.00
44704.00
44756.00
44808.00
44782.00
44718.00
44692.00
44753.00
44806.00
44803.00
44741.00
44724.00
44761.00
44836.00
44815.00
44761.00
44722.00
44762.00
44843.00
44811.00
44764.00
44717.00
44760.00
44824.00
44828.00
44766.00
44713.00
44752.00
44842.00
44831.00
44775.00
44730.00
44744.00
44827.00
44842.00
44783.00
44725.00
44747.00
44822.00
44828.00
44771.00
44724.00
44737.00
44788.00
44818.00
44773.00
44709.00
44729.00
44798.00
44826.00
44768.00
44706.00
44730.00
44773.00
44829.00
44774.00
44720.00
44726.00
44792.00
44843.00
44817.00
44735.00
44745.00
44814.00
44890.00
44857.00
44806.00
44818.00
44897.00
44964.00
44952.00
44930.00
44935.00
45045.00
45157.00
45194.00
45185.00
45222.00
45347.00
45501.00
45570.00
45583.00
45634.00
45782.00
45953.00
46015.00
46026.00
46087.00
46239.00
46429.00
46519.00
46566.00
46608.00
46755.00
46947.00
47042.00
47070.00
47112.00
47247.00
47419.00
47492.00
47518.00
47541.00
47662.00
47850.00
47928.00
47956.00
47964.00
48085.00
48276.00
48380.00
48412.00
48439.00
48533.00
48704.00
48786.00
48780.00
48758.00
48835.00
48947.00
49003.00
48975.00
48913.00
48931.00
49017.00
49041.00
48969.00
48879.00
48859.00
48910.00
48923.00
48830.00
48701.00
48641.00
48679.00
48685.00
48577.00
48438.00
48343.00
48330.00
48337.00
48204.00
48041.00
47915.00
47909.00
47880.00
47761.00
47600.00
47489.00
47439.00
47428.00
47298.00
47132.00
46990.00
46971.00
46999.00
46883.00
46730.00
46600.00
46570.00
46573.00
46456.00
46318.00
46179.00
46141.00
46168.00
46077.00
45945.00
45823.00
45779.00
45805.00
45761.00
45619.00
45507.00
45484.00
45532.00
45467.00
45369.00
45248.00
45228.00
45269.00
45248.00
45143.00
45057.00
45048.00
45082.00
45057.00
44981.00
44878.00
44874.00
44933.00
44938.00
44882.00
44796.00
44789.00
44847.00
44885.00
44808.00
44720.00
44711.00
44745.00
44793.00
44743.00
44653.00
44654.00
44711.00
44765.00
44735.00
44641.00
44634.00
44687.00
44755.00
44705.00
44655.00
44630.00
44677.00
44758.00
44701.00
44638.00
44618.00
44685.00
44751.00
44741.00
44680.00
44653.00
44725.00
44813.00
44816.00
44767.00
44761.00
44835.00
44931.00
44959.00
44928.00
44934.00
45016.00
45146.00
45194.00
45232.00
45242.00
45363.00
45539.00
45622.00
45682.00
45693.00
45836.00
46002.00
46103.00
46160.00
46200.00
46326.00
46530.00
46664.00
46710.00
46753.00
46877.00
47056.00
47206.00
47237.00
47258.00
47354.00
47537.00
47668.00
47699.00
47689.00
47764.00
47939.00
48066.00
48063.00
48046.00
48097.00
48247.00
48369.00
48362.00
48310.00
48345.00
48435.00
48538.00
48486.00
48401.00
48384.00
48448.00
48517.00
48470.00
48362.00
48334.00
48386.00
48448.00
48411.00
48282.00
48223.00
48255.00
48298.00
48220.00
48095.00
47995.00
48005.00
48044.00
47944.00
47820.00
47698.00
47694.00
47716.00
47647.00
47510.00
47377.00
47363.00
47378.00
47297.00
47162.00
47051.00
47000.00
47022.00
46957.00
46833.00
46675.00
46637.00
46663.00
46636.00
46497.00
46346.00
46293.00
46318.00
46281.00
46150.00
46013.00
45961.00
45984.00
45973.00
45859.00
45727.00
45681.00
45706.00
45710.00
45601.00
45492.00
45450.00
45453.00
45483.00
45387.00
45282.00
45245.00
45280.00
45296.00
45220.00
45123.00
45077.00
45112.00
45138.00
45079.00
44988.00
44960.00
44993.00
45013.00
44962.00
44880.00
44826.00
44859.00
44931.00
44869.00
44789.00
44748.00
44809.00
44868.00
44847.00
44781.00
44736.00
44762.00
44816.00
44818.00
44769.00
44716.00
44743.00
44833.00
44841.00
44761.00
44699.00
44745.00
44822.00
44833.00
44789.00
44732.00
44764.00
44848.00
44887.00
44841.00
44794.00
44825.00
44912.00
44960.00
44925.00
44889.00
44923.00
45041.00
45096.00
45084.00
45078.00
45135.00
45273.00
45371.00
45390.00
45406.00
45465.00
45637.00
45789.00
45824.00
45836.00
45912.00
46116.00
46312.00
46382.00
46405.00
46494.00
46683.00
46847.00
46933.00
46976.00
47047.00
47205.00
47356.00
47402.00
47420.00
47451.00
47591.00
47763.00
47810.00
47799.00
47822.00
47951.00
48126.00
48185.00
48146.00
48146.00
48247.00
48390.00
48413.00
48376.00
48322.00
48377.00
48482.00
48466.00
48378.00
48292.00
48321.00
48394.00
48387.00
48289.00
48170.00
48176.00
48241.00
48231.00
48109.00
47994.00
47971.00
48001.00
47961.00
47860.00
47714.00
47645.00
47668.00
47649.00
47501.00
47350.00
47260.00
47278.00
47243.00
47112.00
46926.00
46868.00
46873.00
46875.00
46749.00
46607.00
46536.00
46531.00
46523.00
46427.00
46271.00
46181.00
46163.00
46177.00
46060.00
45928.00
45840.00
45859.00
45876.00
45792.00
45677.00
45591.00
45596.00
45629.00
45556.00
45449.00
45365.00
45382.00
45407.00
45367.00
45267.00
45188.00
45211.00
45263.00
45246.00
45190.00
45135.00
45165.00
45214.00
45191.00
45096.00
44998.00
44946.00
44973.00
44951.00
44889.00
44821.00
44817.00
44891.00
44896.00
44840.00
44779.00
44769.00
44832.00
44828.00
44771.00
44707.00
44689.00
44773.00
44801.00
44738.00
44652.00
44677.00
44748.00
44792.00
44754.00
44686.00
44683.00
44760.00
44809.00
44783.00
44733.00
44744.00
44812.00
44887.00
44854.00
44819.00
44806.00
44910.00
45001.00
44996.00
44976.00
44985.00
45078.00
45205.00
45251.00
45264.00
45316.00
45472.00
45638.00
45708.00
45736.00
45799.00
45955.00
46114.00
46212.00
46254.00
46355.00
46497.00
46708.00
46829.00
46859.00
46938.00
47089.00
47283.00
47376.00
47411.00
47425.00
47551.00
47733.00
47818.00
47841.00
47865.00
47984.00
48171.00
48267.00
48284.00
48294.00
48387.00
48548.00
48629.00
48635.00
48633.00
48718.00
48868.00
48985.00
48977.00
48936.00
49003.00
49128.00
49224.00
49175.00
49106.00
49119.00
49184.00
49250.00
49193.00
49099.00
49072.00
49146.00
49184.00
49130.00
49002.00
48942.00
48981.00
49004.00
48913.00
48776.00
48702.00
48705.00
48728.00
48611.00
48474.00
48362.00
48347.00
48350.00
48220.00
48054.00
47926.00
47893.00
47893.00
47787.00
47638.00
47476.00
47425.00
47428.00
47308.00
47170.00
47010.00
46955.00
46946.00
46854.00
46734.00
46585.00
46532.00
46541.00
46464.00
46313.00
46166.00
46107.00
46125.00
46043.00
45924.00
45813.00
45774.00
45809.00
45799.00
45671.00
45564.00
45546.00
45595.00
45592.00
45508.00
45403.00
45377.00
45421.00
45422.00
45360.00
45245.00
45226.00
45293.00
45314.00
45258.00
45157.00
45139.00
45181.00
45188.00
45088.00
44984.00
44933.00
44961.00
44982.00
44939.00
44861.00
44807.00
44870.00
44918.00
44893.00
44808.00
44785.00
44813.00
44877.00
44846.00
44790.00
44752.00
44802.00
44869.00
44862.00
44804.00
44772.00
44833.00
44918.00
44905.00
44840.00
44826.00
44863.00
44959.00
44974.00
44944.00
44923.00
44986.00
45112.00
45157.00
45149.00
45179.00
45295.00
45472.00
45587.00
45628.00
45676.00
45817.00
46004.00
46142.00
46210.00
46279.00
46440.00
46662.00
46822.00
46905.00
46962.00
47112.00
47310.00
47462.00
47500.00
47538.00
47623.00
47820.00
47978.00
48023.00
48051.00
48146.00
48317.00
48461.00
48489.00
48470.00
48535.00
48666.00
48791.00
48797.00
48783.00
48825.00
48960.00
49070.00
49067.00
48988.00
48967.00
49036.00
49111.00
49064.00
48967.00
48924.00
48969.00
49019.00
48947.00
48829.00
48717.00
48733.00
48757.00
48671.00
48506.00
48379.00
48324.00
48342.00
48245.00
48079.00
47918.00
47856.00
47840.00
47734.00
47546.00
47361.00
47304.00
47288.00
47178.00
46991.00
46857.00
46801.00
46816.00
46742.00
46590.00
46428.00
46372.00
46379.00
46298.00
46154.00
46000.00
45968.00
45995.00
45976.00
45858.00
45725.00
45686.00
45707.00
45682.00
45587.00
45459.00
45412.00
45455.00
45456.00
45359.00
45272.00
45225.00
45265.00
45306.00
45245.00
45137.00
45083.00
45107.00
45128.00
45020.00
44927.00
44877.00
44935.00
44984.00
44923.00
44830.00
44810.00
44845.00
44903.00
44850.00
44786.00
44754.00
44791.00
44857.00
44837.00
44764.00
44755.00
44790.00
44868.00
44855.00
44779.00
44763.00
44790.00
44889.00
44893.00
44827.00
44799.00
44841.00
44948.00
44962.00
44904.00
44881.00
44940.00
45057.00
45097.00
45085.00
45073.00
45154.00
45308.00
45408.00
45443.00
45473.00
45582.00
45757.00
45894.00
45956.00
45996.00
46098.00
46321.00
46476.00
46560.00
46611.00
46759.00
46976.00
47150.00
47227.00
47251.00
47373.00
47560.00
47700.00
47761.00
47762.00
47871.00
48060.00
48231.00
48255.00
48258.00
48336.00
48478.00
48618.00
48636.00
48614.00
48657.00
48778.00
48893.00
48850.00
48788.00
48762.00
48866.00
48981.00
48933.00
48865.00
48829.00
48871.00
48935.00
48864.00
48719.00
48612.00
48616.00
48650.00
48571.00
48383.00
48265.00
48235.00
48252.00
48180.00
48022.00
47884.00
47812.00
47828.00
47747.00
47590.00
47422.00
47376.00
47370.00
47286.00
47127.00
46975.00
46903.00
46918.00
46856.00
46710.00
46559.00
46501.00
46518.00
46449.00
46317.00
46157.00
46069.00
46059.00
46006.00
45888.00
45720.00
45637.00
45682.00
45657.00
45548.00
45422.00
45367.00
45374.00
45395.00
45315.00
45206.00
45201.00
45256.00
45296.00
45239.00
45135.00
45046.00
45031.00
45027.00
44951.00
44872.00
44854.00
44883.00
44923.00
44880.00
44806.00
44783.00
44833.00
44903.00
44841.00
44785.00
44729.00
44780.00
44858.00
44825.00
44757.00
44725.00
44777.00
44846.00
44831.00
44775.00
44749.00
44807.00
44890.00
44904.00
44838.00
44834.00
44891.00
44989.00
45012.00
44995.00
44985.00
45074.00
45182.00
45254.00
45281.00
45321.00
45415.00
45588.00
45700.00
45759.00
45788.00
45909.00
46116.00
46283.00
46342.00
46410.00
46545.00
46783.00
46960.00
47048.00
47066.00
47202.00
47405.00
47565.00
47620.00
47651.00
47749.00
47950.00
48107.00
48163.00
48181.00
48248.00
48411.00
48548.00
48561.00
48546.00
48604.00
48758.00
48904.00
48904.00
48876.00
48901.00
49026.00
49126.00
49096.00
48999.00
48952.00
49022.00
49086.00
49019.00
48927.00
48860.00
48885.00
48922.00
48845.00
48706.00
48604.00
48598.00
48618.00
48513.00
48353.00
48209.00
48183.00
48198.00
48089.00
47905.00
47744.00
47666.00
47657.00
47531.00
47364.00
47185.00
47110.00
47096.00
47015.00
46858.00
46701.00
46639.00
46642.00
46585.00
46420.00
46275.00
46215.00
46207.00
46101.00
45986.00
45853.00
45826.00
45834.00
45815.00
45716.00
45588.00
45550.00
45561.00
45569.00
45477.00
45382.00
45363.00
45387.00
45414.00
45311.00
45210.00
45175.00
45212.00
45250.00
45171.00
45081.00
45026.00
45045.00
45069.00
45020.00
44916.00
44876.00
44912.00
44961.00
44918.00
44866.00
44848.00
44889.00
44951.00
44906.00
44844.00
44793.00
44845.00
44918.00
44897.00
44828.00
44810.00
44852.00
44947.00
44937.00
44893.00
44861.00
44905.00
45004.00
45004.00
44988.00
44960.00
45014.00
45117.00
45149.00
45135.00
45151.00
45245.00
45424.00
45509.00
45540.00
45578.00
45699.00
45858.00
45972.00
46036.00
46111.00
46278.00
46493.00
46666.00
46775.00
46849.00
47005.00
47259.00
47423.00
47492.00
47540.00
47649.00
47826.00
47998.00
48076.00
48066.00
48146.00
48340.00
48500.00
48521.00
48495.00
48553.00
48697.00
48848.00
48867.00
48831.00
48841.00
48946.00
49016.00
48988.00
48893.00
48857.00
48916.00
48988.00
48949.00
48825.00
48756.00
48773.00
48806.00
48730.00
48595.00
48483.00
48475.00
48477.00
48381.00
48222.00
48090.00
48056.00
48068.00
47963.00
47802.00
47653.00
47604.00
47601.00
47490.00
47329.00
47185.00
47155.00
47160.00
47096.00
46929.00
46783.00
46717.00
46726.00
46648.00
46489.00
46321.00
46259.00
46276.00
46234.00
46107.00
45963.00
45921.00
45953.00
45930.00
45798.00
45689.00
45631.00
45672.00
45667.00
45595.00
45490.00
45450.00
45496.00
45498.00
45393.00
45275.00
45233.00
45256.00
45287.00
45215.00
45097.00
45026.00
45058.00
45081.00
45005.00
44929.00
44864.00
44910.00
44962.00
44916.00
44845.00
44814.00
44833.00
44905.00
44862.00
44788.00
44754.00
44796.00
44857.00
44859.00
44817.00
44782.00
44817.00
44873.00
44876.00
44805.00
44755.00
44792.00
44871.00
44856.00
44810.00
44778.00
44822.00
44907.00
44942.00
44897.00
44886.00
44929.00
45021.00
45068.00
45034.00
45012.00
45069.00
45189.00
45260.00
45276.00
45264.00
45348.00
45504.00
45635.00
45655.00
45695.00
45799.00
45971.00
46121.00
46186.00
46227.00
46357.00
46568.00
46732.00
46818.00
46896.00
47031.00
47233.00
47395.00
47454.00
47489.00
47590.00
47789.00
47982.00
48055.00
48059.00
48120.00
48262.00
48424.00
48456.00
48444.00
48477.00
48611.00
48760.00
48783.00
48722.00
48690.00
48758.00
48868.00
48852.00
48770.00
48699.00
48723.00
48808.00
48771.00
48658.00
48575.00
48579.00
48647.00
48572.00
48443.00
48331.00
48302.00
48332.00
48254.00
48111.00
47966.00
47919.00
47937.00
47849.00
47702.00
47538.00
47466.00
47471.00
47410.00
47254.00
47095.00
47032.00
47050.00
47017.00
46888.00
46720.00
46630.00
46622.00
46578.00
46426.00
46262.00
46189.00
46196.00
46185.00
46083.00
45952.00
45878.00
45867.00
45857.00
45767.00
45648.00
45567.00
45582.00
45611.00
45526.00
45385.00
45308.00
45335.00
45376.00
45294.00
45172.00
45099.00
45106.00
45127.00
45064.00
44971.00
44908.00
44923.00
44975.00
44938.00
44867.00
44815.00
44857.00
44902.00
44875.00
44797.00
44732.00
44763.00
44831.00
44832.00
44777.00
44731.00
44772.00
44853.00
44858.00
44793.00
44750.00
44756.00
44844.00
44851.00
44803.00
44742.00
44759.00
44820.00
44854.00
44814.00
44775.00
44800.00
44901.00
44952.00
44933.00
44917.00
44951.00
45058.00
45148.00
45152.00
45133.00
45220.00
45351.00
45472.00
45523.00
45524.00
45595.00
45771.00
45927.00
45971.00
45978.00
46086.00
46281.00
46486.00
46599.00
46657.00
46764.00
46981.00
47215.00
47329.00
47369.00
47438.00
47619.00
47839.00
47927.00
47960.00
48026.00
48197.00
48384.00
48432.00
48434.00
48450.00
48584.00
48759.00
48812.00
48810.00
48812.00
48891.00
49050.00
49107.00
49064.00
49052.00
49131.00
49276.00
49282.00
49216.00
49149.00
49162.00
49248.00
49253.00
49160.00
49063.00
49048.00
49112.00
49115.00
48992.00
48853.00
48831.00
48852.00
48810.00
48668.00
48514.00
48439.00
48445.00
48400.00
48246.00
48082.00
47975.00
47977.00
47931.00
47778.00
47584.00
47480.00
47450.00
47405.00
47258.00
47067.00
46981.00
46957.00
46951.00
46805.00
46652.00
46554.00
46562.00
46565.00
46442.00
46260.00
46137.00
46105.00
46120.00
46046.00
45927.00
45859.00
45878.00
45913.00
45836.00
45737.00
45665.00
45678.00
45721.00
45683.00
45580.00
45532.00
45557.00
45619.00
45608.00
45515.00
45439.00
45466.00
45526.00
45512.00
45425.00
45362.00
45393.00
45457.00
45459.00
45396.00
45315.00
45341.00
45411.00
45432.00
45368.00
45310.00
45328.00
45403.00
45423.00
45377.00
45304.00
45296.00
45367.00
45390.00
45350.00
45286.00
45282.00
45350.00
45396.00
45354.00
45278.00
45270.00
45346.00
45377.00
45349.00
45269.00
45268.00
45337.00
45387.00
45342.00
45272.00
45256.00
45308.00
45368.00
45334.00
45259.00
45238.00
45280.00
45355.00
45322.00
45253.00
45219.00
45268.00
45342.00
45314.00
45260.00
45205.00
45266.00
45318.00
45305.00
45238.00
45175.00
45219.00
45295.00
45296.00
45225.00
45167.00
45195.00
45276.00
45275.00
45214.00
45158.00
45186.00
45249.00
45263.00
45200.00
45146.00
45176.00
45248.00
45253.00
45188.00
45129.00
45147.00
45220.00
45242.00
45185.00
45126.00
45128.00
45204.00
45234.00
45186.00
45113.00
45118.00
45187.00
45237.00
45197.00
45118.00
45101.00
45185.00
45222.00
45170.00
45107.00
45092.00
45154.00
45209.00
45165.00
45095.00
45083.00
45145.00
45189.00
45155.00
45069.00
45021.00
45081.00
45149.00
45119.00
45039.00
45014.00
45054.00
45138.00
45121.00
45050.00
45001.00
45055.00
45134.00
45115.00
45047.00
45002.00
45045.00
45142.00
45135.00
45035.00
45004.00
45045.00
45133.00
45115.00
45053.00
45009.00
45046.00
45114.00
45120.00
45072.00
44999.00
45032.00
45111.00
45134.00
45089.00
44999.00
45015.00
45107.00
45140.00
45070.00
45008.00
45031.00
45109.00
45142.00
45102.00
45011.00
45026.00
45095.00
45163.00
45097.00
45024.00
45035.00
45103.00
45153.00
45115.00
45025.00
45014.00
45079.00
45150.00
45113.00
45038.00
45017.00
45077.00
45162.00
45123.00
45040.00
45012.00
45077.00
45153.00
45108.00
45046.00
45034.00
45070.00
45160.00
45132.00
45057.00
45010.00
45075.00
45153.00
45146.00
45059.00
45015.00
45059.00
45150.00
45138.00
45061.00
45011.00
45052.00
45146.00
45150.00
45070.00
45014.00
45051.00
45151.00
45163.00
45092.00
45017.00
45040.00
45130.00
45156.00
45085.00
45011.00
45043.00
45118.00
45146.00
45090.00
44997.00
45014.00
45110.00
45141.00
45088.00
45012.00
45012.00
45096.00
45149.00
45094.00
45012.00
45010.00
45103.00
45150.00
45094.00
45021.00
44991.00
45074.00
45142.00
45090.00
45006.00
44996.00
45060.00
45123.00
45102.00
45027.00
44985.00
45053.00
45148.00
45099.00
45027.00
44993.00
45038.00
45139.00
45098.00
45015.00
44976.00
45029.00
45129.00
45112.00
45030.00
44982.00
45036.00
45133.00
45110.00
45033.00
44978.00
45026.00
45110.00
45110.00
45041.00
44978.00
45022.00
45116.00
45113.00
45056.00
44972.00
45007.00
45108.00
45123.00
45052.00
44975.00
44998.00
45092.00
45115.00
45047.00
44979.00
44990.00
45084.00
45110.00
45049.00
44970.00
44979.00
45069.00
45118.00
45066.00
44974.00
44977.00
45064.00
45110.00
45062.00
44962.00
44967.00
45048.00
45110.00
45062.00
44984.00
44961.00
45039.00
45124.00
45079.00
44982.00
44952.00
45031.00
45115.00
45067.00
44998.00
44955.00
45028.00
45114.00
45081.00
44991.00
44951.00
45011.00
45105.00
45092.00
45006.00
44963.00
45014.00
45097.00
45105.00
45017.00
44971.00
45014.00
45105.00
45094.00
45025.00
44968.00
45000.00
45103.00
45096.00
45038.00
44964.00
45001.00
45087.00
45098.00
45031.00
44956.00
44991.00
45087.00
45107.00
45043.00
44964.00
44984.00
45057.00
45104.00
45039.00
44968.00
44971.00
45058.00
45100.00
45048.00
44977.00
44963.00
45056.00
45101.00
45045.00
44967.00
44956.00
45045.00
45122.00
45071.00
44986.00
44963.00
45040.00
45102.00
45059.00
44981.00
44954.00
45010.00
45109.00
45065.00
44980.00
44940.00
45021.00
45106.00
45072.00
44979.00
44943.00
44999.00
45086.00
45068.00
44980.00
44935.00
44984.00
45065.00
45056.00
44966.00
44923.00
44973.00
45075.00
45075.00
44987.00
44918.00
44972.00
45078.00
45072.00
44994.00
44945.00
44958.00
45071.00
45089.00
45006.00
44934.00
44964.00
45074.00
45085.00
45004.00
44937.00
44962.00
45056.00
45087.00
45023.00
44945.00
44956.00
45053.00
45089.00
45013.00
44924.00
44943.00
45028.00
45076.00
45014.00
44935.00
44940.00
45030.00
45082.00
45041.00
44940.00
44922.00
45015.00
45078.00
45019.00
44934.00
44915.00
44988.00
45098.00
45034.00
44951.00
44916.00
44995.00
45076.00
45033.00
44962.00
44925.00
44981.00
45094.00
45051.00
44974.00
44917.00
44981.00
45065.00
45058.00
44960.00
44917.00
44976.00
45073.00
45056.00
44974.00
44919.00
44959.00
45065.00
45054.00
44978.00
44921.00
44945.00
45054.00
45056.00
44991.00
44916.00
44951.00
45062.00
45068.00
44992.00
44910.00
44939.00
45030.00
45057.00
44997.00
44910.00
44934.00
45019.00
45056.00
44983.00
44915.00
44915.00
45002.00
45058.00
45004.00
44912.00
44923.00
45011.00
45056.00
45000.00
44921.00
44916.00
44993.00
45069.00
45011.00
44922.00
44914.00
44995.00
45079.00
45010.00
44918.00
44902.00
44974.00
45062.00
45026.00
44939.00
44897.00
44969.00
45066.00
45037.00
44938.00
44912.00
44979.00
45066.00
45035.00
44954.00
44890.00
44974.00
45070.00
45043.00
44963.00
44902.00
44962.00
45078.00
45058.00
44966.00
44915.00
44942.00
45053.00
45038.00
44981.00
44908.00
44950.00
45051.00
45049.00
44982.00
44906.00
44927.00
45035.00
45066.00
44989.00
44915.00
44916.00
45031.00
45067.00
44989.00
44913.00
44928.00
45015.00
45059.00
44980.00
44921.00
44923.00
45014.00
45064.00
45004.00
44916.00
44909.00
45009.00
45062.00
45015.00
44925.00
44899.00
44996.00
45061.00
45010.00
44917.00
44899.00
44974.00
45053.00
45012.00
44922.00
44890.00
44957.00
45062.00
45008.00
44936.00
44892.00
44974.00
45046.00
45032.00
44928.00
44886.00
44952.00
45054.00
45023.00
44938.00
44887.00
44930.00
45034.00
45023.00
44952.00
44893.00
44936.00
45027.00
45029.00
44951.00
44890.00
44937.00
45030.00
45028.00
44953.00
44882.00
44915.00
45021.00
45038.00
44976.00
44902.00
44913.00
44998.00
45043.00
44986.00
44907.00
44916.00
44999.00
45027.00
44973.00
44899.00
44907.00
44986.00
45042.00
44984.00
44900.00
44891.00
44986.00
45040.00
44974.00
44900.00
44899.00
44984.00
45062.00
44997.00
44917.00
44891.00
44973.00
45052.00
45024.00
44910.00
44879.00
44957.00
45045.00
45008.00
44935.00
44896.00
44958.00
45050.00
45015.00
44927.00
44903.00
44955.00
45049.00
45036.00
44955.00
44892.00
44951.00
45042.00
45031.00
44961.00
44900.00
44958.00
45043.00
45054.00
44985.00
44923.00
44944.00
45047.00
45045.00
44980.00
44925.00
44944.00
45047.00
45061.00
45001.00
44946.00
44992.00
45099.00
45127.00
45069.00
44994.00
45009.00
45113.00
45158.00
45109.00
45066.00
45079.00
45191.00
45254.00
45212.00
45172.00
45215.00
45327.00
45419.00
45430.00
45391.00
45434.00
45530.00
45617.00
45605.00
45549.00
45536.00
45624.00
45710.00
45643.00
45572.00
45536.00
45602.00
45636.00
45592.00
45519.00
45477.00
45539.00
45598.00
45578.00
45501.00
45463.00
45507.00
45589.00
45568.00
45499.00
45464.00
45505.00
45576.00
45579.00
45521.00
45474.00
45492.00
45574.00
45558.00
45495.00
45466.00
45497.00
45568.00
45559.00
45516.00
45439.00
45478.00
45563.00
45567.00
45498.00
45442.00
45466.00
45535.00
45550.00
45494.00
45444.00
45447.00
45507.00
45531.00
45503.00
45406.00
45421.00
45496.00
45526.00
45482.00
45412.00
45401.00
45483.00
45507.00
45471.00
45397.00
45398.00
45469.00
45515.00
45467.00
45382.00
45363.00
45429.00
45495.00
45460.00
45367.00
45339.00
45388.00
45451.00
45396.00
45307.00
45264.00
45290.00
45351.00
45289.00
45186.00
45133.00
45146.00
45215.00
45152.00
45074.00
45009.00
45043.00
45120.00
45083.00
45022.00
44952.00
44990.00
45059.00
45057.00
44988.00
44921.00
44944.00
45003.00
45005.00
44938.00
44894.00
44892.00
44984.00
44996.00
44922.00
44866.00
44880.00
44967.00
44985.00
44952.00
44888.00
44905.00
44988.00
45026.00
45005.00
44925.00
44940.00
45033.00
45087.00
45074.00
45016.00
45044.00
45152.00
45252.00
45248.00
45230.00
45283.00
45421.00
45552.00
45562.00
45579.00
45666.00
45851.00
46032.00
46098.00
46140.00
46221.00
46382.00
46575.00
46675.00
46732.00
46855.00
47039.00
47267.00
47359.00
47419.00
47508.00
47690.00
47889.00
47974.00
47995.00
48035.00
48182.00
48353.00
48418.00
48413.00
48396.00
48477.00
48605.00
48606.00
48540.00
48468.00
48496.00
48583.00
48576.00
48484.00
48389.00
48384.00
48438.00
48413.00
48296.00
48185.00
48168.00
48199.00
48152.00
48038.00
47904.00
47840.00
47859.00
47817.00
47680.00
47514.00
47436.00
47436.00
47401.00
47270.00
47111.00
47019.00
47025.00
47004.00
46851.00
46704.00
46593.00
46584.00
46577.00
46462.00
46304.00
46206.00
46231.00
46251.00
46160.00
46021.00
45941.00
45958.00
45985.00
45902.00
45782.00
45691.00
45694.00
45725.00
45650.00
45535.00
45461.00
45460.00
45514.00
45455.00
45372.00
45259.00
45261.00
45324.00
45296.00
45211.00
45121.00
45146.00
45198.00
45171.00
45108.00
45041.00
45052.00
45117.00
45133.00
45072.00
44999.00
45016.00
45096.00
45106.00
45065.00
45006.00
45001.00
45094.00
45132.00
45065.00
45006.00
45031.00
45114.00
45189.00
45151.00
45093.00
45144.00
45247.00
45352.00
45357.00
45342.00
45420.00
45573.00
45726.00
45782.00
45842.00
45960.00
46143.00
46345.00
46438.00
46505.00
46640.00
46851.00
47071.00
47178.00
47236.00
47344.00
47523.00
47747.00
47873.00
47920.00
48010.00
48181.00
48380.00
48465.00
48460.00
48482.00
48602.00
48732.00
48769.00
48700.00
48665.00
48725.00
48822.00
48806.00
48723.00
48639.00
48659.00
48739.00
48714.00
48601.00
48474.00
48473.00
48528.00
48496.00
48355.00
48229.00
48171.00
48229.00
48172.00
48035.00
47876.00
47817.00
47824.00
47789.00
47657.00
47514.00
47451.00
47451.00
47410.00
47287.00
47132.00
47071.00
47081.00
47062.00
46931.00
46782.00
46706.00
46715.00
46711.00
46596.00
46436.00
46347.00
46333.00
46352.00
46238.00
46085.00
46006.00
45992.00
46010.00
45925.00
45792.00
45720.00
45728.00
45738.00
45656.00
45533.00
45457.00
45459.00
45486.00
45433.00
45325.00
45250.00
45277.00
45312.00
45258.00
45177.00
45118.00
45134.00
45212.00
45157.00
45101.00
45030.00
45050.00
45114.00
45116.00
45043.00
44975.00
45000.00
45085.00
45079.00
45036.00
44966.00
44973.00
45056.00
45090.00
45033.00
44966.00
44982.00
45084.00
45111.00
45083.00
45051.00
45075.00
45171.00
45278.00
45270.00
45264.00
45311.00
45465.00
45577.00
45647.00
45685.00
45777.00
45988.00
46175.00
46254.00
46302.00
46406.00
46595.00
46813.00
46900.00
46963.00
47081.00
47301.00
47521.00
47623.00
47674.00
47797.00
47985.00
48200.00
48281.00
48277.00
48326.00
48480.00
48641.00
48682.00
48660.00
48673.00
48765.00
48907.00
48915.00
48852.00
48812.00
48863.00
48958.00
48934.00
48823.00
48752.00
48754.00
48839.00
48800.00
48683.00
48577.00
48555.00
48619.00
48603.00
48491.00
48358.00
48319.00
48337.00
48294.00
48140.00
47986.00
47898.00
47917.00
47862.00
47743.00
47590.00
47504.00
47522.00
47485.00
47355.00
47214.00
47124.00
47141.00
47108.00
46981.00
46828.00
46763.00
46769.00
46768.00
46630.00
46488.00
46394.00
46394.00
46400.00
46299.00
46157.00
46060.00
46063.00
46068.00
45968.00
45821.00
45725.00
45744.00
45752.00
45686.00
45579.00
45503.00
45510.00
45564.00
45507.00
45395.00
45344.00
45343.00
45385.00
45343.00
45249.00
45197.00
45224.00
45281.00
45254.00
45184.00
45110.00
45131.00
45211.00
45199.00
45129.00
45073.00
45092.00
45171.00
45177.00
45127.00
45063.00
45083.00
45167.00
45188.00
45122.00
45100.00
45130.00
45240.00
45287.00
45266.00
45246.00
45308.00
45456.00
45559.00
45584.00
45620.00
45729.00
45943.00
46107.00
46174.00
46205.00
46315.00
46504.00
46674.00
46751.00
46799.00
46933.00
47142.00
47326.00
47432.00
47481.00
47567.00
47744.00
47934.00
48024.00
48050.00
48109.00
48283.00
48446.00
48484.00
48467.00
48503.00
48611.00
48787.00
48820.00
48768.00
48770.00
48848.00
48972.00
48949.00
48853.00
48817.00
48862.00
48954.00
48899.00
48795.00
48718.00
48718.00
48792.00
48736.00
48613.00
48513.00
48504.00
48564.00
48500.00
48381.00
48224.00
48209.00
48218.00
48135.00
47979.00
47809.00
47755.00
47759.00
47683.00
47533.00
47382.00
47332.00
47353.00
47308.00
47159.00
47009.00
46925.00
46944.00
46896.00
46751.00
46568.00
46487.00
46486.00
46449.00
46312.00
46162.00
46084.00
46100.00
46087.00
45977.00
45834.00
45739.00
45762.00
45742.00
45640.00
45514.00
45435.00
45455.00
45481.00
45379.00
45260.00
45185.00
45220.00
45241.00
45182.00
45082.00
45018.00
45068.00
45108.00
45064.00
44993.00
44940.00
44985.00
45056.00
45034.00
44960.00
44908.00
44944.00
45032.00
45008.00
44944.00
44907.00
44953.00
45025.00
45034.00
44975.00
44926.00
44966.00
45062.00
45080.00
45040.00
45015.00
45061.00
45168.00
45213.00
45208.00
45203.00
45308.00
45465.00
45571.00
45620.00
45668.00
45794.00
46029.00
46195.00
46252.00
46287.00
46410.00
46654.00
46810.00
46886.00
46943.00
47093.00
47310.00
47470.00
47528.00
47534.00
47640.00
47837.00
48012.00
48040.00
48035.00
48112.00
48275.00
48395.00
48398.00
48351.00
48378.00
48501.00
48635.00
48605.00
48526.00
48539.00
48629.00
48750.00
48685.00
48545.00
48482.00
48542.00
48603.00
48545.00
48401.00
48302.00
48315.00
48396.00
48289.00
48128.00
48016.00
48019.00
48050.00
47951.00
47778.00
47640.00
47616.00
47644.00
47530.00
47344.00
47193.00
47167.00
47209.00
47091.00
46912.00
46731.00
46678.00
46688.00
46595.00
46429.00
46266.00
46212.00
46226.00
46160.00
46012.00
45874.00
45811.00
45848.00
45803.00
45676.00
45535.00
45493.00
45506.00
45482.00
45384.00
45248.00
45224.00
45258.00
45244.00
45147.00
45054.00
45032.00
45083.00
45134.00
45063.00
44973.00
44946.00
44995.00
45033.00
44982.00
44909.00
44889.00
44962.00
44996.00
44939.00
44879.00
44866.00
44936.00
44994.00
44951.00
44892.00
44860.00
44924.00
45006.00
44971.00
44918.00
44897.00
44942.00
45058.00
45044.00
44997.00
44978.00
45051.00
45156.00
45176.00
45140.00
45152.00
45247.00
45387.00
45432.00
45455.00
45504.00
45644.00
45852.00
45974.00
46028.00
46112.00
46292.00
46505.00
46615.00
46676.00
46738.00
46947.00
47186.00
47320.00
47366.00
47443.00
47591.00
47827.00
47966.00
48020.00
48029.00
48168.00
48363.00
48451.00
48461.00
48446.00
48539.00
48673.00
48758.00
48733.00
48688.00
48743.00
48867.00
48902.00
48841.00
48730.00
48723.00
48791.00
48835.00
48753.00
48612.00
48584.00
48640.00
48676.00
48576.00
48418.00
48357.00
48393.00
48406.00
48278.00
48123.00
48042.00
48048.00
48041.00
47913.00
47757.00
47648.00
47626.00
47623.00
47494.00
47323.00
47205.00
47182.00
47177.00
47042.00
46870.00
46727.00
46708.00
46702.00
46596.00
46438.00
46315.00
46291.00
46289.00
46197.00
46032.00
45939.00
45889.00
45905.00
45849.00
45715.00
45624.00
45623.00
45668.00
45607.00
45500.00
45391.00
45378.00
45425.00
45397.00
45300.00
45207.00
45204.00
45259.00
45224.00
45137.00
45032.00
45036.00
45078.00
45076.00
45006.00
44930.00
44927.00
45016.00
45010.00
44943.00
44862.00
44848.00
44916.00
44928.00
44877.00
44809.00
44805.00
44889.00
44943.00
44893.00
44815.00
44822.00
44898.00
44954.00
44907.00
44838.00
44856.00
44948.00
45018.00
44986.00
44927.00
44940.00
45037.00
45135.00
45140.00
45118.00
45162.00
45274.00
45420.00
45472.00
45500.00
45624.00
45806.00
46030.00
46146.00
46194.00
46305.00
46512.00
46758.00
46865.00
46911.00
47015.00
47219.00
47446.00
47545.00
47562.00
47657.00
47822.00
48038.00
48122.00
48134.00
48150.00
48273.00
48434.00
48488.00
48438.00
48437.00
48503.00
48643.00
48652.00
48587.00
48507.00
48554.00
48657.00
48640.00
48543.00
48449.00
48457.00
48535.00
48516.00
48424.00
48304.00
48281.00
48354.00
48336.00
48210.00
48075.00
48045.00
48079.00
48054.00
47937.00
47798.00
47769.00
47801.00
47804.00
47679.00
47549.00
47489.00
47506.00
47508.00
47397.00
47231.00
47181.00
47163.00
47162.00
47027.00
46874.00
46793.00
46810.00
46797.00
46677.00
46517.00
46420.00
46419.00
46424.00
46328.00
46162.00
46089.00
46101.00
46103.00
46032.00
45871.00
45778.00
45798.00
45845.00
45746.00
45607.00
45506.00
45532.00
45562.00
45496.00
45381.00
45303.00
45315.00
45357.00
45323.00
45203.00
45129.00
45137.00
45203.00
45165.00
45078.00
45025.00
45036.00
45117.00
45112.00
45025.00
44972.00
44991.00
45081.00
45054.00
45019.00
44952.00
44987.00
45065.00
45081.00
45020.00
44968.00
45019.00
45102.00
45127.00
45073.00
45039.00
45091.00
45189.00
45265.00
45247.00
45223.00
45296.00
45439.00
45561.00
45590.00
45609.00
45737.00
45924.00
46092.00
46149.00
46178.00
46309.00
46500.00
46648.00
46720.00
46770.00
46891.00
47097.00
47289.00
47344.00
47387.00
47509.00
47717.00
47919.00
47982.00
47997.00
48080.00
48246.00
48420.00
48454.00
48415.00
48451.00
48570.00
48732.00
48742.00
48690.00
48719.00
48827.00
48947.00
48923.00
48822.00
48787.00
48844.00
48954.00
48888.00
48783.00
48677.00
48707.00
48771.00
48679.00
48544.00
48418.00
48405.00
48442.00
48349.00
48204.00
48039.00
47984.00
47985.00
47884.00
47687.00
47548.00
47491.00
47481.00
47385.00
47196.00
47020.00
46944.00
46934.00
46837.00
46701.00
46548.00
46501.00
46481.00
46396.00
46238.00
46075.00
46014.00
46007.00
45949.00
45836.00
45704.00
45642.00
45683.00
45656.00
45561.00
45439.00
45400.00
45439.00
45435.00
45341.00
45218.00
45173.00
45198.00
45211.00
45120.00
44993.00
44980.00
45011.00
45050.00
44973.00
44887.00
44856.00
44913.00
44969.00
44925.00
44848.00
44821.00
44906.00
44935.00
44908.00
44853.00
44826.00
44900.00
44981.00
44973.00
44916.00
44906.00
44972.00
45081.00
45068.00
45030.00
45046.00
45123.00
45237.00
45263.00
45271.00
45318.00
45434.00
45633.00
45717.00
45781.00
45855.00
46036.00
46271.00
46406.00
46453.00
46521.00
46743.00
46993.00
47128.00
47207.00
47259.00
47434.00
47663.00
47804.00
47850.00
47913.00
48068.00
48295.00
48407.00
48449.00
48440.00
48546.00
48708.00
48786.00
48753.00
48727.00
48783.00
48941.00
49016.00
48958.00
48896.00
48910.00
49005.00
49045.00
48959.00
48843.00
48818.00
48869.00
48862.00
48747.00
48594.00
48508.00
48520.00
48511.00
48374.00
48203.00
48125.00
48126.00
48106.00
47974.00
47781.00
47660.00
47625.00
47596.00
47453.00
47275.00
47137.00
47095.00
47044.00
46908.00
46729.00
46617.00
46573.00
46569.00
46421.00
46247.00
46138.00
46150.00
46149.00
46075.00
45922.00
45812.00
45793.00
45828.00
45740.00
45604.00
45501.00
45494.00
45537.00
45475.00
45374.00
45306.00
45310.00
45356.00
45324.00
45221.00
45130.00
45131.00
45189.00
45167.00
45084.00
44997.00
45003.00
45073.00
45055.00
44984.00
44920.00
44919.00
44965.00
44991.00
44914.00
44841.00
44850.00
44920.00
44942.00
44893.00
44831.00
44847.00
44920.00
44987.00
44935.00
44898.00
44920.00
45013.00
45061.00
45041.00
44983.00
45019.00
45138.00
45228.00
45214.00
45192.00
45285.00
45415.00
45578.00
45636.00
45658.00
45740.00
45921.00
46135.00
46193.00
46251.00
46364.00
46529.00
46754.00
46865.00
46930.00
47047.00
47266.00
47482.00
47575.00
47596.00
47675.00
47852.00
48048.00
48129.00
48123.00
48168.00
48292.00
48483.00
48521.00
48464.00
48463.00
48571.00
48729.00
48751.00
48650.00
48596.00
48659.00
48767.00
48762.00
48641.00
48557.00
48562.00
48655.00
48620.00
48505.00
48376.00
48384.00
48446.00
48406.00
48272.00
48129.00
48099.00
48138.00
48064.00
47914.00
47758.00
47687.00
47671.00
47608.00
47443.00
47253.00
47147.00
47120.00
47065.00
46881.00
46662.00
46600.00
46572.00
46544.00
46402.00
46228.00
46133.00
46133.00
46071.00
45929.00
45799.00
45735.00
45757.00
45773.00
45675.00
45573.00
45507.00
45551.00
45560.00
45464.00
45336.00
45264.00
45275.00
45305.00
45240.00
45133.00
45069.00
45095.00
45151.00
45094.00
44992.00
44932.00
44988.00
45032.00
44985.00
44908.00
44847.00
44860.00
44948.00
44918.00
44854.00
44821.00
44873.00
44944.00
44937.00
44874.00
44847.00
44884.00
44960.00
44946.00
44884.00
44861.00
44914.00
45032.00
45043.00
45003.00
44973.00
45030.00
45159.00
45206.00
45193.00
45186.00
45289.00
45453.00
45555.00
45613.00
45676.00
45817.00
46043.00
46209.00
46296.00
46365.00
46474.00
46719.00
46912.00
47026.00
47091.00
47231.00
47440.00
47613.00
47693.00
47757.00
47860.00
48079.00
48226.00
48245.00
48236.00
48303.00
48438.00
48551.00
48543.00
48479.00
48509.00
48621.00
48713.00
48671.00
48580.00
48559.00
48623.00
48682.00
48615.00
48492.00
48427.00
48461.00
48519.00
48433.00
48296.00
48199.00
48204.00
48187.00
48078.00
47916.00
47779.00
47728.00
47735.00
47610.00
47447.00
47280.00
47203.00
47188.00
47076.00
46904.00
46759.00
46720.00
46710.00
46588.00
46441.00
46270.00
46238.00
46235.00
46163.00
46035.00
45921.00
45876.00
45909.00
45866.00
45733.00
45605.00
45562.00
45589.00
45568.00
45472.00
45388.00
45349.00
45383.00
45372.00
45285.00
45170.00
45131.00
45181.00
45173.00
45098.00
45008.00
44966.00
45016.00
45059.00
45003.00
44915.00
44887.00
44944.00
44978.00
44926.00
44858.00
44831.00
44897.00
44970.00
44952.00
44898.00
44862.00
44927.00
44992.00
44985.00
44922.00
44897.00
44986.00
45087.00
45106.00
45084.00
45103.00
45220.00
45374.00
45447.00
45470.00
45545.00
45730.00
45924.00
46060.00
46107.00
46208.00
46371.00
46592.00
46701.00
46780.00
46885.00
47083.00
47329.00
47457.00
47539.00
47626.00
47791.00
48005.00
48145.00
48181.00
48207.00
48334.00
48522.00
48621.00
48629.00
48618.00
48694.00
48860.00
48913.00
48885.00
48824.00
48848.00
48930.00
48963.00
48880.00
48785.00
48762.00
48813.00
48832.00
48736.00
48599.00
48558.00
48578.00
48569.00
48435.00
48290.00
48188.00
48198.00
48156.00
48045.00
47882.00
47762.00
47739.00
47736.00
47606.00
47454.00
47343.00
47299.00
47308.00
47196.00
47042.00
46954.00
46943.00
46948.00
46847.00
46698.00
46594.00
46581.00
46576.00
46468.00
46312.00
46208.00
46188.00
46204.00
46108.00
45975.00
45851.00
45830.00
45877.00
45807.00
45689.00
45578.00
45560.00
45608.00
45557.00
45449.00
45347.00
45322.00
45352.00
45344.00
45239.00
45121.00
45105.00
45147.00
45138.00
45068.00
44997.00
44995.00
45045.00
45077.00
45008.00
44929.00
44914.00
44945.00
44989.00
44939.00
44881.00
44883.00
44958.00
45019.00
44984.00
44944.00
44961.00
45041.00
45126.00
45117.00
45073.00
45087.00
45197.00
45314.00
45338.00
45337.00
45397.00
45550.00
45735.00
45817.00
45875.00
45983.00
46180.00
46417.00
46507.00
46530.00
46645.00
46850.00
47078.00
47225.00
47282.00
47370.00
47541.00
47768.00
47889.00
47941.00
48001.00
48157.00
48357.00
48469.00
48468.00
48484.00
48564.00
48742.00
48792.00
48778.00
48734.00
48800.00
48915.00
48917.00
48859.00
48760.00
48768.00
48852.00
48850.00
48760.00
48634.00
48601.00
48635.00
48613.00
48492.00
48335.00
48283.00
48298.00
48269.00
48153.00
47989.00
47897.00
47911.00
47890.00
47758.00
47582.00
47472.00
47466.00
47443.00
47310.00
47160.00
47029.00
47010.00
47009.00
46893.00
46727.00
46600.00
46566.00
46548.00
46412.00
46251.00
46151.00
46128.00
46151.00
46080.00
45937.00
45827.00
45837.00
45857.00
45788.00
45679.00
45600.00
45585.00
45631.00
45574.00
45451.00
45351.00
45325.00
45381.00
45334.00
45240.00
45125.00
45127.00
45185.00
45183.00
45132.00
45063.00
45069.00
45121.00
45133.00
45089.00
44999.00
44991.00
45051.00
45053.00
45015.00
44949.00
44971.00
45048.00
45093.00
45041.00
44982.00
44982.00
45055.00
45127.00
45109.00
45047.00
45061.00
45164.00
45266.00
45263.00
45243.00
45269.00
45406.00
45575.00
45628.00
45643.00
45726.00
45896.00
46107.00
46198.00
46250.00
46323.00
46531.00
46739.00
46880.00
47027.00
47189.00
47451.00
47712.00
47857.00
47909.00
47988.00
48136.00
48347.00
48447.00
48462.00
48497.00
48616.00
48794.00
48867.00
48827.00
48776.00
48841.00
48965.00
48976.00
48905.00
48816.00
48844.00
48925.00
48948.00
48841.00
48702.00
48668.00
48718.00
48714.00
48571.00
48392.00
48311.00
48307.00
48306.00
48149.00
47996.00
47908.00
47892.00
47864.00
47714.00
47555.00
47444.00
47440.00
47391.00
47278.00
47116.00
47001.00
46971.00
46955.00
46845.00
46692.00
46586.00
46564.00
46531.00
46410.00
46246.00
46149.00
46126.00
46128.00
46056.00
45916.00
45811.00
45783.00
45794.00
45713.00
45605.00
45495.00
45497.00
45512.00
45479.00
45364.00
45268.00
45246.00
45286.00
45262.00
45175.00
45091.00
45076.00
45139.00
45152.00
45084.00
45017.00
45065.00
45135.00
45174.00
45087.00
45034.00
45022.00
45101.00
45133.00
45084.00
45042.00
45039.00
45133.00
45193.00
45165.00
45125.00
45139.00
45232.00
45344.00
45340.00
45337.00
45386.00
45510.00
45673.00
45728.00
45753.00
45844.00
46032.00
46254.00
46355.00
46428.00
46479.00
46670.00
46898.00
46992.00
47087.00
47199.00
47371.00
47603.00
47697.00
47740.00
47789.00
47932.00
48121.00
48207.00
48210.00
48226.00
48343.00
48518.00
48591.00
48586.00
48551.00
48617.00
48748.00
48778.00
48722.00
48642.00
48646.00
48768.00
48779.00
48694.00
48569.00
48563.00
48632.00
48651.00
48521.00
48392.00
48330.00
48377.00
48367.00
48235.00
48073.00
47980.00
47980.00
47971.00
47837.00
47649.00
47548.00
47525.00
47519.00
47407.00
47234.00
47111.00
47090.00
47077.00
46936.00
46755.00
46628.00
46621.00
46596.00
46484.00
46315.00
46199.00
46168.00
46169.00
46060.00
45912.00
45801.00
45785.00
45804.00
45711.00
45608.00
45531.00
45512.00
45563.00
45495.00
45402.00
45297.00
45283.00
45321.00
45291.00
45195.00
45113.00
45107.00
45156.00
45147.00
45079.00
45000.00
45004.00
45090.00
45100.00
45036.00
44941.00
44953.00
45021.00
45075.00
45027.00
44946.00
44945.00
45024.00
45060.00
45010.00
44959.00
44973.00
45055.00
45119.00
45087.00
45054.00
45065.00
45152.00
45261.00
45263.00
45246.00
45300.00
45440.00
45567.00
45609.00
45626.00
45722.00
45901.00
46129.00
46217.00
46283.00
46347.00
46503.00
46717.00
46829.00
46881.00
46952.00
47102.00
47310.00
47417.00
47466.00
47495.00
47648.00
47848.00
47926.00
47916.00
47910.00
48018.00
48195.00
48277.00
48259.00
48221.00
48303.00
48465.00
48519.00
48470.00
48380.00
48414.00
48519.00
48566.00
48483.00
48368.00
48353.00
48455.00
48468.00
48372.00
48224.00
48180.00
48241.00
48248.00
48129.00
47966.00
47906.00
47925.00
47928.00
47791.00
47616.00
47519.00
47506.00
47502.00
47370.00
47182.00
47064.00
47052.00
47068.00
46927.00
46760.00
46599.00
46553.00
46543.00
46394.00
46201.00
46065.00
46041.00
46062.00
45951.00
45830.00
45720.00
45715.00
45712.00
45633.00
45515.00
45425.00
45422.00
45463.00
45398.00
45289.00
45193.00
45187.00
45237.00
45199.00
45124.00
45041.00
45050.00
45133.00
45138.00
45076.00
45016.00
45021.00
45100.00
45109.00
45052.00
44981.00
44983.00
45058.00
45095.00
45049.00
44977.00
44971.00
45045.00
45096.00
45064.00
45015.00
45016.00
45114.00
45192.00
45182.00
45145.00
45170.00
45295.00
45425.00
45448.00
45468.00
45533.00
45694.00
45888.00
45970.00
46010.00
46073.00
46222.00
46426.00
46487.00
46530.00
46598.00
46753.00
46975.00
47108.00
47154.00
47203.00
47368.00
47575.00
47661.00
47678.00
47710.00
47841.00
48041.00
48126.00
48145.00
48154.00
48249.00
48418.00
48503.00
48506.00
48491.00
48564.00
48713.00
48776.00
48745.00
48692.00
48720.00
48801.00
48842.00
48791.00
48683.00
48681.00
48744.00
48777.00
48673.00
48533.00
48491.00
48494.00
48535.00
48415.00
48262.00
48200.00
48230.00
48237.00
48135.00
47972.00
47890.00
47879.00
47863.00
47758.00
47586.00
47470.00
47433.00
47422.00
47324.00
47177.00
47041.00
47036.00
47032.00
46937.00
46796.00
46657.00
46608.00
46581.00
46488.00
46360.00
46216.00
46197.00
46206.00
46145.00
45999.00
45864.00
45838.00
45867.00
45816.00
45685.00
45576.00
45532.00
45579.00
45553.00
45450.00
45342.00
45312.00
45339.00
45330.00
45234.00
45113.00
45073.00
45122.00
45154.00
45085.00
44990.00
44974.00
45041.00
45088.00
45036.00
44955.00
44927.00
44990.00
45047.00
44996.00
44933.00
44903.00
44947.00
45016.00
44996.00
44940.00
44910.00
44970.00
45056.00
45060.00
45006.00
44996.00
45083.00
45203.00
45243.00
45232.00
45257.00
45369.00
45554.00
45646.00
45704.00
45780.00
45954.00
46205.00
46356.00
46425.00
46444.00
46571.00
46771.00
46964.00
47044.00
47106.00
47250.00
47437.00
47580.00
47634.00
47636.00
47758.00
47953.00
48118.00
48161.00
48163.00
48245.00
48415.00
48543.00
48547.00
48480.00
48480.00
48599.00
48681.00
48620.00
48536.00
48495.00
48579.00
48637.00
48576.00
48463.00
48401.00
48464.00
48514.00
48453.00
48320.00
48237.00
48249.00
48293.00
48219.00
48072.00
47950.00
47941.00
47982.00
47890.00
47745.00
47633.00
47603.00
47651.00
47571.00
47426.00
47277.00
47242.00
47269.00
47201.00
47027.00
46872.00
46815.00
46864.00
46809.00
46688.00
46524.00
46457.00
46461.00
46386.00
46254.00
46109.00
46064.00
46062.00
46041.00
45904.00
45779.00
45716.00
45736.00
45732.00
45618.00
45506.00
45451.00
45463.00
45489.00
45385.00
45261.00
45206.00
45225.00
45252.00
45192.00
45109.00
45068.00
45109.00
45164.00
45119.00
45061.00
45020.00
45077.00
45153.00
45099.00
45043.00
44989.00
45019.00
45088.00
45099.00
45020.00
44999.00
45036.00
45138.00
45169.00
45124.00
45108.00
45178.00
45306.00
45378.00
45370.00
45369.00
45487.00
45665.00
45792.00
45839.00
45909.00
46065.00
46301.00
46476.00
46515.00
46523.00
46664.00
46911.00
47115.00
47197.00
47252.00
47364.00
47568.00
47728.00
47781.00
47806.00
47884.00
48055.00
48245.00
48257.00
48231.00
48246.00
48369.00
48512.00
48512.00
48447.00
48428.00
48520.00
48634.00
48603.00
48501.00
48450.00
48514.00
48592.00
48543.00
48439.00
48363.00
48384.00
48465.00
48401.00
48279.00
48147.00
48139.00
48172.00
48089.00
47918.00
47765.00
47699.00
47738.00
47686.00
47567.00
47420.00
47364.00
47385.00
47349.00
47194.00
47017.00
46942.00
46942.00
46905.00
46792.00
46623.00
46568.00
46570.00
46566.00
46427.00
46267.00
46183.00
46201.00
46196.00
46084.00
45931.00
45833.00
45846.00
45842.00
45746.00
45593.00
45550.00
45575.00
45631.00
45550.00
45448.00
45363.00
45364.00
45377.00
45315.00
45207.00
45142.00
45146.00
45188.00
45166.00
45069.00
45005.00
45048.00
45142.00
45129.00
45048.00
45005.00
45029.00
45112.00
45112.00
45056.00
45003.00
45041.00
45143.00
45195.00
45156.00
45124.00
45168.00
45310.00
45389.00
45410.00
45437.00
45523.00
45704.00
45844.00
45887.00
45955.00
46091.00
46299.00
46486.00
46547.00
46557.00
46652.00
46836.00
47009.00
47090.00
47126.00
47239.00
47416.00
47618.00
47702.00
47731.00
47798.00
47994.00
48206.00
48270.00
48260.00
48263.00
48405.00
48573.00
48611.00
48582.00
48580.00
48673.00
48817.00
48809.00
48742.00
48680.00
48708.00
48797.00
48785.00
48707.00
48606.00
48601.00
48666.00
48655.00
48528.00
48382.00
48337.00
48371.00
48344.00
48207.00
48056.00
47977.00
47995.00
47957.00
47824.00
47649.00
47531.00
47521.00
47508.00
47360.00
47192.00
47084.00
47086.00
47058.00
46936.00
46751.00
46651.00
46653.00
46640.00
46494.00
46327.00
46218.00
46183.00
46200.00
46085.00
45926.00
45816.00
45790.00
45811.00
45718.00
45584.00
45509.00
45475.00
45515.00
45444.00
45303.00
45216.00
45187.00
45220.00
45195.00
45119.00
45029.00
45061.00
45127.00
45134.00
45076.00
45010.00
45011.00
45087.00
45102.00
45076.00
45008.00
44997.00
45088.00
45113.00
45076.00
45014.00
45032.00
45131.00
45201.00
45175.00
45131.00
45156.00
45287.00
45403.00
45434.00
45436.00
45514.00
45680.00
45843.00
45904.00
45949.00
46040.00
46219.00
46397.00
46480.00
46512.00
46571.00
46731.00
46962.00
47080.00
47147.00
47239.00
47408.00
47595.00
47665.00
47671.00
47694.00
47851.00
48079.00
48139.00
48136.00
48102.00
48180.00
48349.00
48412.00
48377.00
48318.00
48387.00
48493.00
48527.00
48469.00
48391.00
48393.00
48489.00
48507.00
48414.00
48296.00
48286.00
48347.00
48377.00
48275.00
48144.00
48084.00
48124.00
48134.00
48029.00
47904.00
47826.00
47825.00
47823.00
47706.00
47561.00
47452.00
47452.00
47469.00
47360.00
47213.00
47119.00
47102.00
47117.00
47021.00
46896.00
46777.00
46762.00
46785.00
46687.00
46525.00
46376.00
46340.00
46356.00
46283.00
46155.00
46018.00
45986.00
46010.00
45947.00
45814.00
45709.00
45654.00
45695.00
45636.00
45554.00
45426.00
45415.00
45453.00
45429.00
45337.00
45211.00
45179.00
45231.00
45237.00
45161.00
45075.00
45057.00
45120.00
45163.00
45131.00
45044.00
45008.00
45066.00
45125.00
45071.00
44970.00
44951.00
45004.00
45070.00
45062.00
44992.00
44969.00
45033.00
45117.00
45094.00
45049.00
45018.00
45098.00
45214.00
45241.00
45208.00
45204.00
45297.00
45429.00
45498.00
45532.00
45566.00
45706.00
45937.00
46071.00
46122.00
46190.00
46343.00
46544.00
46668.00
46741.00
46795.00
46950.00
47178.00
47366.00
47398.00
47430.00
47565.00
47771.00
47930.00
47992.00
48004.00
48096.00
48257.00
48383.00
48380.00
48339.00
48388.00
48536.00
48656.00
48641.00
48561.00
48548.00
48651.00
48764.00
48704.00
48597.00
48565.00
48628.00
48705.00
48634.00
48517.00
48425.00
48431.00
48490.00
48395.00
48250.00
48132.00
48131.00
48135.00
48065.00
47889.00
47760.00
47720.00
47742.00
47653.00
47471.00
47312.00
47235.00
47272.00
47203.00
47059.00
46922.00
46867.00
46881.00
46816.00
46644.00
46491.00
46420.00
46414.00
46380.00
46251.00
46078.00
45988.00
45989.00
45963.00
45841.00
45697.00
45626.00
45644.00
45633.00
45543.00
45417.00
45350.00
45379.00
45391.00
45312.00
45198.00
45113.00
45121.00
45155.00
45094.00
45002.00
44983.00
45025.00
45111.00
45066.00
44995.00
44954.00
44980.00
45043.00
45034.00
44962.00
44905.00
44952.00
45024.00
45021.00
44948.00
44898.00
44940.00
45010.00
45011.00
44968.00
44923.00
44940.00
45033.00
45057.00
45021.00
44979.00
45022.00
45117.00
45178.00
45182.00
45178.00
45260.00
45409.00
45530.00
45597.00
45659.00
45790.00
46020.00
46226.00
46319.00
46367.00
46476.00
46671.00
46887.00
46996.00
47064.00
47183.00
47408.00
47619.00
47682.00
47702.00
47775.00
47948.00
48142.00
48207.00
48203.00
48214.00
48345.00
48498.00
48541.00
48498.00
48464.00
48569.00
48710.00
48749.00
48696.00
48649.00
48706.00
48801.00
48814.00
48730.00
48634.00
48646.00
48732.00
48713.00
48593.00
48461.00
48421.00
48462.00
48424.00
48295.00
48146.00
48081.00
48086.00
48050.00
47901.00
47718.00
47619.00
47636.00
47604.00
47431.00
47248.00
47166.00
47166.00
47150.00
46990.00
46830.00
46719.00
46694.00
46673.00
46538.00
46372.00
46258.00
46250.00
46239.00
46136.00
45970.00
45873.00
45873.00
45885.00
45808.00
45688.00
45589.00
45574.00
45596.00
45534.00
45423.00
45338.00
45331.00
45375.00
45297.00
45194.00
45099.00
45097.00
45134.00
45093.00
45015.00
44934.00
44965.00
45038.00
45053.00
44992.00
44928.00
44933.00
44992.00
44994.00
44961.00
44888.00
44909.00
44983.00
45006.00
44965.00
44911.00
44915.00
44992.00
45061.00
45030.00
44973.00
44996.00
45080.00
45158.00
45148.00
45127.00
45163.00
45287.00
45412.00
45459.00
45468.00
45559.00
45724.00
45921.00
46024.00
46084.00
46155.00
46338.00
46559.00
46659.00
46725.00
46833.00
47020.00
47229.00
47330.00
47363.00
47428.00
47596.00
47836.00
47923.00
47937.00
47948.00
48092.00
48281.00
48371.00
48371.00
48356.00
48455.00
48640.00
48718.00
48674.00
48614.00
48652.00
48775.00
48806.00
48729.00
48611.00
48596.00
48661.00
48677.00
48571.00
48436.00
48376.00
48418.00
48444.00
48328.00
48187.00
48111.00
48142.00
48149.00
48040.00
47864.00
47792.00
47795.00
47816.00
47702.00
47525.00
47412.00
47413.00
47430.00
47325.00
47175.00
47066.00
47068.00
47091.00
46985.00
46837.00
46705.00
46702.00
46721.00
46621.00
46441.00
46301.00
46234.00
46254.00
46176.00
46040.00
45905.00
45887.00
45904.00
45846.00
45711.00
45602.00
45593.00
45644.00
45617.00
45511.00
45418.00
45422.00
45446.00
45446.00
45336.00
45240.00
45219.00
45259.00
45268.00
45164.00
45072.00
45012.00
45066.00
45092.00
45021.00
44960.00
44938.00
45004.00
45077.00
45034.00
44959.00
44935.00
45005.00
45087.00
45025.00
44948.00
44939.00
44993.00
45066.00
45046.00
44991.00
44981.00
45050.00
45140.00
45158.00
45116.00
45111.00
45242.00
45375.00
45413.00
45421.00
45455.00
45596.00
45785.00
45884.00
45952.00
46033.00
46199.00
46413.00
46526.00
46589.00
46667.00
46844.00
47097.00
47234.00
47286.00
47339.00
47485.00
47698.00
47867.00
47941.00
47969.00
48094.00
48272.00
48386.00
48373.00
48369.00
48436.00
48587.00
48687.00
48671.00
48608.00
48632.00
48748.00
48795.00
48723.00
48615.00
48591.00
48667.00
48700.00
48606.00
48474.00
48415.00
48433.00
48454.00
48355.00
48203.00
48123.00
48116.00
48127.00
48008.00
47856.00
47735.00
47735.00
47722.00
47610.00
47451.00
47340.00
47297.00
47322.00
47235.00
47094.00
46975.00
46957.00
46973.00
46900.00
46747.00
46626.00
46597.00
46609.00
46535.00
46383.00
46242.00
46206.00
46247.00
46178.00
46050.00
45904.00
45848.00
45868.00
45813.00
45711.00
45579.00
45550.00
45591.00
45570.00
45477.00
45356.00
45345.00
45380.00
45387.00
45307.00
45204.00
45175.00
45213.00
45241.00
45187.00
45105.00
45084.00
45138.00
45196.00
45148.00
45074.00
45055.00
45110.00
45166.00
45134.00
45058.00
45046.00
45102.00
45183.00
45154.00
45091.00
45079.00
45158.00
45262.00
45266.00
45235.00
45231.00
45331.00
45475.00
45516.00
45525.00
45573.00
45710.00
45895.00
45967.00
46025.00
46083.00
46254.00
46467.00
46619.00
46669.00
46723.00
46900.00
47161.00
47312.00
47373.00
47429.00
47576.00
47795.00
47927.00
47991.00
48014.00
48144.00
48332.00
48431.00
48420.00
48402.00
48466.00
48612.00
48704.00
48674.00
48629.00
48638.00
48735.00
48789.00
48723.00
48619.00
48589.00
48653.00
48690.00
48592.00
48473.00
48417.00
48421.00
48419.00
48300.00
48161.00
48083.00
48063.00
48055.00
47930.00
47767.00
47650.00
47625.00
47613.00
47475.00
47313.00
47211.00
47195.00
47182.00
47085.00
46929.00
46796.00
46747.00
46739.00
46629.00
46459.00
46291.00
46234.00
46223.00
46117.00
45957.00
45802.00
45762.00
45777.00
45726.00
45647.00
45520.00
45502.00
45550.00
45508.00
45417.00
45293.00
45267.00
45337.00
45305.00
45228.00
45135.00
45107.00
45144.00
45160.00
45116.00
45011.00
45032.00
45100.00
45130.00
45095.00
45032.00
45016.00
45097.00
45116.00
45067.00
45005.00
45000.00
45061.00
45128.00
45103.00
45039.00
45041.00
45146.00
45247.00
45256.00
45219.00
45256.00
45377.00
45539.00
45589.00
45619.00
45704.00
45888.00
46102.00
46228.00
46300.00
46370.00
46550.00
46753.00
46879.00
46949.00
47021.00
47207.00
47444.00
47550.00
47607.00
47683.00
47833.00
48039.00
48169.00
48189.00
48206.00
48305.00
48478.00
48544.00
48514.00
48487.00
48565.00
48716.00
48790.00
48729.00
48683.00
48684.00
48801.00
48827.00
48738.00
48643.00
48653.00
48730.00
48767.00
48684.00
48534.00
48505.00
48541.00
48530.00
48416.00
48251.00
48178.00
48192.00
48190.00
48077.00
47933.00
47843.00
47858.00
47866.00
47751.00
47583.00
47488.00
47464.00
47450.00
47345.00
47198.00
47082.00
47068.00
47070.00
46968.00
46822.00
46697.00
46652.00
46651.00
46557.00
46408.00
46292.00
46235.00
46246.00
46150.00
46019.00
45883.00
45857.00
45892.00
45815.00
45676.00
45579.00
45545.00
45599.00
45569.00
45484.00
45400.00
45366.00
45408.00
45367.00
45278.00
45200.00
45158.00
45219.00
45218.00
45144.00
45061.00
45060.00
45102.00
45125.00
45071.00
44982.00
44972.00
45038.00
45076.00
45029.00
44953.00
44942.00
45012.00
45060.00
45019.00
44946.00
44952.00
45023.00
45090.00
45062.00
45002.00
44988.00
45081.00
45174.00
45176.00
45152.00
45170.00
45292.00
45430.00
45474.00
45487.00
45550.00
45732.00
45943.00
46045.00
46118.00
46234.00
46411.00
46588.00
46712.00
46752.00
46852.00
47024.00
47238.00
47374.00
47428.00
47505.00
47662.00
47892.00
47988.00
48048.00
48047.00
48173.00
48359.00
48418.00
48407.00
48381.00
48467.00
48617.00
48681.00
48643.00
48595.00
48644.00
48756.00
48793.00
48722.00
48629.00
48616.00
48699.00
48732.00
48630.00
48506.00
48469.00
48523.00
48517.00
48386.00
48220.00
48138.00
48120.00
48118.00
47986.00
47800.00
47711.00
47714.00
47680.00
47556.00
47379.00
47282.00
47286.00
47305.00
47185.00
47023.00
46916.00
46888.00
46902.00
46794.00
46641.00
46525.00
46495.00
46504.00
46396.00
46245.00
46105.00
46083.00
46105.00
46019.00
45891.00
45760.00
45738.00
45764.00
45680.00
45555.00
45474.00
45456.00
45496.00
45470.00
45357.00
45258.00
45254.00
45326.00
45286.00
45200.00
45116.00
45117.00
45180.00
45181.00
45086.00
45016.00
45029.00
45105.00
45128.00
45081.00
45016.00
45022.00
45094.00
45139.00
45082.00
45024.00
45029.00
45102.00
45155.00
45111.00
45058.00
45064.00
45165.00
45249.00
45247.00
45230.00
45284.00
45420.00
45550.00
45598.00
45627.00
45718.00
45904.00
46130.00
46238.00
46300.00
46415.00
46601.00
46810.00
46889.00
46971.00
47093.00
47317.00
47550.00
47667.00
47709.00
47782.00
47958.00
48148.00
48217.00
48219.00
48225.00
48342.00
48502.00
48527.00
48491.00
48486.00
48579.00
48710.00
48724.00
48644.00
48571.00
48605.00
48699.00
48698.00
48590.00
48473.00
48455.00
48544.00
48505.00
48374.00
48230.00
48177.00
48170.00
48114.00
47964.00
47795.00
47711.00
47713.00
47646.00
47489.00
47290.00
47196.00
47217.00
47172.00
47027.00
46849.00
46770.00
46766.00
46724.00
46596.00
46419.00
46305.00
46296.00
46267.00
46160.00
46007.00
45907.00
45889.00
45902.00
45801.00
45663.00
45600.00
45592.00
45628.00
45544.00
45406.00
45363.00
45359.00
45398.00
45326.00
45234.00
45146.00
45156.00
45195.00
45143.00
45051.00
44993.00
45008.00
45080.00
45073.00
45014.00
44958.00
44992.00
45081.00
45065.00
45015.00
44961.00
44983.00
45061.00
45067.00
44996.00
44961.00
45008.00
45089.00
45128.00
45082.00
45032.00
45090.00
45216.00
45268.00
45285.00
45269.00
45372.00
45551.00
45692.00
45753.00
45803.00
45968.00
46217.00
46405.00
46491.00
46517.00
46661.00
46890.00
47099.00
47207.00
47280.00
47438.00
47631.00
47824.00
47890.00
47934.00
48027.00
48197.00
48346.00
48376.00
48371.00
48400.00
48551.00
48681.00
48699.00
48652.00
48663.00
48742.00
48880.00
48830.00
48754.00
48703.00
48747.00
48819.00
48745.00
48613.00
48520.00
48536.00
48575.00
48471.00
48313.00
48187.00
48162.00
48175.00
48051.00
47865.00
47727.00
47683.00
47693.00
47564.00
47409.00
47269.00
47214.00
47229.00
47152.00
47011.00
46876.00
46829.00
46854.00
46788.00
46669.00
46514.00
46451.00
46443.00
46362.00
46210.00
46066.00
46023.00
46018.00
45983.00
45858.00
45730.00
45681.00
45722.00
45721.00
45614.00
45488.00
45452.00
45498.00
45521.00
45453.00
45330.00
45305.00
45336.00
45371.00
45278.00
45157.00
45100.00
45137.00
45178.00
45119.00
45049.00
45012.00
45051.00
45125.00
45089.00
45013.00
44996.00
45046.00
45105.00
45080.00
45006.00
44959.00
45029.00
45075.00
45037.00
44983.00
44970.00
45041.00
45143.00
45128.00
45086.00
45091.00
45191.00
45319.00
45360.00
45352.00
45367.00
45473.00
45645.00
45751.00
45801.00
45865.00
46045.00
46281.00
46408.00
46461.00
46512.00
46712.00
46956.00
47133.00
47194.00
47242.00
47410.00
47632.00
47757.00
47788.00
47795.00
47928.00
48114.00
48205.00
48210.00
48187.00
48232.00
48406.00
48478.00
48436.00
48373.00
48396.00
48485.00
48550.00
48465.00
48346.00
48333.00
48395.00
48415.00
48304.00
48177.00
48092.00
48131.00
48133.00
48013.00
47862.00
47773.00
47745.00
47723.00
47565.00
47365.00
47253.00
47217.00
47210.00
47101.00
46930.00
46792.00
46775.00
46770.00
46648.00
46500.00
46387.00
46344.00
46366.00
46249.00
46081.00
45962.00
45956.00
45976.00
45895.00
45772.00
45658.00
45644.00
45673.00
45612.00
45506.00
45418.00
45425.00
45469.00
45421.00
45317.00
45250.00
45239.00
45264.00
45248.00
45173.00
45083.00
45081.00
45141.00
45127.00
45068.00
45001.00
45003.00
45085.00
45095.00
45045.00
44977.00
44979.00
45063.00
45069.00
45032.00
44947.00
44968.00
45052.00
45109.00
45061.00
45003.00
45009.00
45105.00
45168.00
45125.00
45085.00
45122.00
45232.00
45334.00
45341.00
45337.00
45401.00
45545.00
45725.00
45767.00
45820.00
45908.00
46107.00
46328.00
46411.00
46446.00
46546.00
46779.00
46989.00
47093.00
47114.00
47189.00
47406.00
47640.00
47733.00
47761.00
47811.00
48006.00
48225.00
48286.00
48275.00
48280.00
48442.00
48621.00
48685.00
48654.00
48645.00
48781.00
48932.00
48954.00
48889.00
48842.00
48896.00
49013.00
48992.00
48904.00
48805.00
48810.00
48888.00
48855.00
48719.00
48579.00
48555.00
48610.00
48584.00
48425.00
48266.00
48191.00
48199.00
48130.00
47967.00
47764.00
47697.00
47694.00
47634.00
47458.00
47274.00
47199.00
47197.00
47170.00
46993.00
46841.00
46758.00
46741.00
46755.00
46608.00
46439.00
46346.00
46347.00
46317.00
46198.00
46047.00
45966.00
45975.00
45966.00
45849.00
45701.00
45633.00
45626.00
45647.00
45574.00
45457.00
45388.00
45405.00
45430.00
45371.00
45257.00
45219.00
45231.00
45328.00
45281.00
45131.00
45047.00
45057.00
45117.00
45086.00
45027.00
44961.00
45003.00
45085.00
45080.00
45017.00
44973.00
45010.00
45098.00
45095.00
45033.00
44992.00
45009.00
45108.00
45128.00
45117.00
45074.00
45145.00
45276.00
45347.00
45352.00
45360.00
45451.00
45615.00
45738.00
45779.00
45835.00
45974.00
46219.00
46394.00
46460.00
46512.00
46630.00
46870.00
47064.00
47167.00
47245.00
47363.00
47595.00
47774.00
47847.00
47893.00
48024.00
48217.00
48373.00
48416.00
48402.00
48466.00
48598.00
48720.00
48734.00
48699.00
48721.00
48838.00
48946.00
48912.00
48826.00
48792.00
48840.00
48909.00
48842.00
48738.00
48641.00
48674.00
48706.00
48615.00
48488.00
48390.00
48387.00
48402.00
48304.00
48148.00
48015.00
48008.00
48021.00
47915.00
47764.00
47631.00
47582.00
47596.00
47506.00
47352.00
47221.00
47200.00
47198.00
47118.00
46980.00
46858.00
46816.00
46836.00
46785.00
46639.00
46526.00
46461.00
46466.00
46411.00
46264.00
46127.00
46091.00
46124.00
46088.00
45973.00
45860.00
45798.00
45824.00
45806.00
45711.00
45594.00
45557.00
45570.00
45578.00
45483.00
45369.00
45333.00
45368.00
45398.00
45310.00
45201.00
45153.00
45218.00
45240.00
45168.00
45078.00
45046.00
45091.00
45129.00
45094.00
45032.00
45021.00
45091.00
45166.00
45119.00
45053.00
45041.00
45082.00
45129.00
45117.00
45060.00
45045.00
45106.00
45197.00
45194.00
45171.00
45165.00
45240.00
45403.00
45449.00
45448.00
45464.00
45593.00
45760.00
45867.00
45915.00
46003.00
46182.00
46413.00
46518.00
46592.00
46670.00
46848.00
47098.00
47242.00
47340.00
47410.00
47577.00
47792.00
47960.00
48009.00
48059.00
48175.00
48363.00
48492.00
48512.00
48500.00
48587.00
48734.00
48835.00
48824.00
48782.00
48817.00
48930.00
48989.00
48953.00
48867.00
48855.00
48938.00
48974.00
48892.00
48779.00
48746.00
48781.00
48811.00
48720.00
48573.00
48507.00
48511.00
48511.00
48385.00
48216.00
48138.00
48106.00
48096.00
47951.00
47793.00
47686.00
47678.00
47657.00
47547.00
47375.00
47270.00
47244.00
47260.00
47173.00
47023.00
46904.00
46869.00
46875.00
46785.00
46655.00
46528.00
46504.00
46515.00
46413.00
46262.00
46108.00
46078.00
46093.00
46006.00
45878.00
45759.00
45730.00
45744.00
45698.00
45601.00
45473.00
45455.00
45491.00
45467.00
45366.00
45289.00
45261.00
45317.00
45311.00
45239.00
45164.00
45146.00
45201.00
45221.00
45159.00
45072.00
45083.00
45154.00
45190.00
45140.00
45060.00
45042.00
45095.00
45155.00
45099.00
45046.00
45033.00
45107.00
45178.00
45135.00
45089.00
45096.00
45179.00
45293.00
45299.00
45270.00
45293.00
45418.00
45569.00
45624.00
45654.00
45750.00
45921.00
46127.00
46223.00
46290.00
46389.00
46577.00
46795.00
46901.00
46937.00
47033.00
47229.00
47451.00
47558.00
47617.00
47677.00
47835.00
48037.00
48118.00
48134.00
48177.00
48309.00
48473.00
48548.00
48523.00
48517.00
48590.00
48747.00
48786.00
48739.00
48676.00
48735.00
48814.00
48832.00
48754.00
48657.00
48652.00
48722.00
48731.00
48622.00
48507.00
48476.00
48520.00
48529.00
48403.00
48271.00
48212.00
48246.00
48235.00
48098.00
47948.00
47869.00
47864.00
47833.00
47702.00
47557.00
47486.00
47500.00
47490.00
47380.00
47246.00
47158.00
47158.00
47145.00
47044.00
46884.00
46793.00
46781.00
46768.00
46660.00
46510.00
46405.00
46380.00
46369.00
46231.00
46080.00
45967.00
45964.00
45986.00
45904.00
45762.00
45665.00
45643.00
45676.00
45610.00
45490.00
45388.00
45399.00
45441.00
45415.00
45305.00
45226.00
45207.00
45266.00
45234.00
45151.00
45073.00
45099.00
45180.00
45194.00
45135.00
45071.00
45091.00
45166.00
45196.00
45154.00
45093.00
45119.00
45218.00
45246.00
45218.00
45169.00
45194.00
45320.00
45401.00
45403.00
45369.00
45458.00
45593.00
45717.00
45754.00
45800.00
45912.00
46106.00
46301.00
46404.00
46446.00
46542.00
46716.00
46917.00
46987.00
47055.00
47155.00
47346.00
47546.00
47607.00
47614.00
47691.00
47872.00
48014.00
48077.00
48070.00
48117.00
48254.00
48435.00
48456.00
48438.00
48432.00
48524.00
48647.00
48673.00
48622.00
48623.00
48696.00
48838.00
48826.00
48737.00
48680.00
48720.00
48793.00
48783.00
48679.00
48565.00
48579.00
48651.00
48611.00
48491.00
48368.00
48346.00
48409.00
48398.00
48264.00
48117.00
48090.00
48142.00
48099.00
47964.00
47802.00
47736.00
47740.00
47690.00
47544.00
47386.00
47332.00
47360.00
47357.00
47222.00
47052.00
46969.00
46994.00
46981.00
46861.00
46702.00
46595.00
46591.00
46568.00
46443.00
46309.00
46190.00
46147.00
46117.00
46001.00
45849.00
45746.00
45728.00
45745.00
45657.00
45525.00
45438.00
45452.00
45493.00
45425.00
45310.00
45238.00
45290.00
45348.00
45282.00
45173.00
45110.00
45129.00
45192.00
45159.00
45074.00
45023.00
45057.00
45135.00
45137.00
45065.00
45001.00
45052.00
45146.00
45159.00
45095.00
45034.00
45080.00
45175.00
45217.00
45164.00
45141.00
45203.00
45341.00
45416.00
45419.00
45413.00
45495.00
45683.00
45803.00
45861.00
45886.00
46000.00
46220.00
46394.00
46447.00
46465.00
46588.00
46773.00
46966.00
47041.00
47108.00
47214.00
47392.00
47576.00
47639.00
47673.00
47781.00
47958.00
48128.00
48167.00
48153.00
48218.00
48363.00
48513.00
48537.00
48482.00
48495.00
48619.00
48771.00
48789.00
48675.00
48661.00
48711.00
48834.00
48804.00
48690.00
48618.00
48667.00
48721.00
48655.00
48545.00
48467.00
48454.00
48516.00
48466.00
48299.00
48182.00
48151.00
48212.00
48150.00
47998.00
47861.00
47826.00
47838.00
47755.00
47599.00
47436.00
47389.00
47406.00
47358.00
47223.00
47074.00
47026.00
47034.00
46970.00
46803.00
46640.00
46565.00
46561.00
46516.00
46363.00
46231.00
46120.00
46111.00
46074.00
45963.00
45814.00
45755.00
45756.00
45751.00
45642.00
45507.00
45457.00
45473.00
45485.00
45426.00
45310.00
45247.00
45278.00
45313.00
45257.00
45160.00
45140.00
45184.00
45254.00
45201.00
45123.00
45094.00
45127.00
45232.00
45199.00
45139.00
45099.00
45167.00
45259.00
45278.00
45216.00
45195.00
45268.00
45392.00
45424.00
45390.00
45411.00
45514.00
45682.00
45747.00
45776.00
45799.00
45913.00
46123.00
46222.00
46249.00
46298.00
46434.00
46611.00
46728.00
46780.00
46816.00
46970.00
47197.00
47311.00
47378.00
47415.00
47541.00
47759.00
47883.00
47893.00
47894.00
47949.00
48127.00
48236.00
48231.00
48208.00
48267.00
48421.00
48504.00
48468.00
48417.00
48416.00
48515.00
48571.00
48522.00
48403.00
48383.00
48444.00
48506.00
48402.00
48282.00
48219.00
48248.00
48282.00
48204.00
48061.00
47976.00
47972.00
47992.00
47875.00
47702.00
47590.00
47560.00
47562.00
47453.00
47323.00
47230.00
47218.00
47227.00
47147.00
46987.00
46894.00
46888.00
46893.00
46798.00
46654.00
46547.00
46477.00
46492.00
46444.00
46272.00
46128.00
46079.00
46064.00
46000.00
45846.00
45724.00
45711.00
45722.00
45708.00
45598.00
45464.00
45439.00
45479.00
45496.00
45367.00
45248.00
45220.00
45287.00
45270.00
45173.00
45091.00
45111.00
45157.00
45170.00
45104.00
45051.00
45051.00
45125.00
45175.00
45221.00
45147.00
45032.00
45121.00
45178.00
45144.00
45081.00
45093.00
45180.00
45287.00
45253.00
45234.00
45261.00
45383.00
45515.00
45540.00
45534.00
45614.00
45790.00
45982.00
46064.00
46102.00
46206.00
46383.00
46610.00
46709.00
46760.00
46868.00
47064.00
47329.00
47456.00
47528.00
47617.00
47814.00
48042.00
48136.00
48128.00
48182.00
48313.00
48490.00
48573.00
48534.00
48525.00
48628.00
48783.00
48804.00
48748.00
48668.00
48725.00
48821.00
48837.00
48740.00
48635.00
48649.00
48739.00
48732.00
48636.00
48501.00
48461.00
48505.00
48482.00
48345.00
48191.00
48150.00
48182.00
48164.00
48040.00
47874.00
47781.00
47763.00
47723.00
47576.00
47405.00
47313.00
47324.00
47292.00
47196.00
47032.00
46963.00
46973.00
46979.00
46841.00
46686.00
46579.00
46580.00
46571.00
46470.00
46326.00
46195.00
46173.00
46183.00
46092.00
45931.00
45833.00
45826.00
45821.00
45748.00
45614.00
45530.00
45534.00
45576.00
45544.00
45423.00
45333.00
45359.00
45398.00
45364.00
45256.00
45184.00
45211.00
45243.00
45237.00
45152.00
45086.00
45122.00
45193.00
45198.00
45202.00
45090.00
45114.00
45202.00
45196.00
45136.00
45072.00
45096.00
45275.00
45219.00
45175.00
45137.00
45172.00
45293.00
45348.00
45322.00
45319.00
45342.00
45473.00
45586.00
45622.00
45624.00
45739.00
45945.00
46121.00
46194.00
46256.00
46375.00
46578.00
46777.00
46862.00
46914.00
47045.00
47265.00
47472.00
47558.00
47586.00
47663.00
47838.00
48034.00
48102.00
48079.00
48130.00
48288.00
48459.00
48478.00
48459.00
48456.00
48566.00
48709.00
48731.00
48660.00
48624.00
48700.00
48815.00
48781.00
48696.00
48641.00
48660.00
48750.00
48714.00
48578.00
48482.00
48485.00
48522.00
48492.00
48357.00
48247.00
48195.00
48241.00
48161.00
48000.00
47810.00
47724.00
47714.00
47616.00
47468.00
47330.00
47259.00
47274.00
47219.00
47074.00
46928.00
46892.00
46875.00
46841.00
46693.00
46529.00
46451.00
46433.00
46403.00
46270.00
46092.00
45988.00
45965.00
45933.00
45807.00
45660.00
45591.00
45591.00
45609.00
45524.00
45426.00
45389.00
45430.00
45471.00
45424.00
45287.00
45210.00
45169.00
45210.00
45175.00
45090.00
45024.00
45064.00
45136.00
45112.00
45041.00
45001.00
45021.00
45120.00
45102.00
45032.00
44975.00
45039.00
45119.00
45114.00
45050.00
45023.00
45066.00
45163.00
45186.00
45144.00
45121.00
45191.00
45310.00
45366.00
45378.00
45387.00
45478.00
45641.00
45773.00
45827.00
45884.00
46029.00
46294.00
46437.00
46510.00
46572.00
46742.00
46973.00
47182.00
47253.00
47330.00
47478.00
47711.00
47894.00
47985.00
48018.00
48132.00
48315.00
48472.00
48503.00
48474.00
48513.00
48661.00
48777.00
48770.00
48729.00
48717.00
48800.00
48881.00
48810.00
48710.00
48668.00
48718.00
48786.00
48703.00
48580.00
48484.00
48486.00
48503.00
48429.00
48271.00
48143.00
48130.00
48150.00
48044.00
47869.00
47740.00
47676.00
47652.00
47547.00
47365.00
47234.00
47199.00
47231.00
47160.00
47013.00
46876.00
46841.00
46838.00
46779.00
46601.00
46412.00
46351.00
46314.00
46234.00
46064.00
45916.00
45853.00
45893.00
45807.00
45705.00
45540.00
45496.00
45530.00
45515.00
45415.00
45297.00
45290.00
45336.00
45318.00
45235.00
45136.00
45099.00
45147.00
45175.00
45115.00
45044.00
44995.00
45080.00
45132.00
45081.00
45008.00
44998.00
45041.00
45110.00
45066.00
44984.00
44970.00
45030.00
45097.00
45091.00
45042.00
45020.00
45120.00
45229.00
45227.00
45204.00
45203.00
45288.00
45432.00
45483.00
45489.00
45532.00
45700.00
45900.00
46013.00
46074.00
46153.00
46334.00
46542.00
46694.00
46751.00
46837.00
46973.00
47227.00
47372.00
47422.00
47472.00
47599.00
47791.00
47916.00
47955.00
47946.00
48049.00
48243.00
48351.00
48361.00
48342.00
48395.00
48534.00
48610.00
48565.00
48509.00
48533.00
48625.00
48692.00
48626.00
48513.00
48491.00
48553.00
48597.00
48516.00
48386.00
48317.00
48343.00
48356.00
48259.00
48102.00
48013.00
47990.00
48008.00
47893.00
47733.00
47617.00
47593.00
47614.00
47531.00
47354.00
47235.00
47252.00
47289.00
47218.00
47095.00
47002.00
46997.00
47040.00
46954.00
46810.00
46674.00
46629.00
46638.00
46544.00
46405.00
46261.00
46195.00
46183.00
46109.00
45974.00
45855.00
45810.00
45839.00
45798.00
45695.00
45593.00
45568.00
45604.00
45595.00
45518.00
45412.00
45407.00
45441.00
45471.00
45377.00
45292.00
45250.00
45284.00
45299.00
45214.00
45112.00
45101.00
45126.00
45175.00
45114.00
45034.00
45013.00
45087.00
45147.00
45133.00
45062.00
45050.00
45116.00
45190.00
45167.00
45122.00
45093.00
45171.00
45268.00
45288.00
45258.00
45253.00
45353.00
45474.00
45520.00
45506.00
45533.00
45677.00
45851.00
45951.00
46009.00
46063.00
46217.00
46438.00
46576.00
46629.00
46700.00
46836.00
47063.00
47196.00
47280.00
47345.00
47490.00
47700.00
47837.00
47885.00
47916.00
48047.00
48233.00
48371.00
48370.00
48365.00
48440.00
48599.00
48684.00
48669.00
48633.00
48663.00
48793.00
48874.00
48828.00
48725.00
48710.00
48794.00
48854.00
48761.00
48636.00
48595.00
48651.00
48711.00
48627.00
48479.00
48395.00
48432.00
48458.00
48377.00
48190.00
48093.00
48100.00
48115.00
47997.00
47826.00
47663.00
47631.00
47637.00
47534.00
47379.00
47249.00
47244.00
47264.00
47191.00
47061.00
46935.00
46896.00
46913.00
46839.00
46690.00
46538.00
46481.00
46492.00
46391.00
46212.00
46065.00
46020.00
46025.00
45972.00
45837.00
45708.00
45692.00
45713.00
45705.00
45591.00
45453.00
45406.00
45446.00
45470.00
45406.00
45307.00
45286.00
45296.00
45264.00
45154.00
45066.00
45020.00
45099.00
45119.00
45106.00
45028.00
44978.00
45040.00
45102.00
45059.00
44997.00
44973.00
45118.00
45168.00
45052.00
45081.00
44944.00
44998.00
45077.00
45065.00
45000.00
45085.00
45032.00
45223.00
45211.00
45145.00
45071.00
45142.00
45271.00
45307.00
45273.00
45285.00
45367.00
45559.00
45609.00
45647.00
45724.00
45858.00
46058.00
46212.00
46263.00
46353.00
46488.00
46701.00
46841.00
46925.00
46960.00
47116.00
47320.00
47493.00
47535.00
47567.00
47687.00
47890.00
48032.00
48071.00
48068.00
48151.00
48304.00
48421.00
48424.00
48388.00
48401.00
48531.00
48625.00
48595.00
48496.00
48480.00
48573.00
48660.00
48595.00
48492.00
48445.00
48490.00
48540.00
48475.00
48336.00
48270.00
48293.00
48341.00
48268.00
48136.00
48032.00
48028.00
48068.00
47995.00
47829.00
47674.00
47658.00
47671.00
47584.00
47403.00
47292.00
47250.00
47296.00
47247.00
47135.00
47029.00
46977.00
46978.00
46923.00
46751.00
46585.00
46505.00
46493.00
46398.00
46281.00
46111.00
46065.00
46070.00
46054.00
45959.00
45782.00
45745.00
45752.00
45711.00
45627.00
45487.00
45435.00
45498.00
45505.00
45485.00
45366.00
45285.00
45315.00
45286.00
45193.00
45106.00
45054.00
45121.00
45192.00
45119.00
45058.00
45028.00
45073.00
45207.00
45152.00
45030.00
44982.00
45034.00
45102.00
45058.00
45055.00
44979.00
45006.00
45097.00
45100.00
45052.00
45062.00
45055.00
45206.00
45186.00
45160.00
45130.00
45197.00
45310.00
45363.00
45347.00
45355.00
45439.00
45598.00
45699.00
45759.00
45779.00
45924.00
46113.00
46319.00
46369.00
46409.00
46522.00
46720.00
46875.00
46931.00
46955.00
47081.00
47255.00
47398.00
47457.00
47462.00
47548.00
47736.00
47883.00
47943.00
47935.00
47995.00
48128.00
48257.00
48270.00
48233.00
48202.00
48303.00
48419.00
48399.00
48329.00
48301.00
48362.00
48442.00
48385.00
48289.00
48211.00
48237.00
48307.00
48263.00
48130.00
48025.00
48001.00
48047.00
47951.00
47801.00
47649.00
47596.00
47584.00
47532.00
47404.00
47248.00
47205.00
47250.00
47231.00
47102.00
46935.00
46902.00
46909.00
46868.00
46687.00
46501.00
46396.00
46370.00
46314.00
46191.00
46016.00
45950.00
45941.00
45940.00
45828.00
45679.00
45620.00
45646.00
45648.00
45551.00
45422.00
45366.00
45365.00
45411.00
45310.00
45208.00
45116.00
45125.00
45167.00
45108.00
45038.00
44989.00
45019.00
45099.00
45088.00
45011.00
45000.00
45012.00
45103.00
45075.00
44996.00
44938.00
44965.00
45049.00
45056.00
44984.00
44936.00
44952.00
45049.00
45062.00
45020.00
44976.00
45000.00
45103.00
45150.00
45134.00
45104.00
45167.00
45295.00
45374.00
45392.00
45391.00
45517.00
45680.00
45813.00
45866.00
45925.00
46086.00
46279.00
46468.00
46533.00
46605.00
46709.00
46903.00
47102.00
47199.00
47251.00
47348.00
47548.00
47716.00
47766.00
47781.00
47832.00
47960.00
48094.00
48127.00
48100.00
48119.00
48243.00
48353.00
48365.00
48299.00
48255.00
48298.00
48391.00
48382.00
48284.00
48216.00
48241.00
48320.00
48281.00
48158.00
48078.00
48099.00
48164.00
48138.00
48045.00
47926.00
47903.00
47929.00
47866.00
47748.00
47577.00
47518.00
47523.00
47552.00
47412.00
47279.00
47221.00
47230.00
47234.00
47127.00
46966.00
46902.00
46908.00
46883.00
46743.00
46584.00
46490.00
46463.00
46432.00
46271.00
46087.00
45955.00
45929.00
45916.00
45839.00
45682.00
45605.00
45614.00
45632.00
45549.00
45435.00
45356.00
45449.00
45487.00
45444.00
45359.00
45296.00
45310.00
45317.00
45245.00
45135.00
45049.00
45101.00
45179.00
45159.00
45102.00
45031.00
45034.00
45155.00
45076.00
45004.00
44939.00
44947.00
45015.00
45020.00
44984.00
44990.00
44934.00
45016.00
45051.00
45017.00
44955.00
44946.00
45030.00
45105.00
45055.00
45012.00
45010.00
45120.00
45191.00
45170.00
45150.00
45168.00
45283.00
45400.00
45415.00
45408.00
45458.00
45581.00
45757.00
45823.00
45845.00
45944.00
46108.00
46302.00
46407.00
46423.00
46526.00
46721.00
46909.00
47009.00
47068.00
47140.00
47311.00
47533.00
47632.00
47676.00
47731.00
47869.00
48078.00
48154.00
48171.00
48163.00
48241.00
48394.00
48483.00
48429.00
48398.00
48441.00
48551.00
48566.00
48495.00
48392.00
48409.00
48471.00
48511.00
48412.00
48295.00
48278.00
48340.00
48369.00
48257.00
48129.00
48072.00
48127.00
48141.00
48002.00
47846.00
47773.00
47775.00
47770.00
47650.00
47489.00
47392.00
47399.00
47404.00
47348.00
47245.00
47199.00
47234.00
47276.00
47198.00
47065.00
46962.00
46953.00
46945.00
46837.00
46677.00
46524.00
46490.00
46462.00
46351.00
46177.00
46025.00
45989.00
46013.00
45932.00
45785.00
45643.00
45615.00
45650.00
45589.00
45497.00
45397.00
45396.00
45473.00
45467.00
45367.00
45249.00
45182.00
45177.00
45162.00
45128.00
45081.00
45087.00
45177.00
45193.00
45138.00
45079.00
45082.00
45154.00
45195.00
45138.00
45055.00
45066.00
45150.00
45213.00
45182.00
45145.00
45148.00
45233.00
45340.00
45347.00
45306.00
45324.00
45441.00
45567.00
45585.00
45570.00
45626.00
45758.00
45940.00
45999.00
46027.00
46099.00
46240.00
46428.00
46527.00
46563.00
46616.00
46786.00
46995.00
47110.00
47156.00
47230.00
47391.00
47607.00
47706.00
47742.00
47770.00
47895.00
48087.00
48193.00
48202.00
48171.00
48261.00
48381.00
48435.00
48404.00
48363.00
48356.00
48453.00
48485.00
48406.00
48314.00
48298.00
48368.00
48409.00
48308.00
48190.00
48155.00
48203.00
48215.00
48122.00
47965.00
47904.00
47892.00
47884.00
47759.00
47609.00
47502.00
47510.00
47544.00
47468.00
47290.00
47202.00
47190.00
47220.00
47121.00
46952.00
46848.00
46842.00
46804.00
46699.00
46543.00
46396.00
46339.00
46329.00
46241.00
46096.00
45946.00
45914.00
45928.00
45855.00
45718.00
45603.00
45585.00
45628.00
45572.00
45477.00
45382.00
45385.00
45425.00
45404.00
45308.00
45233.00
45199.00
45238.00
45254.00
45177.00
45104.00
45069.00
45149.00
45206.00
45157.00
45077.00
45075.00
45154.00
45213.00
45161.00
45085.00
45080.00
45150.00
45229.00
45219.00
45146.00
45143.00
45225.00
45318.00
45277.00
45213.00
45222.00
45309.00
45412.00
45421.00
45396.00
45410.00
45517.00
45652.00
45687.00
45667.00
45679.00
45790.00
45960.00
46029.00
46055.00
46079.00
46197.00
46397.00
46467.00
46501.00
46522.00
46632.00
46766.00
46835.00
46882.00
46901.00
46994.00
47165.00
47244.00
47240.00
47236.00
47320.00
47498.00
47625.00
47651.00
47657.00
47737.00
47886.00
48010.00
48015.00
47983.00
48014.00
48152.00
48243.00
48214.00
48152.00
48154.00
48238.00
48312.00
48257.00
48155.00
48111.00
48174.00
48222.00
48145.00
48018.00
47951.00
47979.00
48050.00
47967.00
47828.00
47711.00
47719.00
47766.00
47667.00
47526.00
47436.00
47436.00
47479.00
47419.00
47286.00
47163.00
47142.00
47177.00
47116.00
46963.00
46804.00
46747.00
46725.00
46651.00
46483.00
46355.00
46293.00
46315.00
46244.00
46117.00
45986.00
45955.00
45991.00
45969.00
45857.00
45733.00
45706.00
45757.00
45762.00
45672.00
45564.00
45509.00
45549.00
45552.00
45460.00
45343.00
45260.00
45293.00
45311.00
45237.00
45139.00
45120.00
45184.00
45244.00
45216.00
45151.00
45119.00
45184.00
45273.00
45224.00
45180.00
45126.00
45191.00
45280.00
45278.00
45221.00
45183.00
45226.00
45320.00
45339.00
45298.00
45304.00
45373.00
45507.00
45548.00
45569.00
45548.00
45661.00
45812.00
45904.00
45939.00
45954.00
46078.00
46291.00
46408.00
46427.00
46421.00
46539.00
46711.00
46837.00
46884.00
46889.00
46984.00
47130.00
47275.00
47322.00
47328.00
47397.00
47545.00
47668.00
47666.00
47647.00
47699.00
47812.00
47942.00
47933.00
47883.00
47895.00
47964.00
48064.00
48033.00
47958.00
47905.00
47971.00
48030.00
47986.00
47875.00
47826.00
47865.00
47945.00
47888.00
47774.00
47701.00
47706.00
47746.00
47694.00
47574.00
47496.00
47510.00
47559.00
47539.00
47439.00
47301.00
47290.00
47332.00
47289.00
47140.00
47003.00
46960.00
46990.00
46934.00
46801.00
46633.00
46558.00
46562.00
46506.00
46365.00
46204.00
46128.00
46147.00
46121.00
46049.00
45931.00
45906.00
45896.00
45903.00
45821.00
45716.00
45684.00
45742.00
45785.00
45739.00
45623.00
45580.00
45599.00
45611.00
45523.00
45386.00
45327.00
45339.00
45358.00
45253.00
45153.00
45090.00
45102.00
45151.00
45111.00
45061.00
45004.00
45042.00
45127.00
45110.00
45053.00
44995.00
45023.00
45113.00
45095.00
45033.00
44993.00
45013.00
45078.00
45085.00
45042.00
44987.00
45042.00
45152.00
45220.00
45128.00
45087.00
45141.00
45246.00
45309.00
45304.00
45253.00
45307.00
45444.00
45538.00
45533.00
45504.00
45559.00
45688.00
45821.00
45848.00
45869.00
45939.00
46113.00
46277.00
46335.00
46302.00
46371.00
46531.00
46707.00
46752.00
46767.00
46853.00
46999.00
47186.00
47240.00
47223.00
47287.00
47423.00
47612.00
47658.00
47642.00
47653.00
47771.00
47931.00
47965.00
47914.00
47883.00
47961.00
48070.00
48090.00
48023.00
47968.00
47984.00
48063.00
48062.00
47961.00
47869.00
47866.00
47944.00
47948.00
47855.00
47730.00
47694.00
47739.00
47765.00
47667.00
47557.00
47536.00
47583.00
47615.00
47517.00
47408.00
47350.00
47376.00
47368.00
47264.00
47138.00
47106.00
47124.00
47132.00
47026.00
46901.00
46807.00
46797.00
46783.00
46651.00
46476.00
46350.00
46303.00
46301.00
46189.00
46020.00
45937.00
45962.00
46002.00
45966.00
45889.00
45852.00
45908.00
45985.00
45960.00
45858.00
45775.00
45779.00
45848.00
45813.00
45734.00
45632.00
45659.00
45709.00
45662.00
45575.00
45436.00
45361.00
45341.00
45312.00
45235.00
45152.00
45130.00
45133.00
45138.00
45094.00
45015.00
45043.00
45095.00
45138.00
45096.00
45029.00
45016.00
45086.00
45103.00
45082.00
44988.00
44980.00
45046.00
45123.00
45073.00
44989.00
44987.00
45047.00
45119.00
45079.00
45015.00
45006.00
45085.00
45158.00
45148.00
45117.00
45084.00
45161.00
45256.00
45243.00
45196.00
45197.00
45261.00
45386.00
45408.00
45376.00
45369.00
45473.00
45609.00
45639.00
45644.00
45642.00
45737.00
45898.00
45972.00
45974.00
45979.00
46092.00
46240.00
46350.00
46374.00
46375.00
46469.00
46620.00
46709.00
46714.00
46695.00
46765.00
46913.00
47010.00
47016.00
46974.00
47028.00
47171.00
47288.00
47290.00
47252.00
47313.00
47423.00
47546.00
47544.00
47501.00
47525.00
47661.00
47756.00
47737.00
47690.00
47699.00
47773.00
47878.00
47868.00
47771.00
47743.00
47792.00
47862.00
47809.00
47716.00
47664.00
47706.00
47780.00
47720.00
47609.00
47535.00
47548.00
47618.00
47567.00
47449.00
47346.00
47345.00
47373.00
47302.00
47185.00
47066.00
47069.00
47103.00
47058.00
46928.00
46802.00
46784.00
46789.00
46750.00
46595.00
46466.00
46403.00
46432.00
46409.00
46281.00
46131.00
46090.00
46130.00
46156.00
46037.00
45955.00
45939.00
45995.00
46050.00
45998.00
45907.00
45884.00
45948.00
46025.00
45982.00
45896.00
45839.00
45867.00
45899.00
45857.00
45769.00
45720.00
45767.00
45832.00
45780.00
45681.00
45613.00
45666.00
45705.00
45664.00
45567.00
45446.00
45417.00
45428.00
45380.00
45308.00
45235.00
45273.00
45310.00
45276.00
45201.00
45164.00
45190.00
45280.00
45287.00
45243.00
45212.00
45244.00
45314.00
45353.00
45313.00
45284.00
45311.00
45413.00
45459.00
45444.00
45409.00
45436.00
45541.00
45619.00
45618.00
45609.00
45640.00
45770.00
45876.00
45872.00
45862.00
45906.00
46038.00
46171.00
46180.00
46139.00
46169.00
46272.00
46393.00
46404.00
46364.00
46389.00
46517.00
46674.00
46727.00
46725.00
46740.00
46891.00
47054.00
47087.00
47068.00
47094.00
47233.00
47402.00
47457.00
47423.00
47421.00
47522.00
47664.00
47698.00
47661.00
47614.00
47659.00
47763.00
47754.00
47666.00
47581.00
47588.00
47664.00
47644.00
47574.00
47498.00
47488.00
47545.00
47546.00
47459.00
47270.00
47241.00
47306.00
47266.00
47152.00
47011.00
46972.00
46997.00
46967.00
46848.00
46716.00
46657.00
46686.00
46650.00
46505.00
46332.00
46246.00
46257.00
46266.00
46162.00
46029.00
45987.00
46018.00
46059.00
46026.00
45928.00
45894.00
45939.00
46002.00
45974.00
45896.00
45861.00
45913.00
45974.00
45954.00
45884.00
45853.00
45878.00
45952.00
45916.00
45800.00
45728.00
45722.00
45752.00
45677.00
45587.00
45525.00
45528.00
45567.00
45533.00
45442.00
45370.00
45386.00
45446.00
45419.00
45319.00
45237.00
45238.00
45326.00
45352.00
45307.00
45232.00
45265.00
45351.00
45382.00
45338.00
45273.00
45287.00
45368.00
45414.00
45370.00
45307.00
45318.00
45416.00
45480.00
45456.00
45389.00
45397.00
45483.00
45554.00
45515.00
45462.00
45454.00
45564.00
45644.00
45634.00
45588.00
45591.00
45687.00
45795.00
45797.00
45765.00
45748.00
45844.00
45971.00
45963.00
45928.00
45917.00
46005.00
46129.00
46138.00
46097.00
46071.00
46147.00
46264.00
46285.00
46253.00
46217.00
46284.00
46394.00
46408.00
46376.00
46332.00
46395.00
46482.00
46528.00
46483.00
46444.00
46488.00
46605.00
46639.00
46613.00
46568.00
46602.00
46724.00
46767.00
46735.00
46682.00
46697.00
46798.00
46845.00
46802.00
46732.00
46744.00
46849.00
46920.00
46867.00
46817.00
46839.00
46947.00
47043.00
47013.00
46965.00
46961.00
47063.00
47164.00
47149.00
47088.00
47097.00
47201.00
47302.00
47276.00
47226.00
47214.00
47309.00
47406.00
47385.00
47327.00
47270.00
47314.00
47387.00
47345.00
47234.00
47160.00
47173.00
47235.00
47187.00
47097.00
47007.00
47015.00
47081.00
47055.00
46949.00
46858.00
46843.00
46918.00
46878.00
46764.00
46663.00
46613.00
46610.00
46527.00
46375.00
46226.00
46198.00
46225.00
46228.00
46124.00
46032.00
46024.00
46053.00
45992.00
45911.00
45831.00
45799.00
45845.00
45879.00
45800.00
45716.00
45698.00
45720.00
45724.00
45627.00
45503.00
45391.00
45354.00
45367.00
45303.00
45217.00
45176.00
45257.00
45314.00
45282.00
45216.00
45186.00
45238.00
45315.00
45283.00
45237.00
45206.00
45255.00
45355.00
45339.00
45307.00
45275.00
45342.00
45446.00
45440.00
45400.00
45366.00
45424.00
45532.00
45553.00
45503.00
45443.00
45489.00
45605.00
45644.00
45610.00
45583.00
45660.00
45834.00
