61198.00
61234.00
61272.00
61246.00
61204.00
61199.00
61241.00
61266.00
61247.00
61195.00
61207.00
61225.00
61268.00
61238.00
61199.00
61199.00
61235.00
61278.00
61250.00
61210.00
61195.00
61234.00
61268.00
61251.00
61208.00
61190.00
61237.00
61277.00
61256.00
61202.00
61201.00
61225.00
61281.00
61253.00
61204.00
61189.00
61224.00
61266.00
61263.00
61215.00
61198.00
61219.00
61269.00
61254.00
61216.00
61184.00
61217.00
61265.00
61254.00
61231.00
61193.00
61211.00
61262.00
61256.00
61223.00
61197.00
61223.00
61269.00
61261.00
61224.00
61191.00
61211.00
61259.00
61258.00
61229.00
61194.00
61207.00
61248.00
61264.00
61235.00
61196.00
61206.00
61252.00
61270.00
61230.00
61198.00
61208.00
61258.00
61261.00
61242.00
61199.00
61213.00
61246.00
61267.00
61239.00
61188.00
61197.00
61243.00
61264.00
61247.00
61200.00
61202.00
61249.00
61275.00
61241.00
61200.00
61212.00
61243.00
61267.00
61243.00
61189.00
61193.00
61239.00
61280.00
61244.00
61202.00
61191.00
61238.00
61267.00
61243.00
61203.00
61199.00
61244.00
61270.00
61244.00
61207.00
61199.00
61231.00
61270.00
61255.00
61196.00
61187.00
61228.00
61274.00
61251.00
61212.00
61195.00
61224.00
61271.00
61261.00
61210.00
61195.00
61229.00
61268.00
61251.00
61213.00
61194.00
61219.00
61272.00
61260.00
61207.00
61185.00
61227.00
61267.00
61254.00
61223.00
61198.00
61218.00
61263.00
61262.00
61219.00
61189.00
61207.00
61260.00
61265.00
61221.00
61185.00
61217.00
61268.00
61260.00
61227.00
61191.00
61217.00
61267.00
61277.00
61234.00
61202.00
61208.00
61256.00
61278.00
61241.00
61190.00
61212.00
61260.00
61277.00
61240.00
61207.00
61214.00
61261.00
61287.00
61253.00
61219.00
61224.00
61267.00
61304.00
61277.00
61234.00
61240.00
61284.00
61326.00
61284.00
61241.00
61243.00
61280.00
61323.00
61289.00
61257.00
61259.00
61292.00
61325.00
61313.00
61264.00
61245.00
61300.00
61333.00
61311.00
61269.00
61258.00
61304.00
61342.00
61320.00
61271.00
61257.00
61303.00
61347.00
61329.00
61290.00
61282.00
61311.00
61369.00
61358.00
61309.00
61288.00
61328.00
61386.00
61362.00
61304.00
61309.00
61337.00
61394.00
61385.00
61334.00
61318.00
61352.00
61401.00
61404.00
61354.00
61333.00
61375.00
61421.00
61427.00
61380.00
61340.00
61370.00
61423.00
61427.00
61376.00
61349.00
61365.00
61417.00
61425.00
61357.00
61342.00
61353.00
61418.00
61405.00
61376.00
61324.00
61341.00
61397.00
61402.00
61352.00
61317.00
61327.00
61382.00
61390.00
61358.00
61325.00
61330.00
61382.00
61384.00
61346.00
61314.00
61324.00
61363.00
61387.00
61355.00
61305.00
61315.00
61372.00
61387.00
61366.00
61308.00
61322.00
61354.00
61383.00
61360.00
61313.00
61311.00
61357.00
61388.00
61366.00
61319.00
61304.00
61353.00
61390.00
61357.00
61313.00
61308.00
61346.00
61378.00
61347.00
61303.00
61289.00
61333.00
61370.00
61340.00
61300.00
61283.00
61319.00
61365.00
61348.00
61316.00
61288.00
61314.00
61361.00
61344.00
61300.00
61275.00
61292.00
61347.00
61343.00
61283.00
61258.00
61292.00
61336.00
61327.00
61286.00
61246.00
61264.00
61316.00
61320.00
61270.00
61237.00
61262.00
61313.00
61313.00
61268.00
61233.00
61243.00
61303.00
61296.00
61249.00
61212.00
61233.00
61280.00
61292.00
61260.00
61218.00
61230.00
61282.00
61288.00
61254.00
61220.00
61227.00
61274.00
61286.00
61252.00
61213.00
61215.00
61265.00
61281.00
61234.00
61193.00
61204.00
61261.00
61278.00
61250.00
61196.00
61197.00
61242.00
61269.00
61229.00
61203.00
61196.00
61229.00
61260.00
61252.00
61192.00
61197.00
61230.00
61260.00
61258.00
61199.00
61191.00
61230.00
61269.00
61254.00
61222.00
61211.00
61239.00
61270.00
61251.00
61211.00
61202.00
61235.00
61268.00
61251.00
61214.00
61195.00
61229.00
61268.00
61250.00
61214.00
61192.00
61222.00
61260.00
61264.00
61219.00
61209.00
61236.00
61275.00
61257.00
61229.00
61201.00
61220.00
61270.00
61252.00
61228.00
61202.00
61212.00
61262.00
61266.00
61229.00
61196.00
61220.00
61258.00
61258.00
61228.00
61191.00
61214.00
61247.00
61268.00
61231.00
61198.00
61212.00
61246.00
61262.00
61226.00
61189.00
61204.00
61258.00
61275.00
61245.00
61202.00
61207.00
61266.00
61282.00
61256.00
61222.00
61231.00
61277.00
61306.00
61278.00
61241.00
61251.00
61301.00
61334.00
61308.00
61273.00
61269.00
61323.00
61369.00
61350.00
61311.00
61305.00
61351.00
61392.00
61386.00
61361.00
61353.00
61383.00
61437.00
61421.00
61380.00
61366.00
61423.00
61476.00
61469.00
61426.00
61407.00
61458.00
61501.00
61495.00
61461.00
61453.00
61493.00
61546.00
61545.00
61500.00
61479.00
61510.00
61562.00
61557.00
61531.00
61505.00
61540.00
61589.00
61590.00
61559.00
61517.00
61558.00
61597.00
61602.00
61585.00
61555.00
61575.00
61633.00
61640.00
61611.00
61581.00
61585.00
61639.00
61647.00
61611.00
61584.00
61593.00
61639.00
61655.00
61633.00
61587.00
61605.00
61654.00
61667.00
61647.00
61607.00
61609.00
61660.00
61687.00
61643.00
61616.00
61624.00
61662.00
61689.00
61667.00
61617.00
61614.00
61660.00
61690.00
61655.00
61606.00
61585.00
61624.00
61646.00
61618.00
61578.00
61557.00
61602.00
61636.00
61605.00
61564.00
61540.00
61576.00
61622.00
61593.00
61546.00
61531.00
61547.00
61602.00
61585.00
61542.00
61511.00
61539.00
61574.00
61570.00
61519.00
61488.00
61512.00
61557.00
61535.00
61493.00
61467.00
61482.00
61530.00
61526.00
61490.00
61439.00
61470.00
61508.00
61508.00
61473.00
61433.00
61448.00
61482.00
61487.00
61443.00
61397.00
61405.00
61443.00
61464.00
61411.00
61352.00
61365.00
61402.00
61421.00
61403.00
61340.00
61330.00
61382.00
61396.00
61366.00
61327.00
61333.00
61380.00
61399.00
61359.00
61306.00
61304.00
61341.00
61364.00
61341.00
61286.00
61277.00
61311.00
61337.00
61313.00
61270.00
61247.00
61288.00
61326.00
61291.00
61262.00
61236.00
61282.00
61313.00
61287.00
61238.00
61229.00
61242.00
61290.00
61270.00
61229.00
61214.00
61232.00
61279.00
61262.00
61222.00
61198.00
61229.00
61268.00
61258.00
61216.00
61194.00
61222.00
61268.00
61268.00
61229.00
61198.00
61209.00
61261.00
61268.00
61215.00
61198.00
61216.00
61266.00
61275.00
61239.00
61201.00
61224.00
61265.00
61275.00
61239.00
61215.00
61220.00
61262.00
61283.00
61253.00
61221.00
61220.00
61258.00
61277.00
61253.00
61209.00
61213.00
61258.00
61284.00
61258.00
61222.00
61216.00
61254.00
61274.00
61242.00
61212.00
61199.00
61237.00
61286.00
61238.00
61213.00
61208.00
61243.00
61288.00
61256.00
61218.00
61208.00
61245.00
61285.00
61270.00
61230.00
61225.00
61258.00
61301.00
61290.00
61254.00
61245.00
61271.00
61329.00
61328.00
61286.00
61276.00
61298.00
61357.00
61359.00
61331.00
61315.00
61343.00
61404.00
61418.00
61383.00
61366.00
61393.00
61456.00
61469.00
61430.00
61406.00
61440.00
61499.00
61500.00
61483.00
61448.00
61462.00
61519.00
61553.00
61525.00
61490.00
61493.00
61553.00
61573.00
61549.00
61510.00
61516.00
61565.00
61604.00
61575.00
61526.00
61532.00
61587.00
61612.00
61589.00
61546.00
61559.00
61597.00
61657.00
61637.00
61592.00
61577.00
61609.00
61651.00
61634.00
61593.00
61593.00
61620.00
61671.00
61647.00
61610.00
61587.00
61624.00
61665.00
61652.00
61609.00
61597.00
61623.00
61669.00
61657.00
61620.00
61591.00
61605.00
61665.00
61642.00
61592.00
61559.00
61569.00
61619.00
61615.00
61576.00
61534.00
61547.00
61586.00
61587.00
61547.00
61493.00
61517.00
61568.00
61570.00
61530.00
61491.00
61492.00
61552.00
61548.00
61511.00
61477.00
61467.00
61509.00
61534.00
61500.00
61435.00
61461.00
61500.00
61527.00
61486.00
61429.00
61430.00
61471.00
61486.00
61446.00
61401.00
61382.00
61407.00
61444.00
61403.00
61358.00
61354.00
61391.00
61428.00
61386.00
61340.00
61325.00
61359.00
61394.00
61382.00
61331.00
61317.00
61356.00
61387.00
61363.00
61325.00
61312.00
61329.00
61369.00
61356.00
61307.00
61278.00
61295.00
61344.00
61329.00
61287.00
61246.00
61269.00
61321.00
61322.00
61274.00
61242.00
61253.00
61297.00
61296.00
61265.00
61222.00
61237.00
61282.00
61281.00
61245.00
61209.00
61224.00
61261.00
61275.00
61237.00
61196.00
61219.00
61258.00
61272.00
61238.00
61205.00
61207.00
61251.00
61269.00
61253.00
61199.00
61201.00
61246.00
61275.00
61258.00
61215.00
61205.00
61257.00
61279.00
61260.00
61212.00
61221.00
61251.00
61288.00
61272.00
61238.00
61226.00
61246.00
61275.00
61264.00
61229.00
61219.00
61231.00
61267.00
61253.00
61221.00
61193.00
61216.00
61274.00
61249.00
61213.00
61196.00
61224.00
61271.00
61269.00
61230.00
61210.00
61227.00
61282.00
61285.00
61250.00
61216.00
61236.00
61299.00
61310.00
61276.00
61249.00
61265.00
61320.00
61338.00
61308.00
61268.00
61286.00
61343.00
61359.00
61336.00
61288.00
61320.00
61375.00
61411.00
61392.00
61362.00
61365.00
61423.00
61465.00
61454.00
61425.00
61423.00
61469.00
61516.00
61501.00
61464.00
61464.00
61500.00
61553.00
61539.00
61494.00
61490.00
61550.00
61597.00
61577.00
61528.00
61521.00
61547.00
61602.00
61587.00
61554.00
61536.00
61567.00
61615.00
61609.00
61565.00
61545.00
61578.00
61618.00
61617.00
61593.00
61574.00
61616.00
61667.00
61670.00
61626.00
61588.00
61617.00
61675.00
61690.00
61640.00
61604.00
61624.00
61664.00
61697.00
61654.00
61614.00
61625.00
61667.00
61699.00
61669.00
61633.00
61631.00
61676.00
61691.00
61672.00
61625.00
61626.00
61667.00
61688.00
61655.00
61597.00
61594.00
61623.00
61641.00
61621.00
61579.00
61559.00
61593.00
61621.00
61597.00
61539.00
61532.00
61552.00
61591.00
61579.00
61525.00
61494.00
61531.00
61570.00
61550.00
61505.00
61478.00
61496.00
61540.00
61536.00
61476.00
61448.00
61465.00
61517.00
61507.00
61464.00
61420.00
61430.00
61484.00
61473.00
61437.00
61392.00
61401.00
61442.00
61429.00
61390.00
61342.00
61361.00
61413.00
61421.00
61379.00
61334.00
61337.00
61389.00
61406.00
61371.00
61331.00
61308.00
61362.00
61380.00
61335.00
61302.00
61294.00
61326.00
61357.00
61325.00
61276.00
61266.00
61289.00
61338.00
61308.00
61267.00
61251.00
61269.00
61319.00
61296.00
61254.00
61229.00
61258.00
61303.00
61276.00
61234.00
61218.00
61251.00
61290.00
61271.00
61233.00
61199.00
61226.00
61274.00
61253.00
61229.00
61207.00
61221.00
61272.00
61276.00
61239.00
61206.00
61214.00
61265.00
61269.00
61238.00
61213.00
61215.00
61266.00
61284.00
61253.00
61210.00
61225.00
61257.00
61279.00
61243.00
61213.00
61207.00
61243.00
61271.00
61254.00
61217.00
61209.00
61249.00
61288.00
61262.00
61223.00
61220.00
61267.00
61306.00
61283.00
61235.00
61223.00
61258.00
61309.00
61293.00
61256.00
61244.00
61296.00
61338.00
61329.00
61294.00
61274.00
61302.00
61358.00
61350.00
61324.00
61303.00
61345.00
61402.00
61417.00
61387.00
61378.00
61402.00
61451.00
61466.00
61444.00
61422.00
61443.00
61509.00
61522.00
61497.00
61468.00
61482.00
61526.00
61542.00
61537.00
61507.00
61499.00
61554.00
61594.00
61555.00
61517.00
61524.00
61575.00
61592.00
61569.00
61546.00
61533.00
61566.00
61604.00
61594.00
61558.00
61547.00
61597.00
61641.00
61609.00
61568.00
61583.00
61631.00
61675.00
61643.00
61602.00
61593.00
61617.00
61676.00
61660.00
61613.00
61588.00
61616.00
61663.00
61645.00
61621.00
61590.00
61625.00
61674.00
61667.00
61626.00
61611.00
61603.00
61668.00
61663.00
61612.00
61583.00
61592.00
61636.00
61631.00
61584.00
61549.00
61543.00
61586.00
61596.00
61570.00
61513.00
61519.00
61562.00
61580.00
61538.00
61494.00
61494.00
61546.00
61551.00
61527.00
61474.00
61476.00
61532.00
61546.00
61524.00
61471.00
61453.00
61500.00
61512.00
61477.00
61444.00
61422.00
61462.00
61489.00
61447.00
61403.00
61369.00
61408.00
61435.00
61399.00
61368.00
61358.00
61381.00
61424.00
61389.00
61344.00
61321.00
61343.00
61394.00
61381.00
61329.00
61303.00
61322.00
61373.00
61371.00
61324.00
61288.00
61305.00
61341.00
61340.00
61300.00
61265.00
61276.00
61314.00
61314.00
61279.00
61251.00
61256.00
61300.00
61304.00
61285.00
61231.00
61234.00
61279.00
61290.00
61268.00
61224.00
61217.00
61262.00
61281.00
61245.00
61204.00
61204.00
61251.00
61279.00
61250.00
61213.00
61207.00
61252.00
61280.00
61253.00
61219.00
61200.00
61242.00
61267.00
61249.00
61219.00
61224.00
61242.00
61282.00
61272.00
61230.00
61226.00
61246.00
61289.00
61277.00
61232.00
61212.00
61228.00
61280.00
61274.00
61237.00
61210.00
61232.00
61274.00
61273.00
61241.00
61213.00
61227.00
61266.00
61284.00
61247.00
61224.00
61234.00
61281.00
61292.00
61258.00
61222.00
61249.00
61299.00
61308.00
61287.00
61244.00
61257.00
61307.00
61341.00
61313.00
61282.00
61278.00
61334.00
61375.00
61348.00
61320.00
61335.00
61385.00
61429.00
61421.00
61370.00
61387.00
61442.00
61482.00
61468.00
61442.00
61440.00
61480.00
61547.00
61527.00
61481.00
61483.00
61523.00
61576.00
61568.00
61534.00
61518.00
61541.00
61599.00
61589.00
61554.00
61532.00
61558.00
61613.00
61603.00
61571.00
61552.00
61564.00
61641.00
61653.00
61618.00
61583.00
61601.00
61649.00
61654.00
61620.00
61591.00
61610.00
61658.00
61666.00
61625.00
61596.00
61612.00
61667.00
61698.00
61663.00
61623.00
61640.00
61666.00
61695.00
61655.00
61624.00
61624.00
61657.00
61683.00
61648.00
61596.00
61587.00
61620.00
61639.00
61600.00
61561.00
61549.00
61589.00
61611.00
61579.00
61543.00
61514.00
61543.00
61584.00
61558.00
61522.00
61507.00
61527.00
61574.00
61548.00
61493.00
61482.00
61499.00
61547.00
61537.00
61482.00
61453.00
61470.00
61505.00
61501.00
61446.00
61386.00
61399.00
61453.00
61440.00
61403.00
61366.00
61373.00
61429.00
61425.00
61387.00
61337.00
61349.00
61389.00
61404.00
61371.00
61327.00
61333.00
61370.00
61380.00
61351.00
61307.00
61315.00
61348.00
61356.00
61331.00
61285.00
61285.00
61323.00
61350.00
61321.00
61275.00
61282.00
61309.00
61334.00
61307.00
61255.00
61247.00
61304.00
61317.00
61294.00
61254.00
61236.00
61270.00
61302.00
61282.00
61241.00
61217.00
61258.00
61285.00
61271.00
61229.00
61210.00
61243.00
61276.00
61264.00
61222.00
61205.00
61221.00
61269.00
61250.00
61218.00
61206.00
61231.00
61280.00
61269.00
61231.00
61206.00
61235.00
61264.00
61261.00
61234.00
61203.00
61210.00
61263.00
61268.00
61229.00
61199.00
61213.00
61252.00
61257.00
61237.00
61198.00
61222.00
61264.00
61285.00
61249.00
61217.00
61215.00
61260.00
61283.00
61258.00
61219.00
61233.00
61268.00
61307.00
61278.00
61244.00
61244.00
61283.00
61323.00
61312.00
61272.00
61273.00
61322.00
61357.00
61352.00
61307.00
61299.00
61349.00
61405.00
61388.00
61365.00
61358.00
61416.00
61457.00
61455.00
61425.00
61411.00
61452.00
61509.00
61509.00
61466.00
61451.00
61493.00
61539.00
61540.00
61496.00
61476.00
61509.00
61578.00
61576.00
61540.00
61520.00
61533.00
61597.00
61597.00
61556.00
61524.00
61548.00
61604.00
61590.00
61572.00
61524.00
61546.00
61599.00
61616.00
61591.00
61554.00
61585.00
61652.00
61663.00
61632.00
61579.00
61602.00
61642.00
61660.00
61643.00
61611.00
61611.00
61647.00
61674.00
61646.00
61599.00
61588.00
61641.00
61672.00
61650.00
61600.00
61610.00
61647.00
61683.00
61667.00
61619.00
61604.00
61629.00
61669.00
61636.00
61584.00
61571.00
61593.00
61635.00
61615.00
61565.00
61545.00
61562.00
61605.00
61579.00
61537.00
61514.00
61529.00
61580.00
61571.00
61522.00
61493.00
61509.00
61546.00
61544.00
61501.00
61467.00
61486.00
61542.00
61536.00
61495.00
61452.00
61461.00
61502.00
61495.00
61440.00
61369.00
61375.00
61434.00
61451.00
61412.00
61361.00
61369.00
61414.00
61416.00
61378.00
61338.00
61332.00
61376.00
61404.00
61373.00
61325.00
61314.00
61349.00
61375.00
61351.00
61289.00
61291.00
61323.00
61349.00
61315.00
61274.00
61259.00
61298.00
61337.00
61305.00
61246.00
61244.00
61278.00
61310.00
61300.00
61238.00
61222.00
61255.00
61289.00
61267.00
61224.00
61208.00
61219.00
61259.00
61255.00
61223.00
61188.00
61220.00
61265.00
61253.00
61223.00
61192.00
61211.00
61263.00
61266.00
61228.00
61193.00
61227.00
61258.00
61257.00
61232.00
61199.00
61225.00
61267.00
61273.00
61241.00
61202.00
61225.00
61276.00
61273.00
61245.00
61203.00
61205.00
61243.00
61260.00
61239.00
61187.00
61207.00
61237.00
61271.00
61240.00
61201.00
61204.00
61239.00
61265.00
61239.00
61193.00
61198.00
61241.00
61285.00
61262.00
61216.00
61214.00
61253.00
61293.00
61275.00
61243.00
61241.00
61286.00
61336.00
61319.00
61272.00
61274.00
61310.00
61375.00
61363.00
61330.00
61320.00
61365.00
61433.00
61422.00
61405.00
61388.00
61433.00
61497.00
61494.00
61460.00
61459.00
61501.00
61559.00
61564.00
61525.00
61502.00
61518.00
61578.00
61593.00
61548.00
61530.00
61534.00
61602.00
61601.00
61566.00
61541.00
61556.00
61593.00
61620.00
61586.00
61561.00
61563.00
61620.00
61639.00
61620.00
61605.00
61608.00
61654.00
61682.00
61644.00
61605.00
61602.00
61654.00
61680.00
61665.00
61616.00
61612.00
61653.00
61674.00
61659.00
61617.00
61610.00
61654.00
61685.00
61668.00
61623.00
61620.00
61653.00
61687.00
61664.00
61619.00
61588.00
61629.00
61660.00
61637.00
61588.00
61557.00
61583.00
61629.00
61613.00
61571.00
61541.00
61556.00
61599.00
61579.00
61537.00
61513.00
61535.00
61577.00
61567.00
61536.00
61494.00
61507.00
61542.00
61544.00
61517.00
61465.00
61487.00
61540.00
61537.00
61490.00
61434.00
61431.00
61479.00
61468.00
61417.00
61367.00
61378.00
61411.00
61443.00
61397.00
61354.00
61344.00
61398.00
61406.00
61374.00
61321.00
61338.00
61356.00
61393.00
61358.00
61311.00
61300.00
61344.00
61359.00
61328.00
61277.00
61277.00
61313.00
61343.00
61314.00
61250.00
61242.00
61280.00
61311.00
61299.00
61252.00
61229.00
61255.00
61304.00
61285.00
61240.00
61214.00
61239.00
61280.00
61266.00
61216.00
61196.00
61212.00
61266.00
61252.00
61224.00
61192.00
61218.00
61267.00
61266.00
61245.00
61219.00
61246.00
61289.00
61305.00
61273.00
61245.00
61256.00
61293.00
61298.00
61264.00
61237.00
61243.00
61281.00
61288.00
61257.00
61221.00
61219.00
61255.00
61269.00
61242.00
61202.00
61206.00
61242.00
61268.00
61252.00
61206.00
61206.00
61255.00
61271.00
61249.00
61210.00
61212.00
61241.00
61277.00
61252.00
61217.00
61207.00
61263.00
61304.00
61293.00
61254.00
61249.00
61293.00
61339.00
61323.00
61278.00
61264.00
61307.00
61366.00
61362.00
61334.00
61309.00
61350.00
61414.00
61415.00
61381.00
61370.00
61407.00
61477.00
61483.00
61448.00
61417.00
61459.00
61520.00
61537.00
61509.00
61488.00
61514.00
61572.00
61592.00
61564.00
61524.00
61533.00
61603.00
61617.00
61592.00
61544.00
61556.00
61605.00
61621.00
61596.00
61555.00
61561.00
61618.00
61635.00
61618.00
61583.00
61579.00
61639.00
61667.00
61638.00
61627.00
61623.00
61673.00
61708.00
61682.00
61636.00
61639.00
61665.00
61725.00
61699.00
61667.00
61649.00
61664.00
61714.00
61699.00
61644.00
61627.00
61655.00
61703.00
61686.00
61646.00
61613.00
61635.00
61670.00
61652.00
61605.00
61577.00
61599.00
61639.00
61641.00
61594.00
61567.00
61585.00
61635.00
61627.00
61580.00
61534.00
61555.00
61594.00
61595.00
61545.00
61511.00
61525.00
61565.00
61569.00
61535.00
61491.00
61482.00
61520.00
61540.00
61503.00
61445.00
61451.00
61483.00
61515.00
61464.00
61412.00
61413.00
61446.00
61472.00
61444.00
61380.00
61366.00
61420.00
61461.00
61421.00
61370.00
61358.00
61389.00
61421.00
61397.00
61346.00
61334.00
61364.00
61410.00
61385.00
61348.00
61318.00
61341.00
61391.00
61362.00
61318.00
61286.00
61320.00
61360.00
61344.00
61291.00
61264.00
61290.00
61330.00
61325.00
61277.00
61250.00
61258.00
61307.00
61311.00
61256.00
61224.00
61246.00
61286.00
61293.00
61247.00
61210.00
61219.00
61264.00
61254.00
61242.00
61197.00
61205.00
61246.00
61265.00
61232.00
61210.00
61215.00
61258.00
61286.00
61263.00
61232.00
61219.00
61263.00
61303.00
61287.00
61250.00
61242.00
61274.00
61314.00
61289.00
61234.00
61228.00
61253.00
61287.00
61274.00
61231.00
61210.00
61235.00
61269.00
61249.00
61215.00
61196.00
61226.00
61285.00
61266.00
61225.00
61201.00
61224.00
61279.00
61276.00
61226.00
61201.00
61243.00
61291.00
61288.00
61263.00
61238.00
61264.00
61309.00
61323.00
61291.00
61272.00
61282.00
61347.00
61366.00
61346.00
61310.00
61334.00
61400.00
61438.00
61410.00
61390.00
61397.00
61458.00
61486.00
61467.00
61444.00
61460.00
61520.00
61552.00
61539.00
61499.00
61508.00
61547.00
61598.00
61583.00
61538.00
61518.00
61570.00
61599.00
61586.00
61555.00
61545.00
61571.00
61629.00
61615.00
61571.00
61551.00
61588.00
61630.00
61634.00
61589.00
61597.00
61639.00
61696.00
61684.00
61648.00
61614.00
61645.00
61688.00
61679.00
61637.00
61611.00
61632.00
61675.00
61684.00
61641.00
61620.00
61627.00
61671.00
61674.00
61646.00
61602.00
61607.00
61668.00
61675.00
61639.00
61591.00
61588.00
61638.00
61643.00
61607.00
61555.00
61557.00
61594.00
61620.00
61577.00
61524.00
61518.00
61561.00
61580.00
61553.00
61505.00
61497.00
61523.00
61563.00
61544.00
61496.00
61489.00
61520.00
61549.00
61520.00
61476.00
61445.00
61475.00
61502.00
61485.00
61423.00
61398.00
61430.00
61454.00
61416.00
61360.00
61348.00
61369.00
61424.00
61401.00
61357.00
61341.00
61353.00
61395.00
61388.00
61344.00
61308.00
61315.00
61353.00
61358.00
61303.00
61276.00
61300.00
61339.00
61332.00
61298.00
61251.00
61259.00
61310.00
61316.00
61273.00
61243.00
61245.00
61290.00
61299.00
61265.00
61224.00
61225.00
61267.00
61275.00
61246.00
61211.00
61208.00
61231.00
61277.00
61252.00
61221.00
61210.00
61248.00
61290.00
61279.00
61241.00
61228.00
61265.00
61314.00
61290.00
61271.00
61260.00
61293.00
61337.00
61312.00
61275.00
61248.00
61286.00
61328.00
61318.00
61280.00
61256.00
61260.00
61305.00
61290.00
61248.00
61215.00
61225.00
61268.00
61260.00
61215.00
61199.00
61210.00
61257.00
61259.00
61231.00
61193.00
61214.00
61267.00
61271.00
61236.00
61206.00
61216.00
61275.00
61285.00
61264.00
61234.00
61239.00
61301.00
61310.00
61291.00
61262.00
61265.00
61319.00
61352.00
61337.00
61291.00
61310.00
61368.00
61409.00
61389.00
61357.00
61355.00
61416.00
61466.00
61437.00
61421.00
61417.00
61471.00
61522.00
61512.00
61475.00
61466.00
61488.00
61551.00
61540.00
61497.00
61485.00
61534.00
61581.00
61567.00
61519.00
61507.00
61544.00
61605.00
61590.00
61555.00
61531.00
61553.00
61606.00
61611.00
61578.00
61550.00
61565.00
61650.00
61664.00
61642.00
61601.00
61614.00
61666.00
61683.00
61651.00
61609.00
61621.00
61663.00
61682.00
61655.00
61617.00
61629.00
61672.00
61699.00
61658.00
61628.00
61637.00
61677.00
61704.00
61676.00
61626.00
61619.00
61668.00
61690.00
61655.00
61610.00
61588.00
61634.00
61649.00
61637.00
61579.00
61568.00
61602.00
61636.00
61604.00
61559.00
61538.00
61571.00
61611.00
61588.00
61535.00
61504.00
61536.00
61587.00
61568.00
61512.00
61484.00
61514.00
61566.00
61542.00
61501.00
61465.00
61487.00
61535.00
61529.00
61480.00
61449.00
61463.00
61503.00
61496.00
61451.00
61396.00
61413.00
61454.00
61463.00
61416.00
61362.00
61368.00
61413.00
61419.00
61377.00
61334.00
61342.00
61386.00
61400.00
61369.00
61327.00
61334.00
61368.00
61378.00
61345.00
61293.00
61293.00
61348.00
61360.00
61320.00
61274.00
61273.00
61297.00
61328.00
61303.00
61256.00
61250.00
61280.00
61319.00
61287.00
61246.00
61226.00
61263.00
61302.00
61280.00
61232.00
61210.00
61229.00
61281.00
61255.00
61214.00
61190.00
61223.00
61265.00
61261.00
61222.00
61214.00
61244.00
61293.00
61280.00
61255.00
61228.00
61257.00
61303.00
61306.00
61274.00
61246.00
61270.00
61308.00
61306.00
61270.00
61231.00
61238.00
61289.00
61271.00
61246.00
61215.00
61213.00
61261.00
61265.00
61239.00
61195.00
61204.00
61248.00
61263.00
61239.00
61194.00
61203.00
61249.00
61285.00
61252.00
61209.00
61211.00
61254.00
61286.00
61263.00
61235.00
61230.00
61269.00
61321.00
61293.00
61261.00
61256.00
61299.00
61344.00
61342.00
61297.00
61305.00
61346.00
61402.00
61389.00
61357.00
61354.00
61393.00
61454.00
61449.00
61423.00
61420.00
61464.00
61518.00
61519.00
61493.00
61469.00
61497.00
61566.00
61566.00
61542.00
61503.00
61531.00
61609.00
61607.00
61573.00
61539.00
61548.00
61600.00
61609.00
61585.00
61541.00
61564.00
61617.00
61638.00
61603.00
61577.00
61585.00
61637.00
61688.00
61672.00
61622.00
61621.00
61675.00
61694.00
61674.00
61630.00
61624.00
61680.00
61698.00
61680.00
61626.00
61630.00
61657.00
61701.00
61678.00
61644.00
61636.00
61673.00
61725.00
61691.00
61648.00
61633.00
61663.00
61698.00
61676.00
61622.00
61609.00
61623.00
61681.00
61642.00
61601.00
61577.00
61608.00
61651.00
61629.00
61588.00
61563.00
61577.00
61623.00
61618.00
61575.00
61530.00
61556.00
61592.00
61591.00
61550.00
61508.00
61524.00
61579.00
61578.00
61543.00
61492.00
61501.00
61536.00
61542.00
61494.00
61460.00
61467.00
61510.00
61528.00
61501.00
61449.00
61457.00
61487.00
61500.00
61458.00
61417.00
61410.00
61451.00
61464.00
61449.00
61383.00
61370.00
61415.00
61444.00
61403.00
61356.00
61346.00
61375.00
61419.00
61385.00
61335.00
61313.00
61357.00
61389.00
61355.00
61307.00
61284.00
61315.00
61356.00
61345.00
61293.00
61277.00
61304.00
61337.00
61322.00
61276.00
61257.00
61277.00
61319.00
61299.00
61260.00
61240.00
61261.00
61309.00
61297.00
61257.00
61222.00
61233.00
61285.00
61276.00
61246.00
61195.00
61228.00
61261.00
61280.00
61238.00
61219.00
61208.00
61253.00
61269.00
61248.00
61205.00
61215.00
61257.00
61275.00
61244.00
61201.00
61212.00
61251.00
61275.00
61261.00
61215.00
61221.00
61251.00
61271.00
61255.00
61205.00
61202.00
61245.00
61266.00
61256.00
61207.00
61199.00
61226.00
61279.00
61263.00
61214.00
61198.00
61241.00
61292.00
61273.00
61230.00
61220.00
61235.00
61293.00
61279.00
61246.00
61225.00
61257.00
61313.00
61314.00
61274.00
61250.00
61279.00
61341.00
61345.00
61310.00
61283.00
61310.00
61376.00
61385.00
61368.00
61342.00
61362.00
61431.00
61449.00
61433.00
61399.00
61428.00
61484.00
61517.00
61489.00
61458.00
61466.00
61522.00
61534.00
61505.00
61478.00
61476.00
61537.00
61565.00
61545.00
61506.00
61513.00
61559.00
61605.00
61578.00
61536.00
61542.00
61596.00
61627.00
61605.00
61564.00
61555.00
61587.00
61639.00
61607.00
61588.00
61571.00
61615.00
61666.00
61645.00
61630.00
61632.00
61663.00
61694.00
61675.00
61651.00
61619.00
61662.00
61701.00
61685.00
61646.00
61611.00
61641.00
61700.00
61679.00
61652.00
61616.00
61641.00
61678.00
61694.00
61657.00
61615.00
61631.00
61668.00
61675.00
61628.00
61593.00
61604.00
61648.00
61651.00
61617.00
61561.00
61572.00
61613.00
61621.00
61595.00
61542.00
61545.00
61583.00
61602.00
61568.00
61519.00
61503.00
61553.00
61580.00
61550.00
61490.00
61490.00
61534.00
61568.00
61539.00
61483.00
61470.00
61508.00
61535.00
61522.00
61465.00
61458.00
61480.00
61533.00
61501.00
61455.00
61419.00
61463.00
61503.00
61487.00
61424.00
61393.00
61430.00
61465.00
61451.00
61407.00
61371.00
61384.00
61433.00
61423.00
61374.00
61343.00
61363.00
61417.00
61411.00
61352.00
61313.00
61329.00
61370.00
61385.00
61344.00
61304.00
61304.00
61356.00
61366.00
61328.00
61284.00
61289.00
61334.00
61343.00
61298.00
61250.00
61267.00
61314.00
61332.00
61296.00
61248.00
61246.00
61284.00
61322.00
61289.00
61236.00
61236.00
61275.00
61296.00
61268.00
61222.00
61221.00
61250.00
61285.00
61258.00
61210.00
61210.00
61244.00
61287.00
61267.00
61223.00
61221.00
61232.00
61284.00
61261.00
61226.00
61218.00
61244.00
61286.00
61271.00
61252.00
61224.00
61242.00
61286.00
61283.00
61246.00
61228.00
61230.00
61281.00
61279.00
61246.00
61222.00
61232.00
61269.00
61281.00
61246.00
61209.00
61212.00
61267.00
61279.00
61253.00
61219.00
61227.00
61275.00
61298.00
61252.00
61215.00
61228.00
61264.00
61295.00
61277.00
61226.00
61233.00
61295.00
61319.00
61297.00
61263.00
61267.00
61308.00
61361.00
61333.00
61291.00
61300.00
61349.00
61404.00
61384.00
61354.00
61354.00
61414.00
61459.00
61452.00
61411.00
61416.00
61466.00
61524.00
61519.00
61489.00
61469.00
61510.00
61574.00
61572.00
61533.00
61521.00
61555.00
61621.00
61616.00
61572.00
61544.00
61575.00
61624.00
61620.00
61586.00
61553.00
61575.00
61642.00
61643.00
61615.00
61566.00
61586.00
61643.00
61662.00
61620.00
61596.00
61613.00
61689.00
61709.00
61686.00
61638.00
61651.00
61692.00
61708.00
61681.00
61630.00
61637.00
61672.00
61694.00
61655.00
61628.00
61625.00
61677.00
61699.00
61673.00
61609.00
61618.00
61649.00
61688.00
61650.00
61618.00
61602.00
61624.00
61658.00
61633.00
61579.00
61563.00
61590.00
61617.00
61593.00
61543.00
61524.00
61544.00
61576.00
61575.00
61514.00
61504.00
61526.00
61554.00
61546.00
61502.00
61475.00
61500.00
61542.00
61535.00
61491.00
61458.00
61488.00
61526.00
61516.00
61472.00
61433.00
61451.00
61493.00
61493.00
61448.00
61402.00
61403.00
61437.00
61446.00
61400.00
61334.00
61348.00
61401.00
61413.00
61378.00
61337.00
61338.00
61378.00
61399.00
61351.00
61311.00
61304.00
61347.00
61368.00
61335.00
61290.00
61269.00
61318.00
61333.00
61309.00
61260.00
61255.00
61283.00
61327.00
61288.00
61242.00
61237.00
61277.00
61299.00
61277.00
61229.00
61201.00
61235.00
61270.00
61261.00
61214.00
61203.00
61219.00
61255.00
61253.00
61220.00
61196.00
61231.00
61278.00
61274.00
61243.00
61217.00
61233.00
61281.00
61281.00
61246.00
61215.00
61237.00
61283.00
61285.00
61251.00
61217.00
61220.00
61274.00
61271.00
61244.00
61194.00
61210.00
61244.00
61253.00
61212.00
61189.00
61189.00
61241.00
61259.00
61227.00
61186.00
61198.00
61246.00
61265.00
61242.00
61215.00
61195.00
61249.00
61274.00
61254.00
61217.00
61213.00
61264.00
61300.00
61278.00
61240.00
61237.00
61295.00
61341.00
61323.00
61276.00
61276.00
61315.00
61354.00
61359.00
61313.00
61306.00
61367.00
61419.00
61415.00
61383.00
61370.00
61432.00
61486.00
61487.00
61452.00
61432.00
61491.00
61543.00
61548.00
61526.00
61495.00
61523.00
61567.00
61574.00
61552.00
61534.00
61555.00
61604.00
61627.00
61595.00
61558.00
61586.00
61633.00
61644.00
61614.00
61568.00
61594.00
61643.00
61662.00
61631.00
61591.00
61603.00
61684.00
61711.00
61683.00
61621.00
61643.00
61679.00
61714.00
61678.00
61642.00
61642.00
61674.00
61707.00
61678.00
61629.00
61624.00
61666.00
61710.00
61683.00
61631.00
61637.00
61667.00
61696.00
61667.00
61620.00
61607.00
61641.00
61677.00
61660.00
61603.00
61587.00
61608.00
61648.00
61624.00
61572.00
61543.00
61572.00
61593.00
61583.00
61544.00
61514.00
61532.00
61577.00
61566.00
61520.00
61484.00
61503.00
61551.00
61545.00
61501.00
61470.00
61486.00
61541.00
61535.00
61495.00
61448.00
61456.00
61503.00
61496.00
61457.00
61398.00
61411.00
61453.00
61446.00
61400.00
61357.00
61362.00
61406.00
61426.00
61396.00
61337.00
61329.00
61377.00
61395.00
61373.00
61328.00
61320.00
61355.00
61376.00
61345.00
61300.00
61298.00
61333.00
61366.00
61325.00
61276.00
61270.00
61297.00
61335.00
61301.00
61264.00
61246.00
61280.00
61320.00
61299.00
61252.00
61230.00
61262.00
61289.00
61273.00
61224.00
61205.00
61228.00
61282.00
61269.00
61230.00
61206.00
61222.00
61270.00
61264.00
61238.00
61204.00
61227.00
61277.00
61291.00
61259.00
61228.00
61252.00
61309.00
61316.00
61286.00
61256.00
61279.00
61322.00
61333.00
61293.00
61260.00
61279.00
61314.00
61305.00
61270.00
61238.00
61227.00
61262.00
61270.00
61250.00
61210.00
61204.00
61241.00
61267.00
61234.00
61201.00
61190.00
61247.00
61272.00
61249.00
61206.00
61213.00
61254.00
61286.00
61263.00
61228.00
61219.00
61267.00
61316.00
61290.00
61258.00
61244.00
61290.00
61337.00
61323.00
61286.00
61280.00
61323.00
61383.00
61379.00
61348.00
61342.00
61390.00
61455.00
61454.00
61411.00
61398.00
61441.00
61505.00
61505.00
61469.00
61462.00
61498.00
61556.00
61552.00
61524.00
61493.00
61517.00
61595.00
61594.00
61554.00
61537.00
61543.00
61612.00
61621.00
61588.00
61540.00
61563.00
61629.00
61634.00
61596.00
61572.00
61580.00
61639.00
61659.00
61630.00
61593.00
61599.00
61654.00
61676.00
61644.00
61606.00
61608.00
61650.00
61692.00
61670.00
61627.00
61634.00
61666.00
61698.00
61677.00
61637.00
61625.00
61663.00
61689.00
61677.00
61618.00
61617.00
61643.00
61681.00
61660.00
61611.00
61594.00
61615.00
61661.00
61634.00
61584.00
61569.00
61596.00
61655.00
61630.00
61587.00
61546.00
61567.00
61603.00
61595.00
61543.00
61506.00
61516.00
61559.00
61551.00
61509.00
61457.00
61474.00
61530.00
61519.00
61464.00
61412.00
61434.00
61480.00
61480.00
61445.00
61391.00
61401.00
61441.00
61429.00
61396.00
61354.00
61354.00
61402.00
61412.00
61378.00
61334.00
61327.00
61381.00
61394.00
61359.00
61307.00
61310.00
61336.00
61352.00
61318.00
61275.00
61268.00
61318.00
61350.00
61310.00
61261.00
61252.00
61288.00
61316.00
61298.00
61260.00
61241.00
61281.00
61318.00
61289.00
61243.00
61224.00
61231.00
61286.00
61272.00
61225.00
61194.00
61247.00
61283.00
61280.00
61232.00
61212.00
61235.00
61271.00
61293.00
61263.00
61230.00
61255.00
61301.00
61314.00
61289.00
61272.00
61293.00
61345.00
61359.00
61310.00
61311.00
61315.00
61359.00
61372.00
61338.00
61292.00
61313.00
61346.00
61354.00
61313.00
61266.00
61261.00
61294.00
61316.00
61258.00
61224.00
61219.00
61260.00
61275.00
61243.00
61205.00
61200.00
61239.00
61269.00
61255.00
61207.00
61200.00
61248.00
61285.00
61257.00
61228.00
61225.00
61271.00
61313.00
61285.00
61247.00
61250.00
61289.00
61344.00
61333.00
61287.00
61280.00
61312.00
61379.00
61384.00
61349.00
61329.00
61380.00
61440.00
61444.00
61422.00
61401.00
61443.00
61515.00
61507.00
61487.00
61477.00
61513.00
61570.00
61577.00
61547.00
61532.00
61574.00
61645.00
61646.00
61610.00
61569.00
61592.00
61650.00
61661.00
61624.00
61591.00
61597.00
61656.00
61663.00
61634.00
61602.00
61617.00
61657.00
61678.00
61653.00
61618.00
61625.00
61673.00
61697.00
61671.00
61639.00
61645.00
61688.00
61712.00
61685.00
61643.00
61644.00
61682.00
61718.00
61692.00
61641.00
61635.00
61674.00
61702.00
61680.00
61633.00
61615.00
61641.00
61672.00
61648.00
61596.00
61575.00
61606.00
61656.00
61647.00
61597.00
61577.00
61595.00
61639.00
61627.00
61567.00
61549.00
61575.00
61629.00
61596.00
61561.00
61528.00
61545.00
61579.00
61572.00
61526.00
61498.00
61523.00
61576.00
61582.00
61533.00
61492.00
61501.00
61538.00
61548.00
61496.00
61450.00
61457.00
61509.00
61497.00
61473.00
61414.00
61417.00
61468.00
61475.00
61445.00
61388.00
61383.00
61426.00
61448.00
61410.00
61362.00
61356.00
61402.00
61426.00
61387.00
61336.00
61328.00
61374.00
61402.00
61364.00
61319.00
61312.00
61349.00
61378.00
61351.00
61298.00
61280.00
61315.00
61351.00
61334.00
61278.00
61254.00
61291.00
61335.00
61300.00
61265.00
61234.00
61270.00
61310.00
61299.00
61238.00
61215.00
61248.00
61280.00
61263.00
61228.00
61200.00
61224.00
61271.00
61254.00
61217.00
61201.00
61227.00
61274.00
61264.00
61255.00
61218.00
61241.00
61288.00
61306.00
61271.00
61243.00
61253.00
61305.00
61315.00
61280.00
61258.00
61260.00
61299.00
61304.00
61278.00
61242.00
61239.00
61286.00
61292.00
61258.00
61214.00
61213.00
61250.00
61269.00
61243.00
61189.00
61188.00
61226.00
61261.00
61238.00
61204.00
61193.00
61237.00
61269.00
61244.00
61204.00
61206.00
61242.00
61277.00
61259.00
61228.00
61214.00
61258.00
61297.00
61290.00
61251.00
61235.00
61280.00
61327.00
61319.00
61275.00
61268.00
61312.00
61371.00
61361.00
61336.00
61309.00
61353.00
61425.00
61425.00
61401.00
61369.00
61413.00
61479.00
61475.00
61450.00
61428.00
61466.00
61529.00
61547.00
61505.00
61481.00
61508.00
61565.00
61596.00
61568.00
61530.00
61546.00
61615.00
61627.00
61589.00
61556.00
61572.00
61627.00
61652.00
61617.00
61575.00
61581.00
61638.00
61661.00
61633.00
61592.00
61596.00
61643.00
61679.00
61661.00
61623.00
61617.00
61658.00
61697.00
61669.00
61637.00
61622.00
61668.00
61710.00
61686.00
61640.00
61627.00
61669.00
61695.00
61685.00
61646.00
61630.00
61653.00
61700.00
61679.00
61634.00
61619.00
61643.00
61687.00
61663.00
61618.00
61595.00
61604.00
61644.00
61631.00
61596.00
61563.00
61603.00
61657.00
61638.00
61596.00
61560.00
61567.00
61605.00
61599.00
61556.00
61501.00
61528.00
61574.00
61570.00
61521.00
61480.00
61487.00
61529.00
61536.00
61496.00
61450.00
61470.00
61510.00
61516.00
61471.00
61432.00
61424.00
61472.00
61479.00
61442.00
61399.00
61395.00
61432.00
61465.00
61426.00
61369.00
61369.00
61397.00
61433.00
61399.00
61338.00
61327.00
61371.00
61406.00
61381.00
61330.00
61303.00
61351.00
61385.00
61352.00
61295.00
61283.00
61321.00
61351.00
61335.00
61287.00
61265.00
61283.00
61326.00
61321.00
61273.00
61248.00
61270.00
61311.00
61295.00
61256.00
61236.00
61255.00
61298.00
61286.00
61233.00
61208.00
61229.00
61278.00
61276.00
61243.00
61203.00
61228.00
61272.00
61285.00
61259.00
61212.00
61241.00
61281.00
61297.00
61280.00
61247.00
61268.00
61308.00
61337.00
61316.00
61282.00
61299.00
61353.00
61371.00
61352.00
61315.00
61328.00
61368.00
61378.00
61346.00
61313.00
61303.00
61337.00
61358.00
61329.00
61273.00
61267.00
61294.00
61324.00
61293.00
61243.00
61226.00
61250.00
61286.00
61264.00
61216.00
61210.00
61231.00
61277.00
61242.00
61215.00
61201.00
61227.00
61270.00
61270.00
61217.00
61213.00
61240.00
61293.00
61276.00
61241.00
61228.00
61256.00
61316.00
61317.00
61278.00
61250.00
61289.00
61342.00
61343.00
61304.00
61278.00
61309.00
61376.00
61382.00
61361.00
61338.00
61359.00
61414.00
61441.00
61407.00
61393.00
61410.00
61476.00
61501.00
61480.00
61438.00
61464.00
61535.00
61560.00
61523.00
61495.00
61509.00
61563.00
61592.00
61563.00
61541.00
61554.00
61602.00
61628.00
61600.00
61569.00
61572.00
61625.00
61655.00
61623.00
61586.00
61592.00
61633.00
61677.00
61650.00
61600.00
61606.00
61647.00
61688.00
61668.00
61624.00
61618.00
61666.00
61701.00
61677.00
61636.00
61616.00
61653.00
61690.00
61694.00
61631.00
61613.00
61659.00
61691.00
61688.00
61648.00
61619.00
61641.00
61697.00
61680.00
61636.00
61618.00
61633.00
61673.00
61669.00
61624.00
61591.00
61598.00
61640.00
61647.00
61609.00
61584.00
61581.00
61638.00
61634.00
61605.00
61552.00
61567.00
61608.00
61611.00
61567.00
61528.00
61522.00
61573.00
61582.00
61547.00
61499.00
61509.00
61534.00
61554.00
61520.00
61477.00
61475.00
61502.00
61531.00
61506.00
61454.00
61442.00
61490.00
61506.00
61479.00
61436.00
61416.00
61460.00
61479.00
61456.00
61404.00
61385.00
61407.00
61466.00
61418.00
61377.00
61364.00
61394.00
61436.00
61392.00
61346.00
61330.00
61352.00
61412.00
61386.00
61343.00
61309.00
61337.00
61387.00
61359.00
61320.00
61303.00
61303.00
61354.00
61331.00
61291.00
61253.00
61269.00
61329.00
61317.00
61278.00
61247.00
61261.00
61314.00
61319.00
61274.00
61237.00
61245.00
61293.00
61294.00
61253.00
61203.00
61215.00
61263.00
61267.00
61247.00
61211.00
61222.00
61265.00
61273.00
61249.00
61210.00
61227.00
61264.00
61294.00
61269.00
61235.00
61238.00
61294.00
61326.00
61297.00
61261.00
61266.00
61324.00
61353.00
61325.00
61286.00
61278.00
61322.00
61349.00
61316.00
61280.00
61267.00
61297.00
61340.00
61305.00
61252.00
61236.00
61270.00
61296.00
61270.00
61217.00
61197.00
61231.00
61264.00
61255.00
61213.00
61197.00
61233.00
61278.00
61262.00
61209.00
61193.00
61229.00
61280.00
61277.00
61237.00
61223.00
61249.00
61301.00
61303.00
61273.00
61244.00
61256.00
61323.00
61323.00
61293.00
61271.00
61292.00
61362.00
61363.00
61345.00
61325.00
61350.00
61402.00
61431.00
61403.00
61381.00
61417.00
61483.00
61500.00
61482.00
61455.00
61472.00
61532.00
61556.00
61529.00
61495.00
61519.00
61577.00
61618.00
61591.00
61551.00
61546.00
61604.00
61650.00
61634.00
61593.00
61592.00
61635.00
61679.00
61645.00
61605.00
61605.00
61645.00
61673.00
61676.00
61624.00
61625.00
61657.00
61700.00
61682.00
61641.00
61624.00
61654.00
61703.00
61675.00
61641.00
61624.00
61662.00
61716.00
61694.00
61652.00
61627.00
61656.00
61705.00
61691.00
61651.00
61619.00
61629.00
61696.00
61685.00
61646.00
61610.00
61620.00
61663.00
61667.00
61617.00
61577.00
61596.00
61645.00
61640.00
61623.00
61579.00
61589.00
61627.00
61633.00
61597.00
61547.00
61554.00
61594.00
61609.00
61577.00
61519.00
61524.00
61569.00
61579.00
61545.00
61486.00
61480.00
61523.00
61553.00
61517.00
61471.00
61467.00
61505.00
61526.00
61488.00
61420.00
61412.00
61442.00
61463.00
61438.00
61386.00
61374.00
61402.00
61449.00
61420.00
61378.00
61350.00
61377.00
61424.00
61388.00
61348.00
61338.00
61363.00
61408.00
61389.00
61345.00
61305.00
61330.00
61368.00
61356.00
61299.00
61267.00
61294.00
61338.00
61326.00
61278.00
61248.00
61273.00
61318.00
61297.00
61268.00
61227.00
61257.00
61299.00
61285.00
61263.00
61201.00
61227.00
61268.00
61265.00
61246.00
61200.00
61226.00
61276.00
61284.00
61252.00
61226.00
61234.00
61275.00
61302.00
61285.00
61236.00
61270.00
61295.00
61333.00
61304.00
61277.00
61281.00
61326.00
61355.00
61338.00
61286.00
61286.00
61316.00
61336.00
61298.00
61252.00
61223.00
61257.00
61287.00
61267.00
61205.00
61198.00
61231.00
61268.00
61243.00
61205.00
61193.00
61218.00
61276.00
61259.00
61223.00
61203.00
61234.00
61297.00
61276.00
61238.00
61219.00
61258.00
61314.00
61312.00
61267.00
61254.00
61289.00
61340.00
61349.00
61306.00
61286.00
61306.00
61384.00
61374.00
61347.00
61323.00
61364.00
61418.00
61444.00
61418.00
61378.00
61399.00
61479.00
61506.00
61484.00
61450.00
61465.00
61536.00
61557.00
61530.00
61504.00
61515.00
61574.00
61612.00
61575.00
61546.00
61553.00
61604.00
61637.00
61621.00
61577.00
61560.00
61611.00
61644.00
61619.00
61574.00
61577.00
61632.00
61650.00
61631.00
61596.00
61587.00
61632.00
61680.00
61661.00
61607.00
61603.00
61641.00
61683.00
61663.00
61622.00
61614.00
61649.00
61689.00
61673.00
61637.00
61617.00
61633.00
61686.00
61672.00
61635.00
61603.00
61640.00
61675.00
61667.00
61626.00
61595.00
61609.00
61655.00
61643.00
61593.00
61559.00
61589.00
61648.00
61647.00
61600.00
61556.00
61570.00
61617.00
61611.00
61575.00
61522.00
61533.00
61581.00
61579.00
61551.00
61501.00
61504.00
61548.00
61558.00
61527.00
61466.00
61473.00
61515.00
61542.00
61513.00
61448.00
61452.00
61486.00
61517.00
61473.00
61412.00
61412.00
61444.00
61476.00
61436.00
61400.00
61387.00
61422.00
61450.00
61422.00
61374.00
61350.00
61384.00
61413.00
61387.00
61346.00
61319.00
61374.00
61395.00
61375.00
61331.00
61308.00
61331.00
61375.00
61351.00
61298.00
61261.00
61307.00
61350.00
61341.00
61281.00
61248.00
61280.00
61328.00
61309.00
61271.00
61230.00
61250.00
61299.00
61298.00
61253.00
61217.00
61227.00
61272.00
61275.00
61237.00
61185.00
61208.00
61255.00
61257.00
61230.00
61194.00
61210.00
61268.00
61270.00
61245.00
61207.00
61220.00
61261.00
61277.00
61261.00
61219.00
61233.00
61286.00
61300.00
61284.00
61242.00
61251.00
61296.00
61322.00
61295.00
61255.00
61246.00
61282.00
61306.00
61285.00
61234.00
61230.00
61258.00
61279.00
61252.00
61202.00
61182.00
61226.00
61266.00
61247.00
61210.00
61191.00
61211.00
61279.00
61255.00
61204.00
61203.00
61238.00
61291.00
61283.00
61231.00
61226.00
61263.00
61316.00
61303.00
61266.00
61256.00
61282.00
61339.00
61335.00
61305.00
61275.00
61313.00
61376.00
61377.00
61349.00
61318.00
61352.00
61416.00
61432.00
61395.00
61376.00
61405.00
61483.00
61499.00
61470.00
61452.00
61477.00
61546.00
61565.00
61540.00
61503.00
61524.00
61576.00
61606.00
61573.00
61544.00
61555.00
61634.00
61653.00
61625.00
61583.00
61596.00
61639.00
61680.00
61638.00
61607.00
61593.00
61644.00
61684.00
61645.00
61599.00
61602.00
61643.00
61676.00
61653.00
61603.00
61601.00
61654.00
61687.00
61671.00
61628.00
61615.00
61642.00
61686.00
61670.00
61631.00
61604.00
61640.00
61673.00
61672.00
61628.00
61612.00
61635.00
61673.00
61670.00
61629.00
61597.00
61626.00
61662.00
61652.00
61619.00
61583.00
61602.00
61639.00
61635.00
61593.00
61561.00
61575.00
61629.00
61620.00
61579.00
61541.00
61548.00
61589.00
61597.00
61552.00
61509.00
61527.00
61560.00
61570.00
61534.00
61485.00
61477.00
61535.00
61549.00
61508.00
61447.00
61460.00
61505.00
61521.00
61486.00
61433.00
61434.00
61476.00
61504.00
61464.00
61416.00
61408.00
61460.00
61469.00
61432.00
61380.00
61372.00
61411.00
61449.00
61407.00
61354.00
61342.00
61375.00
61405.00
61383.00
61341.00
61334.00
61360.00
61410.00
61371.00
61331.00
61306.00
61326.00
61370.00
61354.00
61296.00
61267.00
61299.00
61345.00
61327.00
61286.00
61255.00
61274.00
61322.00
61312.00
61261.00
61235.00
61256.00
61298.00
61283.00
61245.00
61223.00
61224.00
61275.00
61282.00
61241.00
61193.00
61230.00
61276.00
61280.00
61255.00
61224.00
61247.00
61297.00
61311.00
61280.00
61261.00
61266.00
61322.00
61345.00
61327.00
61297.00
61304.00
61353.00
61376.00
61348.00
61306.00
61314.00
61354.00
61375.00
61351.00
61297.00
61301.00
61334.00
61345.00
61311.00
61255.00
61240.00
61281.00
61298.00
61255.00
61216.00
61191.00
61228.00
61270.00
61253.00
61207.00
61200.00
61227.00
61290.00
61263.00
61212.00
61206.00
61242.00
61286.00
61280.00
61238.00
61222.00
61271.00
61320.00
61304.00
61273.00
61245.00
61289.00
61342.00
61345.00
61308.00
61296.00
61334.00
61389.00
61392.00
61352.00
61353.00
61389.00
61461.00
61470.00
61443.00
61424.00
61447.00
61513.00
61522.00
61501.00
61479.00
61511.00
61574.00
61591.00
61572.00
61547.00
61568.00
61633.00
61652.00
61618.00
61576.00
61602.00
61651.00
61679.00
61652.00
61613.00
61614.00
61673.00
61689.00
61657.00
61613.00
61617.00
61662.00
61691.00
61669.00
61631.00
61620.00
61679.00
61700.00
61673.00
61633.00
61627.00
61670.00
61703.00
61669.00
61628.00
61627.00
61665.00
61690.00
61670.00
61615.00
61594.00
61644.00
61671.00
61637.00
61609.00
61604.00
61631.00
61673.00
61664.00
61612.00
61590.00
61618.00
61653.00
61645.00
61600.00
61572.00
61616.00
61676.00
61664.00
61616.00
61582.00
61598.00
61628.00
61615.00
61566.00
61525.00
61538.00
61580.00
61579.00
61528.00
61492.00
61504.00
61549.00
61555.00
61496.00
61455.00
61470.00
61522.00
61525.00
61480.00
61436.00
61434.00
61479.00
61486.00
61446.00
61392.00
61392.00
61441.00
61461.00
61425.00
61372.00
61376.00
61417.00
61439.00
61400.00
61348.00
61349.00
61378.00
61417.00
61378.00
61327.00
61325.00
61368.00
61397.00
61363.00
61321.00
61293.00
61335.00
61369.00
61329.00
61294.00
61279.00
61310.00
61341.00
61317.00
61271.00
61245.00
61285.00
61326.00
61311.00
61261.00
61245.00
61261.00
61305.00
61288.00
61241.00
61221.00
61245.00
61273.00
61259.00
61244.00
61207.00
61232.00
61268.00
61284.00
61239.00
61208.00
61244.00
61293.00
61298.00
61271.00
61249.00
61266.00
61326.00
61343.00
61313.00
61282.00
61300.00
61347.00
61360.00
61339.00
61285.00
61314.00
61352.00
61360.00
61326.00
61289.00
61276.00
61308.00
61325.00
61283.00
61234.00
61232.00
61263.00
61280.00
61248.00
61199.00
61200.00
61247.00
61270.00
61242.00
61200.00
61199.00
61244.00
61287.00
61264.00
61215.00
61215.00
61257.00
61305.00
61278.00
61243.00
61242.00
61277.00
61334.00
61313.00
61274.00
61255.00
61300.00
61362.00
61355.00
61324.00
61310.00
61351.00
61422.00
61425.00
61392.00
61374.00
61418.00
61487.00
61486.00
61455.00
61428.00
61473.00
61532.00
61541.00
61512.00
61489.00
61525.00
61586.00
61601.00
61572.00
61538.00
61556.00
61620.00
61638.00
61603.00
61567.00
61598.00
61656.00
61677.00
61639.00
61591.00
61600.00
61643.00
61656.00
61632.00
61590.00
61600.00
61640.00
61668.00
61639.00
61602.00
61609.00
61655.00
61689.00
61660.00
61619.00
61619.00
61661.00
61695.00
61665.00
61623.00
61623.00
61663.00
61693.00
61652.00
61623.00
61601.00
61629.00
61679.00
61656.00
61607.00
61586.00
61619.00
61667.00
61654.00
61596.00
61579.00
61607.00
61666.00
61647.00
61623.00
61591.00
61611.00
61652.00
61638.00
61582.00
61557.00
61560.00
61609.00
61607.00
61549.00
61518.00
61537.00
61582.00
61575.00
61539.00
61486.00
61507.00
61555.00
61555.00
61497.00
61449.00
61482.00
61509.00
61519.00
61481.00
61433.00
61426.00
61478.00
61487.00
61447.00
61408.00
61401.00
61455.00
61459.00
61421.00
61379.00
61373.00
61418.00
61434.00
61408.00
61342.00
61354.00
61392.00
61420.00
61394.00
61339.00
61322.00
61368.00
61383.00
61355.00
61307.00
61291.00
61321.00
61366.00
61347.00
61293.00
61270.00
61294.00
61346.00
61326.00
61278.00
61257.00
61287.00
61318.00
61297.00
61266.00
61226.00
61243.00
61294.00
61285.00
61240.00
61212.00
61233.00
61276.00
61277.00
61247.00
61211.00
61232.00
61277.00
61282.00
61252.00
61231.00
61251.00
61296.00
61316.00
61296.00
61262.00
61285.00
61347.00
61358.00
61324.00
61304.00
61315.00
61350.00
61380.00
61355.00
61320.00
61330.00
61367.00
61378.00
61351.00
61317.00
61332.00
61360.00
61382.00
61345.00
61292.00
61289.00
61300.00
61329.00
61293.00
61247.00
61219.00
61264.00
61286.00
61256.00
61212.00
61204.00
61247.00
61276.00
61256.00
61214.00
61195.00
61239.00
61283.00
61278.00
61217.00
61218.00
61257.00
61301.00
61294.00
61260.00
61231.00
61270.00
61335.00
61327.00
61294.00
61270.00
61300.00
61359.00
61366.00
61337.00
61317.00
61346.00
61409.00
61419.00
61398.00
61366.00
61401.00
61466.00
61482.00
61472.00
61439.00
61468.00
61531.00
61562.00
61526.00
61484.00
61501.00
61569.00
61591.00
61580.00
61538.00
61539.00
61605.00
61640.00
61622.00
61577.00
61586.00
61635.00
61673.00
61647.00
61601.00
61597.00
61643.00
61684.00
61647.00
61608.00
61592.00
61639.00
61676.00
61653.00
61624.00
61608.00
61648.00
61699.00
61674.00
61639.00
61609.00
61646.00
61703.00
61681.00
61635.00
61623.00
61642.00
61694.00
61687.00
61646.00
61624.00
61643.00
61694.00
61684.00
61642.00
61608.00
61633.00
61693.00
61678.00
61639.00
61599.00
61601.00
61656.00
61659.00
61619.00
61577.00
61587.00
61646.00
61657.00
61620.00
61572.00
61566.00
61615.00
61614.00
61580.00
61531.00
61530.00
61577.00
61592.00
61563.00
61520.00
61501.00
61542.00
61570.00
61539.00
61476.00
61466.00
61507.00
61540.00
61520.00
61459.00
61448.00
61484.00
61513.00
61488.00
61427.00
61416.00
61444.00
61474.00
61467.00
61399.00
61376.00
61408.00
61444.00
61432.00
61381.00
61357.00
61377.00
61421.00
61411.00
61366.00
61337.00
61357.00
61405.00
61390.00
61343.00
61304.00
61327.00
61359.00
61358.00
61321.00
61275.00
61299.00
61338.00
61346.00
61301.00
61252.00
61264.00
61307.00
61319.00
61284.00
61232.00
61253.00
61282.00
61300.00
61261.00
61220.00
61215.00
61262.00
61274.00
61251.00
61214.00
61207.00
61267.00
61283.00
61264.00
61210.00
61227.00
61269.00
61316.00
61308.00
61257.00
61270.00
61309.00
61355.00
61352.00
61310.00
61304.00
61349.00
61388.00
61375.00
61339.00
61319.00
61359.00
61412.00
61396.00
61351.00
61319.00
61347.00
61393.00
61362.00
61309.00
61273.00
61292.00
61323.00
61318.00
61268.00
61232.00
61233.00
61275.00
61278.00
61225.00
61197.00
61213.00
61265.00
61275.00
61235.00
61199.00
61224.00
61267.00
61285.00
61254.00
61213.00
61231.00
61284.00
61297.00
61274.00
61230.00
61247.00
61302.00
61325.00
61300.00
61260.00
61265.00
61323.00
61372.00
61346.00
61314.00
61314.00
61363.00
61412.00
61385.00
61347.00
61346.00
61418.00
61462.00
61445.00
61419.00
61425.00
61473.00
61520.00
61509.00
61473.00
61458.00
61506.00
61572.00
61562.00
61513.00
61507.00
61545.00
61609.00
61598.00
61568.00
61538.00
61569.00
61626.00
61622.00
61594.00
61571.00
61591.00
61646.00
61641.00
61611.00
61563.00
61591.00
61649.00
61641.00
61628.00
61582.00
61610.00
61656.00
61670.00
61649.00
61597.00
61616.00
61658.00
61686.00
61663.00
61620.00
61621.00
61667.00
61690.00
61666.00
61631.00
61623.00
61651.00
61689.00
61657.00
61612.00
61598.00
61638.00
61678.00
61651.00
61610.00
61599.00
61625.00
61663.00
61642.00
61596.00
61575.00
61617.00
61654.00
61637.00
61585.00
61554.00
61569.00
61626.00
61599.00
61561.00
61519.00
61543.00
61594.00
61570.00
61527.00
61491.00
61495.00
61555.00
61542.00
61502.00
61462.00
61470.00
61516.00
61522.00
61485.00
61434.00
61451.00
61495.00
61491.00
61457.00
61410.00
61423.00
61467.00
61475.00
61426.00
61390.00
61390.00
61437.00
61452.00
61432.00
61363.00
61368.00
61407.00
61427.00
61402.00
61349.00
61343.00
61375.00
61415.00
61382.00
61336.00
61323.00
61369.00
61399.00
61355.00
61323.00
61306.00
61348.00
61378.00
61359.00
61311.00
61287.00
61300.00
61348.00
61345.00
61285.00
61258.00
61290.00
61326.00
61320.00
61286.00
61260.00
61260.00
61304.00
61300.00
61256.00
61230.00
61240.00
61284.00
61282.00
61256.00
61215.00
61226.00
61276.00
61280.00
61251.00
61215.00
61235.00
61279.00
61301.00
61271.00
61239.00
61240.00
61303.00
61311.00
61305.00
61255.00
61273.00
61326.00
61354.00
61332.00
61292.00
61289.00
61320.00
61359.00
61331.00
61287.00
61286.00
61317.00
61337.00
61328.00
61280.00
61263.00
61276.00
61320.00
61293.00
61247.00
61223.00
61243.00
61278.00
61269.00
61213.00
61217.00
61239.00
61283.00
61276.00
61231.00
61206.00
61221.00
61275.00
61276.00
61227.00
61219.00
61240.00
61292.00
61301.00
61263.00
61234.00
61255.00
61304.00
61319.00
61290.00
61266.00
61277.00
61341.00
61364.00
61332.00
61300.00
61315.00
61378.00
61399.00
61376.00
61350.00
61361.00
61424.00
61462.00
61444.00
61401.00
61406.00
61468.00
61493.00
61494.00
61455.00
61462.00
61510.00
61563.00
61554.00
61502.00
61495.00
61545.00
61591.00
61578.00
61538.00
61536.00
61571.00
61623.00
61619.00
61573.00
61552.00
61586.00
61641.00
61629.00
61599.00
61572.00
61604.00
61657.00
61656.00
61616.00
61592.00
61622.00
61659.00
61671.00
61619.00
61599.00
61618.00
61669.00
61667.00
61642.00
61615.00
61621.00
61683.00
61687.00
61647.00
61609.00
61616.00
61677.00
61678.00
61665.00
61620.00
61621.00
61672.00
61695.00
61661.00
61614.00
61615.00
61663.00
61687.00
61655.00
61617.00
61605.00
61645.00
61661.00
61645.00
61586.00
61578.00
61616.00
61652.00
61642.00
61594.00
61573.00
61613.00
61650.00
61617.00
61566.00
61535.00
61570.00
61620.00
61590.00
61550.00
61517.00
61542.00
61585.00
61560.00
61511.00
61477.00
61495.00
61533.00
61518.00
61486.00
61441.00
61457.00
61502.00
61503.00
61455.00
61421.00
61425.00
61475.00
61460.00
61425.00
61390.00
