41817.00
41799.00
41857.00
41920.00
41902.00
41821.00
41810.00
41865.00
41927.00
41909.00
41831.00
41811.00
41860.00
41937.00
41910.00
41843.00
41825.00
41849.00
41943.00
41917.00
41850.00
41812.00
41850.00
41918.00
41902.00
41842.00
41795.00
41844.00
41906.00
41923.00
41842.00
41793.00
41831.00
41907.00
41922.00
41855.00
41796.00
41818.00
41909.00
41909.00
41843.00
41805.00
41812.00
41892.00
41921.00
41873.00
41795.00
41805.00
41886.00
41919.00
41873.00
41802.00
41826.00
41879.00
41916.00
41885.00
41812.00
41806.00
41886.00
41912.00
41881.00
41806.00
41804.00
41862.00
41919.00
41892.00
41811.00
41791.00
41856.00
41928.00
41899.00
41828.00
41790.00
41867.00
41911.00
41894.00
41815.00
41796.00
41846.00
41930.00
41905.00
41828.00
41795.00
41854.00
41915.00
41926.00
41841.00
41796.00
41846.00
41918.00
41913.00
41853.00
41811.00
41843.00
41916.00
41911.00
41845.00
41786.00
41817.00
41928.00
41912.00
41850.00
41789.00
41830.00
41893.00
41936.00
41850.00
41799.00
41825.00
41904.00
41924.00
41876.00
41814.00
41798.00
41887.00
41907.00
41866.00
41783.00
41793.00
41873.00
41909.00
41857.00
41777.00
41795.00
41867.00
41926.00
41883.00
41806.00
41794.00
41842.00
41909.00
41879.00
41776.00
41789.00
41861.00
41913.00
41864.00
41809.00
41779.00
41843.00
41925.00
41885.00
41814.00
41780.00
41860.00
41925.00
41892.00
41831.00
41777.00
41826.00
41918.00
41903.00
41835.00
41779.00
41827.00
41917.00
41902.00
41821.00
41770.00
41822.00
41915.00
41916.00
41833.00
41780.00
41806.00
41901.00
41918.00
41850.00
41781.00
41818.00
41898.00
41926.00
41857.00
41798.00
41817.00
41898.00
41912.00
41850.00
41779.00
41809.00
41884.00
41917.00
41857.00
41795.00
41796.00
41893.00
41919.00
41870.00
41787.00
41792.00
41875.00
41928.00
41888.00
41812.00
41803.00
41871.00
41933.00
41884.00
41802.00
41798.00
41870.00
41935.00
41888.00
41791.00
41788.00
41855.00
41925.00
41891.00
41827.00
41802.00
41869.00
41934.00
41897.00
41817.00
41793.00
41848.00
41929.00
41905.00
41835.00
41796.00
41839.00
41931.00
41938.00
41854.00
41805.00
41833.00
41930.00
41926.00
41855.00
41793.00
41840.00
41931.00
41921.00
41853.00
41787.00
41823.00
41907.00
41935.00
41869.00
41798.00
41808.00
41894.00
41916.00
41863.00
41800.00
41820.00
41914.00
41936.00
41873.00
41801.00
41799.00
41892.00
41921.00
41870.00
41795.00
41805.00
41887.00
41921.00
41876.00
41817.00
41795.00
41865.00
41941.00
41896.00
41797.00
41794.00
41866.00
41930.00
41897.00
41822.00
41805.00
41861.00
41951.00
41893.00
41814.00
41794.00
41855.00
41945.00
41897.00
41820.00
41808.00
41854.00
41937.00
41924.00
41831.00
41790.00
41850.00
41932.00
41916.00
41843.00
41790.00
41843.00
41921.00
41924.00
41850.00
41788.00
41828.00
41930.00
41905.00
41852.00
41797.00
41824.00
41908.00
41927.00
41852.00
41800.00
41828.00
41881.00
41931.00
41859.00
41779.00
41794.00
41885.00
41923.00
41870.00
41784.00
41818.00
41880.00
41920.00
41866.00
41807.00
41806.00
41882.00
41926.00
41878.00
41801.00
41809.00
41860.00
41934.00
41875.00
41803.00
41789.00
41855.00
41933.00
41890.00
41794.00
41788.00
41848.00
41919.00
41890.00
41842.00
41788.00
41831.00
41920.00
41895.00
41825.00
41781.00
41834.00
41927.00
41897.00
41826.00
41782.00
41838.00
41908.00
41907.00
41834.00
41801.00
41834.00
41908.00
41905.00
41845.00
41791.00
41832.00
41906.00
41919.00
41870.00
41789.00
41810.00
41903.00
41919.00
41861.00
41792.00
41802.00
41876.00
41921.00
41856.00
41780.00
41801.00
41877.00
41925.00
41874.00
41790.00
41793.00
41878.00
41928.00
41885.00
41815.00
41810.00
41851.00
41920.00
41856.00
41787.00
41801.00
41862.00
41900.00
41894.00
41807.00
41796.00
41859.00
41938.00
41913.00
41827.00
41792.00
41859.00
41934.00
41913.00
41827.00
41787.00
41838.00
41925.00
41901.00
41826.00
41784.00
41825.00
41908.00
41900.00
41832.00
41779.00
41826.00
41915.00
41917.00
41852.00
41773.00
41822.00
41917.00
41908.00
41852.00
41776.00
41813.00
41888.00
41912.00
41846.00
41777.00
41798.00
41885.00
41910.00
41855.00
41778.00
41792.00
41878.00
41917.00
41861.00
41782.00
41797.00
41879.00
41894.00
41850.00
41790.00
41794.00
41863.00
41897.00
41859.00
41790.00
41797.00
41864.00
41924.00
41872.00
41789.00
41762.00
41868.00
41918.00
41871.00
41807.00
41771.00
41827.00
41915.00
41886.00
41820.00
41781.00
41821.00
41923.00
41885.00
41814.00
41770.00
41822.00
41915.00
41904.00
41812.00
41783.00
41823.00
41906.00
41888.00
41827.00
41772.00
41806.00
41889.00
41890.00
41830.00
41767.00
41796.00
41888.00
41894.00
41841.00
41773.00
41809.00
41881.00
41900.00
41843.00
41751.00
41769.00
41857.00
41890.00
41847.00
41763.00
41766.00
41845.00
41907.00
41840.00
41757.00
41777.00
41844.00
41909.00
41851.00
41769.00
41784.00
41855.00
41918.00
41875.00
41782.00
41782.00
41827.00
41901.00
41854.00
41777.00
41774.00
41834.00
41902.00
41879.00
41791.00
41776.00
41823.00
41903.00
41900.00
41801.00
41762.00
41813.00
41891.00
41889.00
41813.00
41774.00
41799.00
41902.00
41880.00
41815.00
41761.00
41793.00
41881.00
41902.00
41827.00
41781.00
41816.00
41879.00
41894.00
41823.00
41778.00
41796.00
41893.00
41903.00
41826.00
41770.00
41786.00
41861.00
41892.00
41843.00
41762.00
41782.00
41864.00
41902.00
41859.00
41785.00
41794.00
41857.00
41902.00
41860.00
41772.00
41791.00
41858.00
41892.00
41868.00
41788.00
41778.00
41839.00
41893.00
41867.00
41799.00
41789.00
41846.00
41915.00
41890.00
41814.00
41783.00
41851.00
41911.00
41889.00
41821.00
41779.00
41843.00
41922.00
41906.00
41837.00
41788.00
41843.00
41919.00
41903.00
41827.00
41790.00
41830.00
41914.00
41918.00
41841.00
41793.00
41827.00
41904.00
41917.00
41843.00
41790.00
41809.00
41891.00
41921.00
41845.00
41782.00
41804.00
41891.00
41927.00
41859.00
41788.00
41789.00
41884.00
41903.00
41855.00
41792.00
41779.00
41871.00
41903.00
41847.00
41774.00
41767.00
41855.00
41908.00
41870.00
41785.00
41776.00
41857.00
41913.00
41869.00
41794.00
41792.00
41854.00
41911.00
41885.00
41798.00
41778.00
41837.00
41900.00
41873.00
41814.00
41766.00
41827.00
41908.00
41890.00
41806.00
41762.00
41821.00
41897.00
41896.00
41807.00
41769.00
41812.00
41891.00
41889.00
41817.00
41751.00
41812.00
41898.00
41885.00
41825.00
41762.00
41802.00
41900.00
41901.00
41824.00
41775.00
41794.00
41876.00
41885.00
41830.00
41745.00
41777.00
41872.00
41896.00
41847.00
41761.00
41784.00
41875.00
41906.00
41835.00
41773.00
41792.00
41860.00
41914.00
41860.00
41777.00
41775.00
41850.00
41906.00
41871.00
41789.00
41785.00
41847.00
41920.00
41865.00
41797.00
41789.00
41842.00
41915.00
41880.00
41799.00
41775.00
41850.00
41914.00
41894.00
41821.00
41776.00
41841.00
41907.00
41884.00
41808.00
41785.00
41831.00
41930.00
41912.00
41835.00
41787.00
41839.00
41926.00
41920.00
41835.00
41808.00
41848.00
41911.00
41913.00
41852.00
41790.00
41836.00
41897.00
41905.00
41851.00
41782.00
41803.00
41893.00
41910.00
41836.00
41783.00
41807.00
41882.00
41909.00
41836.00
41787.00
41806.00
41880.00
41901.00
41845.00
41779.00
41791.00
41865.00
41899.00
41851.00
41770.00
41784.00
41849.00
41901.00
41855.00
41782.00
41778.00
41862.00
41912.00
41886.00
41794.00
41789.00
41837.00
41922.00
41879.00
41789.00
41783.00
41854.00
41919.00
41885.00
41815.00
41779.00
41829.00
41913.00
41885.00
41799.00
41778.00
41835.00
41912.00
41912.00
41807.00
41791.00
41832.00
41896.00
41887.00
41821.00
41786.00
41817.00
41893.00
41907.00
41829.00
41772.00
41796.00
41897.00
41897.00
41834.00
41770.00
41817.00
41887.00
41902.00
41826.00
41787.00
41808.00
41887.00
41901.00
41854.00
41787.00
41796.00
41876.00
41897.00
41855.00
41778.00
41796.00
41890.00
41917.00
41864.00
41790.00
41785.00
41879.00
41916.00
41857.00
41779.00
41775.00
41852.00
41931.00
41872.00
41793.00
41781.00
41848.00
41916.00
41880.00
41804.00
41787.00
41846.00
41924.00
41884.00
41806.00
41782.00
41846.00
41911.00
41886.00
41806.00
41767.00
41836.00
41908.00
41892.00
41826.00
41785.00
41825.00
41908.00
41900.00
41817.00
41773.00
41813.00
41901.00
41901.00
41818.00
41780.00
41810.00
41886.00
41889.00
41828.00
41775.00
41802.00
41890.00
41888.00
41821.00
41760.00
41808.00
41893.00
41902.00
41832.00
41776.00
41802.00
41869.00
41906.00
41834.00
41762.00
41783.00
41868.00
41909.00
41851.00
41770.00
41775.00
41866.00
41908.00
41859.00
41770.00
41782.00
41857.00
41897.00
41857.00
41789.00
41769.00
41853.00
41903.00
41857.00
41793.00
41789.00
41842.00
41921.00
41866.00
41793.00
41765.00
41844.00
41911.00
41860.00
41780.00
41766.00
41837.00
41909.00
41873.00
41810.00
41761.00
41812.00
41903.00
41866.00
41779.00
41753.00
41803.00
41902.00
41882.00
41807.00
41766.00
41799.00
41883.00
41872.00
41803.00
41763.00
41796.00
41888.00
41888.00
41820.00
41755.00
41790.00
41870.00
41881.00
41838.00
41755.00
41789.00
41872.00
41885.00
41825.00
41756.00
41804.00
41879.00
41896.00
41865.00
41768.00
41788.00
41876.00
41911.00
41844.00
41779.00
41775.00
41842.00
41896.00
41863.00
41792.00
41782.00
41844.00
41892.00
41860.00
41778.00
41774.00
41851.00
41897.00
41863.00
41780.00
41777.00
41844.00
41907.00
41860.00
41778.00
41766.00
41826.00
41899.00
41873.00
41801.00
41771.00
41833.00
41917.00
41877.00
41800.00
41766.00
41828.00
41907.00
41868.00
41785.00
41777.00
41806.00
41899.00
41881.00
41792.00
41775.00
41810.00
41888.00
41883.00
41805.00
41767.00
41824.00
41902.00
41885.00
41815.00
41747.00
41810.00
41888.00
41881.00
41801.00
41756.00
41774.00
41894.00
41897.00
41819.00
41779.00
41783.00
41873.00
41900.00
41823.00
41771.00
41787.00
41876.00
41907.00
41843.00
41777.00
41784.00
41866.00
41897.00
41867.00
41786.00
41780.00
41873.00
41912.00
41857.00
41774.00
41765.00
41848.00
41901.00
41858.00
41768.00
41767.00
41840.00
41899.00
41852.00
41768.00
41766.00
41845.00
41888.00
41854.00
41769.00
41761.00
41827.00
41899.00
41866.00
41785.00
41750.00
41827.00
41898.00
41873.00
41787.00
41771.00
41819.00
41910.00
41889.00
41804.00
41775.00
41812.00
41891.00
41870.00
41800.00
41757.00
41798.00
41892.00
41886.00
41816.00
41745.00
41790.00
41886.00
41871.00
41812.00
41763.00
41794.00
41868.00
41875.00
41815.00
41756.00
41771.00
41867.00
41879.00
41799.00
41747.00
41777.00
41855.00
41887.00
41840.00
41768.00
41786.00
41856.00
41901.00
41841.00
41764.00
41772.00
41867.00
41898.00
41867.00
41759.00
41775.00
41844.00
41889.00
41857.00
41770.00
41766.00
41845.00
41910.00
41859.00
41765.00
41760.00
41822.00
41896.00
41846.00
41784.00
41770.00
41814.00
41893.00
41858.00
41782.00
41755.00
41823.00
41889.00
41871.00
41787.00
41765.00
41828.00
41882.00
41871.00
41797.00
41755.00
41810.00
41880.00
41885.00
41803.00
41759.00
41801.00
41898.00
41881.00
41815.00
41769.00
41810.00
41891.00
41901.00
41818.00
41780.00
41809.00
41890.00
41899.00
41831.00
41748.00
41804.00
41875.00
41898.00
41825.00
41771.00
41816.00
41885.00
41895.00
41841.00
41775.00
41806.00
41884.00
41899.00
41843.00
41764.00
41781.00
41871.00
41901.00
41859.00
41767.00
41779.00
41866.00
41904.00
41857.00
41776.00
41781.00
41849.00
41897.00
41847.00
41767.00
41761.00
41845.00
41906.00
41851.00
41769.00
41775.00
41835.00
41899.00
41864.00
41782.00
41776.00
41838.00
41911.00
41848.00
41772.00
41766.00
41833.00
41897.00
41877.00
41789.00
41752.00
41823.00
41895.00
41885.00
41817.00
41776.00
41825.00
41902.00
41884.00
41820.00
41772.00
41800.00
41903.00
41885.00
41810.00
41761.00
41794.00
41891.00
41889.00
41821.00
41770.00
41793.00
41893.00
41866.00
41825.00
41767.00
41799.00
41870.00
41881.00
41813.00
41753.00
41781.00
41876.00
41882.00
41809.00
41756.00
41775.00
41867.00
41895.00
41834.00
41772.00
41769.00
41852.00
41897.00
41850.00
41761.00
41778.00
41857.00
41912.00
41856.00
41773.00
41781.00
41861.00
41906.00
41850.00
41762.00
41761.00
41831.00
41893.00
41852.00
41776.00
41768.00
41844.00
41885.00
41850.00
41771.00
41771.00
41839.00
41893.00
41847.00
41800.00
41771.00
41827.00
41901.00
41876.00
41790.00
41771.00
41819.00
41905.00
41882.00
41794.00
41766.00
41826.00
41905.00
41892.00
41823.00
41761.00
41825.00
41900.00
41881.00
41831.00
41768.00
41810.00
41901.00
41888.00
41827.00
41751.00
41802.00
41899.00
41887.00
41825.00
41765.00
41794.00
41878.00
41886.00
41813.00
41768.00
41805.00
41875.00
41886.00
41832.00
41787.00
41799.00
41885.00
41892.00
41842.00
41785.00
41784.00
41881.00
41912.00
41847.00
41774.00
41795.00
41880.00
41912.00
41860.00
41791.00
41787.00
41853.00
41918.00
41852.00
41776.00
41795.00
41852.00
41911.00
41871.00
41803.00
41802.00
41870.00
41932.00
41893.00
41802.00
41797.00
41859.00
41923.00
41909.00
41821.00
41794.00
41876.00
41945.00
41927.00
41831.00
41812.00
41875.00
41944.00
41913.00
41844.00
41808.00
41873.00
41948.00
41953.00
41886.00
41864.00
41906.00
42021.00
41989.00
41932.00
41896.00
41968.00
42077.00
42076.00
41996.00
41977.00
42017.00
42161.00
42169.00
42121.00
42095.00
42175.00
42289.00
42328.00
42292.00
42256.00
42333.00
42470.00
42521.00
42487.00
42466.00
42527.00
42675.00
42752.00
42744.00
42705.00
42792.00
42942.00
43032.00
43027.00
42981.00
43053.00
43178.00
43255.00
43203.00
43144.00
43159.00
43239.00
43304.00
43240.00
43143.00
43138.00
43207.00
43278.00
43198.00
43102.00
43108.00
43184.00
43245.00
43193.00
43089.00
43093.00
43173.00
43235.00
43204.00
43117.00
43099.00
43172.00
43256.00
43203.00
43104.00
43092.00
43167.00
43244.00
43212.00
43128.00
43081.00
43153.00
43255.00
43213.00
43122.00
43080.00
43145.00
43241.00
43233.00
43124.00
43103.00
43149.00
43242.00
43225.00
43145.00
43103.00
43144.00
43252.00
43250.00
43155.00
43111.00
43143.00
43252.00
43246.00
43170.00
43115.00
43154.00
43251.00
43252.00
43180.00
43092.00
43140.00
43235.00
43249.00
43182.00
43095.00
43127.00
43227.00
43254.00
43173.00
43100.00
43130.00
43215.00
43265.00
43189.00
43108.00
43144.00
43225.00
43249.00
43201.00
43120.00
43138.00
43227.00
43280.00
43199.00
43125.00
43128.00
43226.00
43285.00
43229.00
43142.00
43124.00
43217.00
43288.00
43244.00
43147.00
43135.00
43215.00
43283.00
43237.00
43140.00
43144.00
43222.00
43291.00
43252.00
43170.00
43143.00
43212.00
43300.00
43269.00
43174.00
43144.00
43229.00
43316.00
43305.00
43185.00
43151.00
43227.00
43317.00
43288.00
43195.00
43153.00
43218.00
43321.00
43302.00
43218.00
43171.00
43204.00
43314.00
43299.00
43219.00
43162.00
43210.00
43314.00
43303.00
43215.00
43175.00
43195.00
43310.00
43297.00
43235.00
43169.00
43201.00
43304.00
43310.00
43240.00
43154.00
43195.00
43314.00
43334.00
43266.00
43174.00
43201.00
43307.00
43347.00
43265.00
43203.00
43234.00
43309.00
43364.00
43293.00
43217.00
43246.00
43316.00
43379.00
43305.00
43225.00
43217.00
43308.00
43365.00
43300.00
43221.00
43202.00
43306.00
43374.00
43300.00
43220.00
43229.00
43296.00
43377.00
43304.00
43220.00
43216.00
43290.00
43346.00
43301.00
43232.00
43201.00
43273.00
43363.00
43340.00
43242.00
43226.00
43295.00
43371.00
43340.00
43259.00
43228.00
43299.00
43389.00
43351.00
43268.00
43232.00
43291.00
43360.00
43360.00
43257.00
43197.00
43265.00
43362.00
43334.00
43265.00
43217.00
43256.00
43361.00
43357.00
43262.00
43228.00
43253.00
43357.00
43359.00
43291.00
43218.00
43255.00
43364.00
43373.00
43300.00
43208.00
43248.00
43344.00
43347.00
43286.00
43206.00
43248.00
43335.00
43370.00
43315.00
43217.00
43238.00
43344.00
43361.00
43314.00
43219.00
43248.00
43315.00
43369.00
43323.00
43235.00
43241.00
43323.00
43377.00
43331.00
43226.00
43235.00
43306.00
43383.00
43319.00
43237.00
43231.00
43323.00
43371.00
43332.00
43249.00
43233.00
43300.00
43378.00
43335.00
43255.00
43225.00
43306.00
43394.00
43348.00
43261.00
43253.00
43298.00
43371.00
43347.00
43269.00
43238.00
43296.00
43377.00
43347.00
43271.00
43225.00
43287.00
43369.00
43344.00
43279.00
43229.00
43285.00
43378.00
43355.00
43287.00
43233.00
43271.00
43387.00
43361.00
43273.00
43220.00
43263.00
43377.00
43366.00
43290.00
43223.00
43255.00
43356.00
43348.00
43284.00
43230.00
43235.00
43336.00
43366.00
43283.00
43212.00
43207.00
43306.00
43318.00
43244.00
43162.00
43175.00
43268.00
43304.00
43231.00
43153.00
43165.00
43272.00
43312.00
43242.00
43164.00
43174.00
43274.00
43323.00
43258.00
43176.00
43181.00
43269.00
43351.00
43296.00
43199.00
43176.00
43264.00
43313.00
43261.00
43164.00
43149.00
43221.00
43292.00
43245.00
43134.00
43115.00
43187.00
43281.00
43229.00
43149.00
43114.00
43190.00
43285.00
43249.00
43166.00
43142.00
43203.00
43304.00
43276.00
43204.00
43159.00
43218.00
43315.00
43286.00
43210.00
43158.00
43222.00
43310.00
43302.00
43209.00
43151.00
43208.00
43299.00
43295.00
43209.00
43141.00
43183.00
43294.00
43283.00
43204.00
43150.00
43184.00
43280.00
43279.00
43201.00
43132.00
43165.00
43283.00
43285.00
43221.00
43137.00
43162.00
43266.00
43296.00
43219.00
43138.00
43179.00
43271.00
43304.00
43233.00
43163.00
43178.00
43264.00
43306.00
43252.00
43177.00
43192.00
43260.00
43323.00
43274.00
43180.00
43191.00
43283.00
43338.00
43289.00
43223.00
43226.00
43319.00
43403.00
43364.00
43297.00
43320.00
43426.00
43555.00
43558.00
43523.00
43570.00
43726.00
43873.00
43924.00
43906.00
43984.00
44166.00
44359.00
44452.00
44481.00
44565.00
44795.00
45026.00
45165.00
45240.00
45360.00
45576.00
45840.00
45967.00
45980.00
46030.00
46186.00
46352.00
46399.00
46344.00
46324.00
46411.00
46533.00
46499.00
46390.00
46297.00
46335.00
46457.00
46430.00
46334.00
46249.00
46303.00
46419.00
46414.00
46339.00
46251.00
46273.00
46400.00
46429.00
46326.00
46239.00
46272.00
46395.00
46417.00
46340.00
46241.00
46271.00
46378.00
46408.00
46326.00
46225.00
46240.00
46360.00
46405.00
46329.00
46230.00
46217.00
46348.00
46402.00
46325.00
46223.00
46223.00
46343.00
46397.00
46324.00
46227.00
46223.00
46306.00
46400.00
46341.00
46232.00
46214.00
46309.00
46395.00
46349.00
46254.00
46215.00
46316.00
46412.00
46359.00
46262.00
46207.00
46283.00
46415.00
46360.00
46245.00
46197.00
46277.00
46381.00
46334.00
46264.00
46185.00
46271.00
46398.00
46350.00
46262.00
46215.00
46274.00
46390.00
46380.00
46277.00
46219.00
46278.00
46384.00
46387.00
46283.00
46230.00
46278.00
46391.00
46403.00
46296.00
46234.00
46284.00
46388.00
46401.00
46323.00
46236.00
46259.00
46368.00
46406.00
46311.00
46224.00
46257.00
46357.00
46413.00
46308.00
46228.00
46243.00
46350.00
46405.00
46336.00
46231.00
46244.00
46346.00
46401.00
46326.00
46215.00
46233.00
46335.00
46391.00
46316.00
46228.00
46238.00
46325.00
46392.00
46341.00
46223.00
46221.00
46315.00
46386.00
46339.00
46235.00
46228.00
46306.00
46392.00
46337.00
46236.00
46195.00
46300.00
46380.00
46345.00
46246.00
46216.00
46309.00
46383.00
46346.00
46245.00
46213.00
46294.00
46397.00
46358.00
46261.00
46214.00
46275.00
46384.00
46372.00
46273.00
46213.00
46272.00
46392.00
46370.00
46266.00
46219.00
46285.00
46402.00
46391.00
46303.00
46240.00
46292.00
46402.00
46406.00
46317.00
46234.00
46260.00
46380.00
46378.00
46298.00
46221.00
46245.00
46365.00
46377.00
46308.00
46206.00
46248.00
46361.00
46381.00
46306.00
46221.00
46234.00
46355.00
46388.00
46307.00
46226.00
46243.00
46337.00
46386.00
46317.00
46225.00
46227.00
46335.00
46401.00
46330.00
46236.00
46232.00
46337.00
46392.00
46328.00
46234.00
46216.00
46317.00
46392.00
46323.00
46215.00
46211.00
46287.00
46380.00
46330.00
46208.00
46195.00
46287.00
46374.00
46332.00
46214.00
46190.00
46277.00
46377.00
46353.00
46224.00
46205.00
46276.00
46388.00
46357.00
46242.00
46193.00
46286.00
46377.00
46358.00
46249.00
46197.00
46265.00
46373.00
46354.00
46253.00
46202.00
46262.00
46377.00
46360.00
46266.00
46202.00
46233.00
46356.00
46349.00
46268.00
46186.00
46242.00
46365.00
46364.00
46279.00
46192.00
46228.00
46333.00
46356.00
46285.00
46195.00
46231.00
46354.00
46376.00
46299.00
46208.00
46228.00
46340.00
46376.00
46304.00
46199.00
46223.00
46330.00
46376.00
46309.00
46193.00
46219.00
46319.00
46376.00
46311.00
46213.00
46218.00
46306.00
46384.00
46317.00
46212.00
46206.00
46305.00
46380.00
46319.00
46236.00
46208.00
46306.00
46392.00
46350.00
46237.00
46209.00
46293.00
46398.00
46345.00
46233.00
46200.00
46291.00
46373.00
46351.00
46233.00
46195.00
46270.00
46381.00
46346.00
46243.00
46200.00
46265.00
46378.00
46355.00
46242.00
46188.00
46266.00
46383.00
46348.00
46266.00
46207.00
46285.00
46392.00
46345.00
46263.00
46203.00
46248.00
46348.00
46349.00
46270.00
46176.00
46236.00
46345.00
46356.00
46275.00
46207.00
46256.00
46369.00
46369.00
46296.00
46201.00
46239.00
46348.00
46383.00
46297.00
46205.00
46248.00
46355.00
46402.00
46325.00
46229.00
46260.00
46371.00
46414.00
46329.00
46218.00
46246.00
46357.00
46397.00
46334.00
46230.00
46232.00
46325.00
46408.00
46344.00
46236.00
46222.00
46332.00
46399.00
46344.00
46246.00
46231.00
46333.00
46410.00
46354.00
46263.00
46232.00
46333.00
46421.00
46364.00
46256.00
46228.00
46317.00
46409.00
46348.00
46263.00
46215.00
46304.00
46406.00
46375.00
46267.00
46228.00
46300.00
46401.00
46385.00
46261.00
46215.00
46288.00
46386.00
46367.00
46278.00
46219.00
46282.00
46387.00
46373.00
46278.00
46207.00
46268.00
46384.00
46374.00
46271.00
46197.00
46249.00
46360.00
46361.00
46287.00
46204.00
46235.00
46359.00
46380.00
46285.00
46187.00
46229.00
46344.00
46378.00
46287.00
46195.00
46224.00
46326.00
46374.00
46302.00
46198.00
46217.00
46334.00
46389.00
46319.00
46213.00
46239.00
46384.00
46438.00
46389.00
46309.00
46337.00
46504.00
46604.00
46589.00
46541.00
46597.00
46759.00
46884.00
46900.00
46845.00
46903.00
47063.00
47217.00
47220.00
47202.00
47263.00
47410.00
47583.00
47597.00
47590.00
47660.00
47826.00
48002.00
48023.00
47994.00
48036.00
48183.00
48349.00
48339.00
48295.00
48294.00
48411.00
48551.00
48524.00
48437.00
48404.00
48478.00
48589.00
48568.00
48470.00
48416.00
48483.00
48578.00
48552.00
48444.00
48380.00
48412.00
48552.00
48516.00
48416.00
48330.00
48379.00
48484.00
48470.00
48386.00
48290.00
48329.00
48431.00
48456.00
48355.00
48270.00
48290.00
48405.00
48439.00
48348.00
48231.00
48266.00
48369.00
48394.00
48312.00
48202.00
48224.00
48330.00
48363.00
48306.00
48190.00
48206.00
48307.00
48357.00
48291.00
48169.00
48187.00
48288.00
48360.00
48289.00
48192.00
48175.00
48284.00
48335.00
48275.00
48161.00
48172.00
48243.00
48328.00
48263.00
48152.00
48136.00
48226.00
48312.00
48251.00
48152.00
48129.00
48214.00
48329.00
48262.00
48175.00
48138.00
48208.00
48315.00
48253.00
48161.00
48109.00
48199.00
48287.00
48252.00
48152.00
48101.00
48172.00
48281.00
48254.00
48154.00
48089.00
48168.00
48287.00
48258.00
48153.00
48086.00
48154.00
48261.00
48252.00
48158.00
48076.00
48142.00
48268.00
48244.00
48162.00
48069.00
48114.00
48238.00
48244.00
48156.00
48069.00
48110.00
48218.00
48244.00
48148.00
48048.00
48108.00
48211.00
48231.00
48146.00
48040.00
48062.00
48199.00
48238.00
48161.00
48060.00
48072.00
48202.00
48247.00
48177.00
48074.00
48086.00
48195.00
48244.00
48190.00
48071.00
48079.00
48182.00
48253.00
48196.00
48083.00
48071.00
48173.00
48256.00
48198.00
48077.00
48072.00
48155.00
48236.00
48201.00
48084.00
48056.00
48155.00
48242.00
48196.00
48077.00
48046.00
48146.00
48239.00
48191.00
48093.00
48041.00
48123.00
48233.00
48195.00
48094.00
48038.00
48121.00
48243.00
48191.00
48100.00
48032.00
48105.00
48234.00
48198.00
48115.00
48033.00
48100.00
48226.00
48220.00
48113.00
48031.00
48106.00
48215.00
48211.00
48118.00
48034.00
48094.00
48204.00
48201.00
48130.00
48025.00
48086.00
48186.00
48202.00
48117.00
48019.00
48055.00
48173.00
48207.00
48128.00
48027.00
48049.00
48168.00
48221.00
48144.00
48024.00
48045.00
48182.00
48218.00
48137.00
48035.00
48050.00
48160.00
48224.00
48158.00
48038.00
48031.00
48154.00
48214.00
48161.00
48043.00
48029.00
48133.00
48209.00
48149.00
48043.00
48027.00
48118.00
48207.00
48160.00
48045.00
48021.00
48128.00
48217.00
48169.00
48041.00
48003.00
48112.00
48214.00
48161.00
48030.00
48008.00
48082.00
48200.00
48148.00
48048.00
48005.00
48076.00
48194.00
48170.00
48065.00
48002.00
48067.00
48185.00
48158.00
48042.00
47973.00
48034.00
48164.00
48147.00
48052.00
47968.00
48033.00
48154.00
48138.00
48047.00
47971.00
48025.00
48143.00
48155.00
48053.00
47977.00
48020.00
48144.00
48153.00
48070.00
47978.00
48007.00
48139.00
48157.00
48067.00
47954.00
48001.00
48104.00
48148.00
48057.00
47977.00
47999.00
48109.00
48147.00
48080.00
47963.00
47975.00
48096.00
48157.00
48091.00
47985.00
47975.00
48099.00
48167.00
48109.00
47993.00
47982.00
48104.00
48166.00
48109.00
47994.00
47973.00
48088.00
48165.00
48106.00
47976.00
47979.00
48058.00
48163.00
48112.00
47989.00
47962.00
48059.00
48171.00
48107.00
47999.00
47967.00
48054.00
48166.00
48121.00
48010.00
47965.00
48046.00
48147.00
48124.00
47998.00
47947.00
48030.00
48141.00
48121.00
48024.00
47963.00
48011.00
48137.00
48113.00
48018.00
47936.00
48008.00
48120.00
48120.00
48026.00
47951.00
48001.00
48121.00
48113.00
48015.00
47934.00
47992.00
48117.00
48131.00
48047.00
47932.00
47977.00
48096.00
48125.00
48039.00
47945.00
47973.00
48089.00
48140.00
48023.00
47942.00
47961.00
48087.00
48131.00
48043.00
47945.00
47945.00
48061.00
48130.00
48054.00
47944.00
47942.00
48042.00
48129.00
48059.00
47964.00
47939.00
48051.00
48131.00
48053.00
47947.00
47938.00
48029.00
48125.00
48065.00
47948.00
47923.00
47998.00
48106.00
48041.00
47917.00
47910.00
47995.00
48101.00
48034.00
47926.00
47906.00
47978.00
48087.00
48049.00
47936.00
47903.00
47978.00
48095.00
48040.00
47943.00
47901.00
47962.00
48075.00
48057.00
47947.00
47897.00
47953.00
48077.00
48057.00
47955.00
47895.00
47949.00
48042.00
48058.00
47938.00
47875.00
47909.00
48035.00
48050.00
47961.00
47875.00
47922.00
48050.00
48078.00
48002.00
47926.00
47967.00
48098.00
48136.00
48059.00
47985.00
48031.00
48166.00
48210.00
48130.00
48019.00
48048.00
48165.00
48207.00
48136.00
48028.00
48039.00
48145.00
48220.00
48126.00
48013.00
48023.00
48127.00
48197.00
48127.00
48016.00
48017.00
48128.00
48213.00
48157.00
48032.00
48030.00
48140.00
48243.00
48199.00
48102.00
48088.00
48195.00
48318.00
48292.00
48210.00
48219.00
48347.00
48510.00
48512.00
48471.00
48505.00
48638.00
48798.00
48818.00
48769.00
48767.00
48882.00
49032.00
49032.00
48973.00
48922.00
49009.00
49128.00
49136.00
49043.00
49012.00
49061.00
49207.00
49200.00
49121.00
49060.00
49119.00
49256.00
49261.00
49187.00
49141.00
49205.00
49355.00
49377.00
49301.00
49238.00
49297.00
49426.00
49443.00
49380.00
49281.00
49329.00
49449.00
49471.00
49402.00
49308.00
49337.00
49455.00
49461.00
49398.00
49271.00
49291.00
49399.00
49442.00
49346.00
49242.00
49239.00
49366.00
49422.00
49362.00
49243.00
49245.00
49351.00
49424.00
49365.00
49249.00
49245.00
49363.00
49437.00
49380.00
49268.00
49250.00
49348.00
49435.00
49397.00
49270.00
49253.00
49341.00
49444.00
49391.00
49260.00
49232.00
49294.00
49391.00
49347.00
49242.00
49199.00
49284.00
49395.00
49344.00
49242.00
49196.00
49244.00
49389.00
49359.00
49257.00
49197.00
49263.00
49384.00
49356.00
49251.00
49196.00
49245.00
49368.00
49359.00
49265.00
49180.00
49238.00
49356.00
49350.00
49259.00
49170.00
49214.00
49333.00
49346.00
49247.00
49166.00
49192.00
49314.00
49328.00
49244.00
49152.00
49171.00
49276.00
49303.00
49212.00
49098.00
49122.00
49225.00
49255.00
49184.00
49078.00
49099.00
49214.00
49267.00
49192.00
49084.00
49093.00
49201.00
49257.00
49181.00
49075.00
49070.00
49173.00
49244.00
49174.00
49060.00
49064.00
49162.00
49242.00
49169.00
49049.00
49029.00
49127.00
49231.00
49167.00
49065.00
49035.00
49108.00
49208.00
49171.00
49061.00
49021.00
49086.00
49184.00
49131.00
49039.00
48985.00
49059.00
49165.00
49127.00
49044.00
48974.00
49043.00
49154.00
49132.00
49043.00
48996.00
49057.00
49157.00
49147.00
49044.00
48975.00
49029.00
49144.00
49138.00
49061.00
48972.00
49020.00
49136.00
49138.00
49056.00
48977.00
49011.00
49139.00
49140.00
49052.00
48965.00
48993.00
49104.00
49123.00
49043.00
48928.00
48948.00
49061.00
49095.00
49011.00
48907.00
48928.00
49046.00
49099.00
49025.00
48932.00
48941.00
49039.00
49099.00
49034.00
48928.00
48936.00
49026.00
49097.00
49046.00
48940.00
48939.00
49031.00
49114.00
49047.00
48950.00
48940.00
49025.00
49122.00
49069.00
48962.00
48937.00
49014.00
49110.00
49071.00
48957.00
48916.00
48989.00
49100.00
49051.00
48941.00
48905.00
48984.00
49075.00
49034.00
48942.00
48884.00
48947.00
49046.00
49024.00
48933.00
48877.00
48938.00
49046.00
49022.00
48944.00
48872.00
48922.00
49045.00
49030.00
48936.00
48865.00
48912.00
49021.00
49024.00
48944.00
48861.00
48890.00
49002.00
49028.00
48940.00
48852.00
48882.00
48992.00
49016.00
48937.00
48841.00
48880.00
48984.00
49006.00
48951.00
48856.00
48873.00
48976.00
49021.00
48944.00
48868.00
48862.00
48955.00
49009.00
48953.00
48857.00
48861.00
48937.00
48996.00
48938.00
48834.00
48834.00
48928.00
49007.00
48940.00
48831.00
48822.00
48909.00
49004.00
48947.00
48841.00
48831.00
48909.00
49007.00
48957.00
48853.00
48820.00
48910.00
49011.00
48972.00
48871.00
48847.00
48920.00
49012.00
48991.00
48885.00
48849.00
48905.00
48990.00
48977.00
48875.00
48815.00
48871.00
48990.00
48971.00
48880.00
48822.00
48872.00
48981.00
48974.00
48892.00
48828.00
48872.00
48970.00
48998.00
48906.00
48824.00
48853.00
48974.00
48976.00
48906.00
48826.00
48855.00
48967.00
48984.00
48898.00
48837.00
48858.00
48965.00
48993.00
48913.00
48839.00
48851.00
48946.00
48995.00
48925.00
48827.00
48845.00
48948.00
49003.00
48923.00
48838.00
48832.00
48934.00
49006.00
48934.00
48831.00
48844.00
48941.00
49018.00
48945.00
48849.00
48849.00
48947.00
48997.00
48966.00
48857.00
48838.00
48957.00
49016.00
48963.00
48867.00
48839.00
48911.00
49004.00
48969.00
48871.00
48829.00
48901.00
49011.00
48970.00
48866.00
48832.00
48901.00
49009.00
48978.00
48874.00
48823.00
48899.00
49004.00
48986.00
48888.00
48829.00
48902.00
49020.00
49004.00
48930.00
48849.00
48890.00
49020.00
49025.00
48957.00
48877.00
48941.00
49046.00
49064.00
48977.00
48897.00
48944.00
49073.00
49076.00
49005.00
48911.00
48939.00
49050.00
49095.00
49011.00
48914.00
48942.00
49041.00
49088.00
49012.00
48916.00
48921.00
49026.00
49072.00
48998.00
48907.00
48913.00
49002.00
49063.00
49000.00
48904.00
48903.00
48998.00
49061.00
49010.00
48908.00
48905.00
48978.00
49070.00
49008.00
48909.00
48886.00
48963.00
49064.00
49021.00
48894.00
48876.00
48936.00
49027.00
48957.00
48851.00
48799.00
48848.00
48921.00
48859.00
48713.00
48628.00
48653.00
48716.00
48648.00
48487.00
48360.00
48356.00
48365.00
48253.00
48053.00
47887.00
47837.00
47839.00
47725.00
47540.00
47397.00
47395.00
47452.00
47449.00
47361.00
47283.00
47317.00
47435.00
47449.00
47372.00
47303.00
47346.00
47452.00
47472.00
47369.00
47275.00
47302.00
47408.00
47426.00
47358.00
47256.00
47271.00
47384.00
47421.00
47349.00
47256.00
47273.00
47360.00
47401.00
47348.00
47250.00
47257.00
47363.00
47407.00
47372.00
47259.00
47275.00
47361.00
47425.00
47375.00
47279.00
47266.00
47359.00
47440.00
47386.00
47284.00
47280.00
47372.00
47459.00
47406.00
47318.00
47292.00
47359.00
47448.00
47422.00
47317.00
47288.00
47353.00
47451.00
47412.00
47318.00
47266.00
47326.00
47427.00
47399.00
47308.00
47260.00
47323.00
47420.00
47394.00
47326.00
47270.00
47317.00
47442.00
47424.00
47317.00
47269.00
47319.00
47419.00
47427.00
47344.00
47260.00
47291.00
47409.00
47428.00
47332.00
47258.00
47302.00
47399.00
47415.00
47353.00
47266.00
47292.00
47407.00
47433.00
47353.00
47266.00
47293.00
47396.00
47433.00
47355.00
47262.00
47269.00
47366.00
47417.00
47346.00
47258.00
47265.00
47368.00
47427.00
47366.00
47274.00
47274.00
47371.00
47435.00
47381.00
47268.00
47264.00
47347.00
47425.00
47382.00
47278.00
47271.00
47360.00
47420.00
47378.00
47270.00
47244.00
47312.00
47407.00
47353.00
47265.00
47226.00
47305.00
47416.00
47372.00
47271.00
47235.00
47310.00
47407.00
47381.00
47275.00
47224.00
47304.00
47415.00
47379.00
47302.00
47235.00
47302.00
47394.00
47395.00
47290.00
47224.00
47272.00
47403.00
47387.00
47290.00
47209.00
47247.00
47362.00
47381.00
47267.00
47200.00
47246.00
47354.00
47367.00
47295.00
47211.00
47257.00
47368.00
47380.00
47298.00
47208.00
47248.00
47342.00
47393.00
47323.00
47225.00
47242.00
47342.00
47392.00
47322.00
47227.00
47234.00
47335.00
47397.00
47342.00
47231.00
47230.00
47333.00
47400.00
47331.00
47232.00
47232.00
47327.00
47398.00
47338.00
47236.00
47226.00
47299.00
47403.00
47336.00
47234.00
47228.00
47290.00
47397.00
47334.00
47238.00
47189.00
47286.00
47370.00
47323.00
47216.00
47202.00
47260.00
47375.00
47333.00
47223.00
47209.00
47258.00
47378.00
47355.00
47263.00
47200.00
47261.00
47368.00
47342.00
47241.00
47190.00
47245.00
47344.00
47335.00
47249.00
47157.00
47223.00
47336.00
47338.00
47251.00
47182.00
47220.00
47359.00
47298.00
47210.00
47152.00
47174.00
47284.00
47289.00
47198.00
47122.00
47157.00
47251.00
47272.00
47201.00
47126.00
47139.00
47249.00
47267.00
47215.00
47123.00
47138.00
47240.00
47280.00
47201.00
47134.00
47128.00
47215.00
47271.00
47207.00
47103.00
47098.00
47193.00
47255.00
47189.00
47085.00
47089.00
47176.00
47229.00
47178.00
47071.00
47052.00
47143.00
47223.00
47181.00
47085.00
47070.00
47152.00
47232.00
47182.00
47083.00
47075.00
47153.00
47235.00
47199.00
47112.00
47095.00
47151.00
47245.00
47221.00
47120.00
47094.00
47154.00
47249.00
47227.00
47141.00
47114.00
47153.00
47248.00
47230.00
47145.00
47108.00
47150.00
47247.00
47228.00
47158.00
47107.00
47151.00
47244.00
47221.00
47176.00
47124.00
47149.00
47239.00
47226.00
47178.00
47107.00
47148.00
47252.00
47239.00
47194.00
47125.00
47159.00
47237.00
47262.00
47200.00
47131.00
47165.00
47234.00
47268.00
47214.00
47134.00
47158.00
47222.00
47250.00
47205.00
47125.00
47137.00
47207.00
47240.00
47187.00
47113.00
47129.00
47192.00
47237.00
47189.00
47129.00
47122.00
47193.00
47243.00
47202.00
47139.00
47126.00
47176.00
47243.00
47190.00
47118.00
47108.00
47159.00
47205.00
47183.00
47098.00
47076.00
47149.00
47215.00
47167.00
47098.00
47075.00
47132.00
47204.00
47177.00
47105.00
47096.00
47159.00
47224.00
47214.00
47140.00
47112.00
47164.00
47231.00
47214.00
47129.00
47107.00
47154.00
47234.00
47222.00
47147.00
47121.00
47172.00
47247.00
47236.00
47170.00
47117.00
47157.00
47222.00
47211.00
47144.00
47081.00
47133.00
47223.00
47231.00
47159.00
47098.00
47139.00
47213.00
47226.00
47165.00
47109.00
47132.00
47229.00
47248.00
47182.00
47121.00
47138.00
47210.00
47245.00
47177.00
47112.00
47147.00
47217.00
47261.00
47197.00
47120.00
47135.00
47220.00
47257.00
47210.00
47143.00
47141.00
47216.00
47256.00
47222.00
47141.00
47148.00
47213.00
47279.00
47233.00
47161.00
47143.00
47219.00
47280.00
47246.00
47169.00
47150.00
47216.00
47277.00
47251.00
47168.00
47158.00
47213.00
47280.00
47223.00
47160.00
47133.00
47209.00
47267.00
47248.00
47165.00
47149.00
47183.00
47262.00
47232.00
47148.00
47118.00
47156.00
47212.00
47162.00
47058.00
46946.00
46938.00
46930.00
46809.00
46635.00
46462.00
46398.00
46301.00
46134.00
45911.00
45748.00
45668.00
45668.00
45560.00
45422.00
45293.00
45256.00
45259.00
45211.00
45092.00
44977.00
44957.00
44986.00
44938.00
44802.00
44695.00
44669.00
44691.00
44678.00
44596.00
44504.00
44488.00
44511.00
44489.00
44418.00
44339.00
44323.00
44382.00
44395.00
44346.00
44287.00
44269.00
44354.00
44382.00
44341.00
44277.00
44280.00
44346.00
44391.00
44358.00
44287.00
44297.00
44365.00
44427.00
44391.00
44339.00
44350.00
44383.00
44454.00
44427.00
44369.00
44364.00
44428.00
44495.00
44478.00
44420.00
44422.00
44480.00
44545.00
44537.00
44477.00
44446.00
44528.00
44584.00
44558.00
44500.00
44476.00
44521.00
44584.00
44567.00
44518.00
44480.00
44522.00
44594.00
44585.00
44531.00
44490.00
44545.00
44621.00
44604.00
44556.00
44509.00
44553.00
44638.00
44627.00
44573.00
44520.00
44535.00
44590.00
44585.00
44538.00
44474.00
44500.00
44552.00
44601.00
44539.00
44464.00
44517.00
44569.00
44588.00
44542.00
44492.00
44498.00
44570.00
44600.00
44550.00
44498.00
44503.00
44558.00
44598.00
44544.00
44486.00
44491.00
44537.00
44588.00
44551.00
44477.00
44478.00
44533.00
44573.00
44548.00
44477.00
44483.00
44536.00
44578.00
44544.00
44491.00
44480.00
44536.00
44594.00
44561.00
44502.00
44484.00
44535.00
44607.00
44568.00
44508.00
44482.00
44534.00
44602.00
44562.00
44501.00
44478.00
44533.00
44598.00
44570.00
44516.00
44483.00
44528.00
44588.00
44575.00
44513.00
44492.00
44531.00
44580.00
44589.00
44535.00
44485.00
44521.00
44599.00
44591.00
44531.00
44468.00
44505.00
44591.00
44580.00
44532.00
44469.00
44502.00
44572.00
44572.00
44529.00
44466.00
44470.00
44566.00
44581.00
44529.00
44465.00
44495.00
44563.00
44584.00
44546.00
44480.00
44498.00
44561.00
44605.00
44562.00
44497.00
44494.00
44546.00
44589.00
44540.00
44491.00
44488.00
44554.00
44597.00
44547.00
44488.00
44486.00
44526.00
44593.00
44556.00
44490.00
44485.00
44537.00
44588.00
44567.00
44500.00
44476.00
44521.00
44592.00
44576.00
44504.00
44490.00
44536.00
44607.00
44599.00
44523.00
44493.00
44549.00
44598.00
44605.00
44538.00
44499.00
44536.00
44612.00
44592.00
44507.00
44474.00
44510.00
44596.00
44579.00
44531.00
44472.00
44511.00
44579.00
44576.00
44531.00
44486.00
44502.00
44592.00
44585.00
44527.00
44466.00
44493.00
44568.00
44582.00
44529.00
44479.00
44490.00
44562.00
44598.00
44545.00
44476.00
44501.00
44576.00
44599.00
44560.00
44505.00
44513.00
44583.00
44616.00
44559.00
44499.00
44509.00
44575.00
44604.00
44561.00
44494.00
44479.00
44543.00
44601.00
44560.00
44484.00
44457.00
44511.00
44581.00
44562.00
44497.00
44477.00
44538.00
44603.00
44556.00
44495.00
44485.00
44536.00
44611.00
44579.00
44517.00
44482.00
44525.00
44600.00
44576.00
44507.00
44467.00
44519.00
44604.00
44587.00
44515.00
44483.00
44516.00
44588.00
44583.00
44512.00
44478.00
44514.00
44576.00
44583.00
44512.00
44480.00
44494.00
44566.00
44568.00
44520.00
44460.00
44485.00
44574.00
44590.00
44534.00
44472.00
44513.00
44575.00
44597.00
44538.00
44490.00
44506.00
44576.00
44591.00
44555.00
44494.00
44489.00
44561.00
44606.00
44557.00
44480.00
44479.00
44556.00
44598.00
44546.00
44471.00
44477.00
44555.00
44606.00
44555.00
44492.00
44482.00
44539.00
44608.00
44557.00
44497.00
44484.00
44545.00
44611.00
44583.00
44513.00
44498.00
44540.00
44600.00
44566.00
44512.00
44483.00
44526.00
44605.00
44588.00
44503.00
44469.00
44523.00
44591.00
44569.00
44519.00
44469.00
44519.00
44583.00
44581.00
44523.00
44473.00
44524.00
44576.00
44587.00
44544.00
44483.00
44515.00
44591.00
44582.00
44556.00
44491.00
44509.00
44598.00
44598.00
44546.00
44486.00
44513.00
44586.00
44609.00
44551.00
44494.00
44492.00
44569.00
44590.00
44549.00
44481.00
44504.00
44555.00
44601.00
44552.00
44488.00
44490.00
44554.00
44602.00
44552.00
44495.00
44487.00
44551.00
44607.00
44570.00
44488.00
44482.00
44539.00
44590.00
44560.00
44496.00
44482.00
44531.00
44615.00
44558.00
44490.00
44475.00
44529.00
44584.00
44569.00
44500.00
44459.00
44514.00
44585.00
44569.00
44509.00
44451.00
44518.00
44585.00
44576.00
44508.00
44473.00
44521.00
44591.00
44592.00
44519.00
44478.00
44509.00
44585.00
44595.00
44545.00
44479.00
44509.00
44575.00
44592.00
44529.00
44461.00
44498.00
44554.00
44583.00
44545.00
44476.00
44482.00
44564.00
44598.00
44540.00
44486.00
44495.00
44560.00
44593.00
44550.00
44487.00
44481.00
44555.00
44597.00
44556.00
44487.00
44479.00
44543.00
44595.00
44553.00
44481.00
44468.00
44528.00
44593.00
44552.00
44488.00
44476.00
44531.00
44590.00
44559.00
44481.00
44453.00
44518.00
44579.00
44551.00
44475.00
44454.00
44497.00
44570.00
44542.00
44467.00
44428.00
44485.00
44560.00
44535.00
44468.00
44401.00
44437.00
44498.00
44473.00
44352.00
44270.00
44244.00
44248.00
44133.00
43969.00
43761.00
43630.00
43593.00
43469.00
43295.00
43137.00
43075.00
43063.00
43038.00
42896.00
42797.00
42751.00
42777.00
42765.00
42678.00
42587.00
42552.00
42595.00
42591.00
42554.00
42464.00
42450.00
42503.00
42538.00
42511.00
42454.00
42466.00
42518.00
42549.00
42514.00
42449.00
42426.00
42474.00
42516.00
42465.00
42399.00
42378.00
42432.00
42471.00
42448.00
42377.00
42348.00
42401.00
42457.00
42432.00
42363.00
42338.00
42374.00
42456.00
42411.00
42366.00
42340.00
42379.00
42454.00
42433.00
42356.00
42333.00
42367.00
42432.00
42439.00
42367.00
42331.00
42351.00
42405.00
42424.00
42373.00
42316.00
42342.00
42394.00
42410.00
42365.00
42311.00
42328.00
42392.00
42408.00
42361.00
42307.00
42331.00
42372.00
42405.00
42354.00
42295.00
42327.00
42384.00
42404.00
42369.00
42302.00
42314.00
42388.00
42404.00
42355.00
42289.00
42283.00
42355.00
42402.00
42353.00
42292.00
42285.00
42335.00
42405.00
42389.00
42303.00
42281.00
42340.00
42405.00
42372.00
42296.00
42281.00
42333.00
42400.00
42362.00
42288.00
42272.00
42298.00
42373.00
42363.00
42290.00
42288.00
42310.00
42373.00
42356.00
42305.00
42267.00
42294.00
42376.00
42361.00
42313.00
42260.00
42297.00
42368.00
42368.00
42316.00
42263.00
42305.00
42357.00
42364.00
42318.00
42273.00
42292.00
42356.00
42368.00
42320.00
42262.00
42287.00
42348.00
42364.00
42319.00
42279.00
42273.00
42335.00
42366.00
42330.00
42272.00
42275.00
42324.00
42375.00
42340.00
42279.00
42259.00
42335.00
42396.00
42325.00
42267.00
42260.00
42325.00
42380.00
42356.00
42276.00
42266.00
42316.00
42377.00
42336.00
42268.00
42265.00
42315.00
42362.00
42355.00
42298.00
42240.00
42304.00
42358.00
42349.00
42278.00
42259.00
42313.00
42360.00
42359.00
42288.00
42254.00
42293.00
42370.00
42358.00
42298.00
42255.00
42281.00
42360.00
42361.00
42301.00
42256.00
42274.00
42346.00
42352.00
42304.00
42254.00
42264.00
42345.00
42347.00
42301.00
42254.00
42262.00
42337.00
42358.00
42320.00
42269.00
42258.00
42334.00
42347.00
42317.00
42239.00
42243.00
42293.00
42343.00
42309.00
42247.00
42242.00
42315.00
42331.00
42299.00
42252.00
42252.00
42304.00
42346.00
42303.00
42256.00
42220.00
42283.00
42343.00
42304.00
42253.00
42222.00
42291.00
42341.00
42301.00
42253.00
42224.00
42269.00
42341.00
42311.00
42263.00
42227.00
42270.00
42341.00
42333.00
42279.00
42228.00
42273.00
42321.00
42330.00
42263.00
42233.00
42265.00
42344.00
42320.00
42257.00
42235.00
42243.00
42326.00
42329.00
42271.00
42239.00
42249.00
42318.00
42317.00
42290.00
42237.00
42263.00
42326.00
42340.00
42281.00
42220.00
42230.00
42303.00
42317.00
42271.00
42223.00
42229.00
42289.00
42319.00
42279.00
42228.00
42217.00
42266.00
42322.00
42284.00
42222.00
42203.00
42272.00
42329.00
42286.00
42209.00
42232.00
42269.00
42321.00
42278.00
42212.00
42216.00
42254.00
42310.00
42274.00
42215.00
42199.00
42240.00
42314.00
42291.00
42227.00
42210.00
42251.00
42313.00
42305.00
42222.00
42208.00
42242.00
42307.00
42309.00
42255.00
42209.00
42251.00
42298.00
42302.00
42246.00
42200.00
42227.00
42298.00
42302.00
42262.00
42210.00
42221.00
42305.00
42305.00
42265.00
42216.00
42214.00
42287.00
42308.00
42265.00
42193.00
42201.00
42295.00
42304.00
42263.00
42199.00
42213.00
42283.00
42308.00
42254.00
42212.00
42193.00
42260.00
42297.00
42258.00
42219.00
42194.00
42253.00
42313.00
42272.00
42206.00
42184.00
42239.00
42304.00
42273.00
42211.00
42186.00
42247.00
42286.00
42275.00
42216.00
42203.00
42237.00
42301.00
42292.00
42217.00
42175.00
42228.00
42287.00
42283.00
42234.00
42186.00
42220.00
42296.00
42299.00
42221.00
42200.00
42212.00
42277.00
42296.00
42231.00
42202.00
42221.00
42279.00
42290.00
42241.00
42194.00
42211.00
42278.00
42289.00
42253.00
42186.00
42213.00
42267.00
42301.00
42241.00
42203.00
42202.00
42265.00
42289.00
42240.00
42202.00
