21245.00
21222.00
21259.00
21270.00
21279.00
21249.00
21273.00
21273.00
21298.00
21269.00
21272.00
21264.00
21294.00
21277.00
21301.00
21282.00
21264.00
21262.00
21289.00
21277.00
21293.00
21290.00
21280.00
21295.00
21276.00
21273.00
21270.00
21257.00
21277.00
21282.00
21276.00
21260.00
21264.00
21259.00
21251.00
21286.00
21279.00
21262.00
21280.00
21300.00
21274.00
21267.00
21263.00
21267.00
21283.00
21279.00
21279.00
21277.00
21277.00
21296.00
21302.00
21283.00
21275.00
21284.00
21308.00
21309.00
21288.00
21278.00
21283.00
21286.00
21314.00
21299.00
21291.00
21294.00
21271.00
21293.00
21262.00
21267.00
21252.00
21293.00
21279.00
21278.00
21279.00
21279.00
21300.00
21294.00
21271.00
21266.00
21254.00
21270.00
21292.00
21280.00
21252.00
21261.00
21287.00
21285.00
21278.00
21266.00
21259.00
21271.00
21274.00
21278.00
21256.00
21259.00
21275.00
21295.00
21259.00
21255.00
21238.00
21257.00
21284.00
21273.00
21239.00
21245.00
21247.00
21286.00
21286.00
21267.00
21262.00
21272.00
21290.00
21282.00
21266.00
21269.00
21280.00
21266.00
21258.00
21241.00
21263.00
21244.00
21259.00
21261.00
21254.00
21257.00
21270.00
21270.00
21268.00
21254.00
21274.00
21254.00
21264.00
21256.00
21257.00
21247.00
21255.00
21267.00
21246.00
21250.00
21247.00
21272.00
21267.00
21263.00
21263.00
21255.00
21232.00
21228.00
21267.00
21237.00
21243.00
21251.00
21280.00
21278.00
21290.00
21261.00
21263.00
21265.00
21282.00
21248.00
21251.00
21255.00
21257.00
21247.00
21235.00
21199.00
21206.00
21231.00
21235.00
21226.00
21213.00
21227.00
21243.00
21220.00
21278.00
21225.00
21225.00
21226.00
21247.00
21240.00
21242.00
21224.00
21243.00
21232.00
21258.00
21254.00
21237.00
21256.00
21265.00
21248.00
21254.00
21244.00
21238.00
21209.00
21241.00
21223.00
21222.00
21241.00
21259.00
21262.00
21233.00
21228.00
21235.00
21240.00
21267.00
21240.00
21241.00
21248.00
21261.00
21254.00
21264.00
21259.00
21230.00
21260.00
21255.00
21260.00
21238.00
21253.00
21259.00
21262.00
21262.00
21238.00
21244.00
21270.00
21264.00
21256.00
21237.00
21237.00
21272.00
21298.00
21295.00
21266.00
21262.00
21267.00
21290.00
21296.00
21290.00
21262.00
21286.00
21289.00
21288.00
21274.00
21279.00
21279.00
21260.00
21246.00
21269.00
21258.00
21242.00
21271.00
21273.00
21266.00
21262.00
21272.00
21292.00
21258.00
21262.00
21244.00
21267.00
21272.00
21266.00
21273.00
21279.00
21252.00
21292.00
21280.00
21246.00
21286.00
21254.00
21264.00
21302.00
21264.00
21284.00
21282.00
21301.00
21295.00
21259.00
21278.00
21263.00
21272.00
21294.00
21277.00
21264.00
21276.00
21308.00
21302.00
21294.00
21269.00
21288.00
21311.00
21293.00
21289.00
21279.00
21273.00
21310.00
21309.00
21300.00
21293.00
21279.00
21323.00
21334.00
21288.00
21277.00
21290.00
21312.00
21325.00
21322.00
21297.00
21307.00
21301.00
21309.00
21287.00
21282.00
21283.00
21285.00
21313.00
21300.00
21267.00
21280.00
21302.00
21312.00
21300.00
21290.00
21290.00
21288.00
21312.00
21325.00
21321.00
21296.00
21301.00
21308.00
21307.00
21290.00
21286.00
21312.00
21313.00
21344.00
21287.00
21285.00
21316.00
21317.00
21306.00
21297.00
21278.00
21276.00
21287.00
21307.00
21291.00
21300.00
21296.00
21324.00
21331.00
21309.00
21309.00
21329.00
21315.00
21338.00
21313.00
21301.00
21306.00
21322.00
21362.00
21323.00
21314.00
21302.00
21297.00
21311.00
21300.00
21283.00
21298.00
21317.00
21325.00
21321.00
21322.00
21290.00
21336.00
21333.00
21333.00
21312.00
21346.00
21344.00
21356.00
21353.00
21337.00
21340.00
21348.00
21356.00
21342.00
21319.00
21319.00
21326.00
21315.00
21327.00
21319.00
21315.00
21317.00
21312.00
21332.00
21310.00
21294.00
21319.00
21326.00
21318.00
21326.00
21285.00
21308.00
21305.00
21315.00
21288.00
21270.00
21275.00
21289.00
21277.00
21290.00
21284.00
21268.00
21282.00
21279.00
21289.00
21269.00
21267.00
21288.00
21270.00
21254.00
21244.00
21271.00
21293.00
21275.00
21289.00
21232.00
21248.00
21271.00
21257.00
21258.00
21242.00
21221.00
21264.00
21262.00
21265.00
21274.00
21295.00
21287.00
21291.00
21293.00
21265.00
21252.00
21282.00
21277.00
21289.00
21275.00
21294.00
21297.00
21324.00
21316.00
21294.00
21283.00
21306.00
21311.00
21307.00
21284.00
21298.00
21318.00
21319.00
21305.00
21295.00
21298.00
21303.00
21309.00
21289.00
21298.00
21304.00
21335.00
21365.00
21351.00
21354.00
21372.00
21372.00
21383.00
21395.00
21414.00
21392.00
21440.00
21443.00
21474.00
21449.00
21467.00
21485.00
21490.00
21507.00
21503.00
21522.00
21532.00
21555.00
21532.00
21553.00
21543.00
21530.00
21545.00
21532.00
21524.00
21538.00
21536.00
21561.00
21536.00
21543.00
21516.00
21531.00
21533.00
21528.00
21511.00
21508.00
21491.00
21478.00
21478.00
21487.00
21433.00
21442.00
21453.00
21435.00
21408.00
21384.00
21375.00
21382.00
21357.00
21372.00
21344.00
21298.00
21308.00
21284.00
21256.00
21220.00
21190.00
21194.00
21212.00
21192.00
21153.00
21153.00
21131.00
21130.00
21118.00
21069.00
21054.00
21072.00
21047.00
21060.00
21035.00
21006.00
20989.00
20977.00
20971.00
20940.00
20936.00
20924.00
20944.00
20920.00
20903.00
20892.00
20890.00
20895.00
20883.00
20859.00
20859.00
20841.00
20828.00
20837.00
20820.00
20781.00
20804.00
20829.00
20846.00
20810.00
20805.00
20804.00
20833.00
20840.00
20808.00
20814.00
20814.00
20856.00
20834.00
20833.00
20851.00
20832.00
20854.00
20859.00
20870.00
20852.00
20874.00
20893.00
20905.00
20890.00
20902.00
20902.00
20939.00
20945.00
20919.00
20926.00
20950.00
20943.00
20991.00
20990.00
20989.00
21000.00
21002.00
21041.00
21023.00
21007.00
21014.00
21058.00
21054.00
21072.00
21065.00
21076.00
21101.00
21109.00
21113.00
21101.00
21109.00
21132.00
21147.00
21162.00
21140.00
21144.00
21172.00
21202.00
21197.00
21180.00
21179.00
21202.00
21215.00
21213.00
21216.00
21221.00
21242.00
21269.00
21258.00
21235.00
21231.00
21256.00
21293.00
21307.00
21309.00
21332.00
21355.00
21356.00
21363.00
21385.00
21345.00
21383.00
21386.00
21405.00
21410.00
21400.00
21440.00
21459.00
21475.00
21492.00
21475.00
21463.00
21515.00
21541.00
21529.00
21533.00
21542.00
21553.00
21569.00
21584.00
21575.00
21567.00
21580.00
21602.00
21576.00
21581.00
21578.00
21591.00
21597.00
21575.00
21570.00
21565.00
21554.00
21546.00
21530.00
21511.00
21509.00
21537.00
21503.00
21530.00
21482.00
21488.00
21492.00
21488.00
21478.00
21473.00
21453.00
21498.00
21493.00
21511.00
21514.00
21478.00
21524.00
21537.00
21535.00
21508.00
21540.00
21553.00
21598.00
21603.00
21589.00
21570.00
21573.00
21591.00
21580.00
21582.00
21581.00
21565.00
21575.00
21587.00
21559.00
21553.00
21539.00
21536.00
21533.00
21488.00
21463.00
21457.00
21446.00
21408.00
21434.00
21387.00
21383.00
21381.00
21319.00
21280.00
21286.00
21239.00
21263.00
21233.00
21229.00
21173.00
21184.00
21188.00
21174.00
21159.00
21123.00
21108.00
21090.00
21110.00
21091.00
21064.00
21041.00
21029.00
21031.00
21022.00
20990.00
20970.00
20974.00
20975.00
20926.00
20878.00
20901.00
20892.00
20895.00
20853.00
20840.00
20822.00
20828.00
20818.00
20786.00
20775.00
20788.00
20765.00
20780.00
20778.00
20763.00
20744.00
20748.00
20758.00
20781.00
20755.00
20753.00
20737.00
20788.00
20777.00
20765.00
20779.00
20780.00
20802.00
20813.00
20833.00
20834.00
20847.00
20877.00
20889.00
20888.00
20905.00
20918.00
20950.00
20963.00
20969.00
20964.00
20992.00
21014.00
21021.00
21040.00
21066.00
21064.00
21118.00
21109.00
21094.00
21099.00
21139.00
21148.00
21165.00
21148.00
21164.00
21136.00
21212.00
21212.00
21210.00
21189.00
21184.00
21247.00
21255.00
21236.00
21243.00
21270.00
21274.00
21295.00
21312.00
21310.00
21302.00
21345.00
21356.00
21374.00
21329.00
21377.00
21425.00
21440.00
21453.00
21451.00
21453.00
21471.00
21479.00
21466.00
21472.00
21482.00
21496.00
21515.00
21547.00
21539.00
21520.00
21522.00
21567.00
21567.00
21555.00
21563.00
21554.00
21598.00
21592.00
21575.00
21592.00
21563.00
21578.00
21569.00
21576.00
21555.00
21558.00
21571.00
21563.00
21563.00
21560.00
21541.00
21552.00
21571.00
21542.00
21537.00
21474.00
21512.00
21495.00
21491.00
21477.00
21465.00
21454.00
21431.00
21411.00
21367.00
21363.00
21315.00
21293.00
21281.00
21223.00
21219.00
21215.00
21188.00
21184.00
21171.00
21136.00
21151.00
21149.00
21140.00
21135.00
21161.00
21193.00
21196.00
21218.00
21247.00
21273.00
21337.00
21355.00
21379.00
21387.00
21427.00
21449.00
21508.00
21524.00
21524.00
21539.00
21562.00
21582.00
21549.00
21555.00
21517.00
21512.00
21520.00
21505.00
21488.00
21475.00
21454.00
21480.00
21406.00
21371.00
21367.00
21381.00
21346.00
21312.00
21270.00
21237.00
21230.00
21233.00
21223.00
21191.00
21129.00
21087.00
21100.00
21073.00
21042.00
21027.00
21036.00
21022.00
21014.00
20983.00
20956.00
20936.00
20917.00
20892.00
20867.00
20815.00
20833.00
20837.00
20810.00
20778.00
20756.00
20716.00
20731.00
20743.00
20714.00
20699.00
20721.00
20707.00
20711.00
20671.00
20678.00
20645.00
20695.00
20674.00
20693.00
20697.00
20708.00
20721.00
20717.00
20758.00
20727.00
20755.00
20762.00
20784.00
20796.00
20795.00
20784.00
20804.00
20818.00
20838.00
20837.00
20863.00
20884.00
20915.00
20914.00
20926.00
20932.00
20969.00
21001.00
21010.00
21027.00
21050.00
21076.00
21110.00
21103.00
21085.00
21078.00
21128.00
21116.00
21143.00
21166.00
21165.00
21200.00
21209.00
21225.00
21224.00
21247.00
21260.00
21282.00
21286.00
21295.00
21296.00
21348.00
21354.00
21365.00
21380.00
21415.00
21413.00
21406.00
21441.00
21439.00
21419.00
21469.00
21500.00
21498.00
21511.00
21488.00
21525.00
21504.00
21545.00
21538.00
21537.00
21556.00
21567.00
21589.00
21579.00
21597.00
21586.00
21624.00
21635.00
21630.00
21581.00
21593.00
21610.00
21612.00
21587.00
21588.00
21594.00
21581.00
21585.00
21553.00
21539.00
21560.00
21538.00
21534.00
21502.00
21461.00
21465.00
21444.00
21450.00
21451.00
21418.00
21409.00
21417.00
21421.00
21410.00
21367.00
21399.00
21378.00
21434.00
21405.00
21393.00
21435.00
21464.00
21451.00
21481.00
21490.00
21502.00
21532.00
21558.00
21572.00
21560.00
21574.00
21577.00
21588.00
21592.00
21581.00
21572.00
21559.00
21582.00
21565.00
21561.00
21537.00
21517.00
21468.00
21450.00
21423.00
21417.00
21361.00
21379.00
21344.00
21310.00
21264.00
21238.00
21262.00
21209.00
21204.00
21167.00
21159.00
21138.00
21110.00
21087.00
21063.00
21053.00
21042.00
21029.00
20993.00
20950.00
20921.00
20932.00
20920.00
20894.00
20859.00
20848.00
20882.00
20872.00
20841.00
20804.00
20783.00
20776.00
20786.00
20777.00
20743.00
20736.00
20762.00
20795.00
20787.00
20781.00
20769.00
20812.00
20826.00
20823.00
20819.00
20822.00
20860.00
20870.00
20876.00
20861.00
20881.00
20917.00
20934.00
20956.00
20980.00
20980.00
21019.00
21062.00
21083.00
21099.00
21145.00
21184.00
21178.00
21184.00
21182.00
21192.00
21244.00
21282.00
21283.00
21301.00
21341.00
21358.00
21397.00
21407.00
21416.00
21401.00
21410.00
21430.00
21431.00
21412.00
21457.00
21459.00
21493.00
21516.00
21523.00
21541.00
21542.00
21556.00
21549.00
21548.00
21533.00
21539.00
21566.00
21562.00
21583.00
21566.00
21585.00
21596.00
21595.00
21594.00
21579.00
21564.00
21579.00
21562.00
21523.00
21514.00
21538.00
21526.00
21508.00
21498.00
21438.00
21437.00
21442.00
21422.00
21409.00
21380.00
21384.00
21371.00
21348.00
21358.00
21308.00
21333.00
21384.00
21389.00
21360.00
21362.00
21386.00
21436.00
21451.00
21420.00
21423.00
21470.00
21483.00
21493.00
21513.00
21526.00
21541.00
21574.00
21578.00
21590.00
21582.00
21573.00
21605.00
21612.00
21629.00
21607.00
21593.00
21601.00
21594.00
21596.00
21563.00
21577.00
21532.00
21515.00
21479.00
21472.00
21440.00
21435.00
21417.00
21402.00
21382.00
21357.00
21352.00
21319.00
21301.00
21273.00
21260.00
21244.00
21229.00
21235.00
21170.00
21163.00
21161.00
21165.00
21135.00
21103.00
21049.00
21032.00
21041.00
20987.00
20996.00
20950.00
20951.00
20939.00
20929.00
20894.00
20864.00
20856.00
20844.00
20847.00
20828.00
20807.00
20794.00
20801.00
20801.00
20800.00
20782.00
20793.00
20785.00
20822.00
20801.00
20791.00
20817.00
20818.00
20837.00
20816.00
20814.00
20828.00
20857.00
20864.00
20878.00
20846.00
20869.00
20889.00
20915.00
20922.00
20927.00
20945.00
21002.00
21003.00
21029.00
20986.00
21015.00
21039.00
21067.00
21098.00
21107.00
21099.00
21137.00
21177.00
21182.00
21182.00
21171.00
21206.00
21252.00
21256.00
21252.00
21261.00
21261.00
21305.00
21330.00
21345.00
21315.00
21335.00
21386.00
21393.00
21389.00
21396.00
21415.00
21431.00
21445.00
21414.00
21426.00
21421.00
21455.00
21472.00
21465.00
21459.00
21471.00
21481.00
21518.00
21519.00
21514.00
21513.00
21527.00
21559.00
21556.00
21580.00
21562.00
21582.00
21597.00
21602.00
21600.00
21571.00
21597.00
21591.00
21585.00
21526.00
21540.00
21549.00
21540.00
21552.00
21556.00
21518.00
21552.00
21538.00
21541.00
21529.00
21490.00
21480.00
21505.00
21500.00
21467.00
21472.00
21434.00
21426.00
21417.00
21376.00
21375.00
21379.00
21389.00
21355.00
21374.00
21346.00
21378.00
21367.00
21363.00
21334.00
21352.00
21353.00
21355.00
21367.00
21375.00
21368.00
21379.00
21422.00
21438.00
21454.00
21489.00
21522.00
21522.00
21531.00
21537.00
21524.00
21524.00
21569.00
21581.00
21571.00
21528.00
21562.00
21493.00
21498.00
21478.00
21472.00
21436.00
21390.00
21393.00
21341.00
21352.00
21347.00
21358.00
21342.00
21302.00
21264.00
21244.00
21250.00
21236.00
21239.00
21204.00
21175.00
21146.00
21138.00
21109.00
21072.00
21069.00
21077.00
21059.00
21044.00
21007.00
20982.00
20981.00
20951.00
20950.00
20884.00
20888.00
20852.00
20831.00
20855.00
20803.00
20791.00
20765.00
20759.00
20751.00
20721.00
20723.00
20704.00
20702.00
20702.00
20672.00
20691.00
20716.00
20741.00
20725.00
20705.00
20718.00
20766.00
20781.00
20816.00
20818.00
20825.00
20855.00
20860.00
20882.00
20874.00
20873.00
20887.00
20910.00
20959.00
20978.00
20984.00
20991.00
21043.00
21085.00
21079.00
21082.00
21087.00
21121.00
21163.00
21157.00
21186.00
21191.00
21235.00
21263.00
21269.00
21258.00
21293.00
21309.00
21294.00
21310.00
21293.00
21316.00
21345.00
21355.00
21327.00
21349.00
21331.00
21403.00
21423.00
21405.00
21402.00
21406.00
21437.00
21464.00
21446.00
21511.00
21508.00
21512.00
21531.00
21550.00
21528.00
21529.00
21535.00
21560.00
21579.00
21539.00
21585.00
21566.00
21563.00
21580.00
21565.00
21588.00
21526.00
21569.00
21531.00
21540.00
21524.00
21512.00
21555.00
21562.00
21549.00
21523.00
21536.00
21532.00
21506.00
21506.00
21484.00
21491.00
21475.00
21469.00
21466.00
21428.00
21378.00
21403.00
21386.00
21334.00
21317.00
21281.00
21259.00
21265.00
21212.00
21186.00
21162.00
21149.00
21146.00
21144.00
21117.00
21111.00
21115.00
21139.00
21122.00
21090.00
21091.00
21105.00
21114.00
21126.00
21107.00
21151.00
21180.00
21193.00
21222.00
21244.00
21266.00
21335.00
21382.00
21442.00
21453.00
21487.00
21548.00
21587.00
21613.00
21598.00
21626.00
21615.00
21617.00
21624.00
21620.00
21608.00
21585.00
21579.00
21561.00
21507.00
21513.00
21507.00
21488.00
21442.00
21413.00
21368.00
21346.00
21327.00
21317.00
21323.00
21248.00
21222.00
21214.00
21198.00
21180.00
21139.00
21126.00
21109.00
21086.00
21069.00
21018.00
21006.00
21013.00
20986.00
20976.00
20961.00
20944.00
20921.00
20935.00
20884.00
20866.00
20827.00
20837.00
20822.00
20804.00
20801.00
20800.00
20796.00
20797.00
20805.00
20787.00
20776.00
20755.00
20784.00
20816.00
20782.00
20802.00
20849.00
20862.00
20856.00
20852.00
20875.00
20892.00
20895.00
20946.00
20959.00
20970.00
21029.00
21063.00
21090.00
21066.00
21115.00
21111.00
21150.00
21174.00
21196.00
21197.00
21217.00
21270.00
21303.00
21322.00
21283.00
21322.00
21366.00
21369.00
21375.00
21325.00
21381.00
21407.00
21438.00
21425.00
21426.00
21433.00
21443.00
21464.00
21488.00
21473.00
21513.00
21523.00
21549.00
21545.00
21548.00
21541.00
21600.00
21589.00
21588.00
21586.00
21578.00
21601.00
21574.00
21567.00
21560.00
21556.00
21602.00
21578.00
21582.00
21550.00
21529.00
21564.00
21541.00
21504.00
21503.00
21502.00
21511.00
21518.00
21494.00
21472.00
21458.00
21417.00
21432.00
21405.00
21377.00
21318.00
21296.00
21266.00
21227.00
21157.00
21132.00
21085.00
21067.00
21030.00
20984.00
20963.00
20982.00
20965.00
20932.00
20918.00
20896.00
20878.00
20911.00
20925.00
20894.00
20920.00
20955.00
21017.00
21054.00
21112.00
21145.00
21207.00
21293.00
21331.00
21369.00
21443.00
21510.00
21553.00
21559.00
21585.00
21593.00
21590.00
21603.00
21609.00
21588.00
21564.00
21561.00
21542.00
21531.00
21488.00
21455.00
21434.00
21415.00
21402.00
21354.00
21309.00
21260.00
21258.00
21240.00
21205.00
21164.00
21145.00
21145.00
21120.00
21097.00
21060.00
21026.00
21022.00
20981.00
20987.00
20932.00
20891.00
20913.00
20916.00
20931.00
20863.00
20868.00
20856.00
20853.00
20857.00
20834.00
20834.00
20836.00
20853.00
20852.00
20848.00
20854.00
20845.00
20881.00
20873.00
20866.00
20860.00
20891.00
20907.00
20933.00
20927.00
20915.00
20954.00
20974.00
21002.00
21034.00
21046.00
21085.00
21123.00
21163.00
21202.00
21183.00
21211.00
21252.00
21275.00
21272.00
21292.00
21306.00
21342.00
21369.00
21383.00
21384.00
21399.00
21437.00
21460.00
21456.00
21453.00
21472.00
21474.00
21495.00
21502.00
21479.00
21505.00
21512.00
21527.00
21534.00
21517.00
21502.00
21538.00
21528.00
21512.00
21506.00
21532.00
21551.00
21556.00
21531.00
21496.00
21509.00
21509.00
21508.00
21510.00
21510.00
21467.00
21459.00
21450.00
21417.00
21333.00
21285.00
21243.00
21179.00
21125.00
21061.00
21055.00
21054.00
21066.00
21036.00
21004.00
21003.00
21045.00
21072.00
21100.00
21110.00
21118.00
21141.00
21202.00
21241.00
21286.00
21286.00
21353.00
21425.00
21456.00
21492.00
21514.00
21554.00
21568.00
21593.00
21568.00
21594.00
21639.00
21611.00
21580.00
21549.00
21504.00
21496.00
21496.00
21457.00
21426.00
21374.00
21347.00
21353.00
21325.00
21289.00
21249.00
21229.00
21227.00
21194.00
21156.00
21126.00
21082.00
21082.00
21077.00
21026.00
20992.00
20991.00
20966.00
20957.00
20952.00
20893.00
20908.00
20913.00
20896.00
20877.00
20850.00
20829.00
20827.00
20813.00
20787.00
20789.00
20768.00
20786.00
20787.00
20834.00
20804.00
20809.00
20819.00
20850.00
20823.00
20817.00
20841.00
20850.00
20868.00
20897.00
20904.00
20900.00
20924.00
20977.00
20965.00
21000.00
21016.00
21045.00
21095.00
21115.00
21105.00
21146.00
21189.00
21230.00
21248.00
21271.00
21268.00
21308.00
21331.00
21376.00
21381.00
21374.00
21390.00
21420.00
21435.00
21428.00
21425.00
21439.00
21453.00
21471.00
21462.00
21478.00
21503.00
21556.00
21549.00
21546.00
21579.00
21577.00
21576.00
21598.00
21591.00
21596.00
21588.00
21596.00
21621.00
21617.00
21581.00
21577.00
21604.00
21581.00
21569.00
21538.00
21527.00
21523.00
21513.00
21494.00
21481.00
21475.00
21486.00
21476.00
21453.00
21420.00
21406.00
21412.00
21408.00
21392.00
21367.00
21351.00
21339.00
21317.00
21291.00
21281.00
21256.00
21272.00
21272.00
21284.00
21277.00
21276.00
21281.00
21316.00
21314.00
21315.00
21340.00
21382.00
21374.00
21396.00
21420.00
21421.00
21454.00
21524.00
21528.00
21540.00
21577.00
21574.00
21590.00
21579.00
21617.00
21601.00
21608.00
21616.00
21606.00
21591.00
21552.00
21543.00
21517.00
21523.00
21459.00
21447.00
21432.00
21426.00
21404.00
21374.00
21336.00
21321.00
21289.00
21299.00
21243.00
21212.00
21199.00
21188.00
21190.00
21179.00
21139.00
21129.00
21093.00
21096.00
21064.00
21014.00
21000.00
21030.00
20956.00
20947.00
20930.00
20895.00
20908.00
20908.00
20875.00
20853.00
20856.00
20870.00
20867.00
20861.00
20849.00
20835.00
20860.00
20857.00
20909.00
20884.00
20870.00
20863.00
20893.00
20905.00
20898.00
20895.00
20914.00
20950.00
20969.00
20967.00
20995.00
21003.00
21032.00
21079.00
21079.00
21105.00
21131.00
21170.00
21191.00
21198.00
21214.00
21272.00
21295.00
21309.00
21317.00
21329.00
21375.00
21412.00
21381.00
21399.00
21400.00
21448.00
21459.00
21452.00
21453.00
21432.00
21476.00
21485.00
21525.00
21535.00
21520.00
21549.00
21588.00
21574.00
21553.00
21548.00
21558.00
21590.00
21604.00
21615.00
21594.00
21586.00
21591.00
21589.00
21549.00
21547.00
21551.00
21566.00
21539.00
21522.00
21513.00
21518.00
21506.00
21501.00
21500.00
21451.00
21425.00
21420.00
21394.00
21356.00
21293.00
21271.00
21245.00
21236.00
21223.00
21204.00
21193.00
21197.00
21210.00
21202.00
21193.00
21210.00
21243.00
21243.00
21241.00
21224.00
21261.00
21292.00
21326.00
21328.00
21353.00
21359.00
21405.00
21469.00
21477.00
21499.00
21527.00
21556.00
21585.00
21607.00
21599.00
21616.00
21620.00
21648.00
21637.00
21582.00
21568.00
21570.00
21576.00
21531.00
21507.00
21459.00
21429.00
21428.00
21403.00
21386.00
21342.00
21332.00
21349.00
21342.00
21284.00
21273.00
21233.00
21233.00
21217.00
21224.00
21180.00
21149.00
21151.00
21119.00
21081.00
21044.00
21012.00
21002.00
20966.00
20945.00
20896.00
20896.00
20916.00
20890.00
20891.00
20845.00
20848.00
20831.00
20827.00
20830.00
20800.00
20812.00
20809.00
20821.00
20858.00
20832.00
20832.00
20839.00
20871.00
20899.00
20881.00
20914.00
20904.00
20940.00
20953.00
20955.00
20966.00
21030.00
21068.00
21074.00
21055.00
21091.00
21127.00
21174.00
21165.00
21208.00
21210.00
21258.00
21290.00
21305.00
21293.00
21324.00
21323.00
21353.00
21372.00
21369.00
21388.00
21407.00
21455.00
21462.00
21439.00
21451.00
21493.00
21522.00
21545.00
21530.00
21530.00
21570.00
21582.00
21593.00
21587.00
21587.00
21593.00
21599.00
21596.00
21596.00
21583.00
21581.00
21573.00
21587.00
21570.00
21554.00
21553.00
21591.00
21571.00
21573.00
21542.00
21529.00
21549.00
21522.00
21506.00
21493.00
21480.00
21444.00
21453.00
21396.00
21370.00
21354.00
21359.00
21398.00
21379.00
21381.00
21399.00
21419.00
21435.00
21443.00
21440.00
21435.00
21475.00
21507.00
21531.00
21536.00
21565.00
21579.00
21617.00
21609.00
21607.00
21606.00
21631.00
21644.00
21630.00
21634.00
21626.00
21611.00
21617.00
21583.00
21541.00
21522.00
21514.00
21490.00
21463.00
21416.00
21380.00
21378.00
21392.00
21351.00
21288.00
21291.00
21270.00
21255.00
21254.00
21210.00
21168.00
21160.00
21144.00
21144.00
21080.00
21052.00
21063.00
21024.00
21023.00
20985.00
20971.00
20953.00
20981.00
20952.00
20942.00
20896.00
20909.00
20914.00
20912.00
20911.00
20891.00
20901.00
20900.00
20907.00
20901.00
20913.00
20912.00
20935.00
20916.00
20943.00
20918.00
20949.00
20960.00
20977.00
21011.00
20994.00
20994.00
21027.00
21055.00
21067.00
21099.00
21107.00
21143.00
21157.00
21185.00
21208.00
21230.00
21300.00
21332.00
21363.00
21349.00
21381.00
21381.00
21426.00
21429.00
21434.00
21453.00
21496.00
21497.00
21500.00
21499.00
21529.00
21552.00
21572.00
21576.00
21579.00
21596.00
21618.00
21642.00
21633.00
21631.00
21630.00
21655.00
21637.00
21650.00
21638.00
21645.00
21644.00
21656.00
21678.00
21658.00
21672.00
21699.00
21689.00
21666.00
21651.00
21643.00
21658.00
21660.00
21645.00
21632.00
21635.00
21622.00
21649.00
21630.00
21646.00
21639.00
21621.00
21648.00
21625.00
21579.00
21616.00
21634.00
21642.00
21648.00
21624.00
21596.00
21613.00
21623.00
21600.00
21586.00
21573.00
21611.00
21612.00
21627.00
21597.00
21596.00
21604.00
21582.00
21604.00
21603.00
21616.00
21596.00
21609.00
21620.00
21603.00
21590.00
21595.00
21602.00
21638.00
21608.00
21607.00
21597.00
21621.00
21609.00
21613.00
21607.00
21613.00
21613.00
21610.00
21608.00
21590.00
21571.00
21624.00
21617.00
21632.00
21603.00
21609.00
21637.00
21611.00
21636.00
21621.00
21597.00
21630.00
21612.00
21647.00
21621.00
21629.00
21628.00
21669.00
21637.00
21616.00
21603.00
21617.00
21618.00
21623.00
21632.00
21599.00
21627.00
21620.00
21632.00
21610.00
21605.00
21620.00
21643.00
21661.00
21609.00
21615.00
21624.00
21632.00
21632.00
21607.00
21617.00
21638.00
21618.00
21624.00
21593.00
21613.00
21604.00
21639.00
21641.00
21628.00
21652.00
21625.00
21625.00
21633.00
21626.00
21603.00
21641.00
21621.00
21653.00
21652.00
21650.00
21619.00
21680.00
21648.00
21654.00
21639.00
21664.00
21688.00
21687.00
21701.00
21669.00
21678.00
21712.00
21706.00
21709.00
21707.00
21722.00
21732.00
21720.00
21710.00
21697.00
21724.00
21736.00
21725.00
21706.00
21680.00
21675.00
21683.00
21687.00
21691.00
21647.00
21682.00
21678.00
21681.00
21664.00
21647.00
21629.00
21615.00
21595.00
21535.00
21497.00
21453.00
21448.00
21442.00
21400.00
21393.00
21381.00
21368.00
21391.00
21404.00
21367.00
21373.00
21364.00
21399.00
21390.00
21384.00
21381.00
21421.00
21438.00
21448.00
21420.00
21440.00
21443.00
21486.00
21480.00
21451.00
21473.00
21473.00
21494.00
21496.00
21461.00
21463.00
21490.00
21503.00
21503.00
21497.00
21474.00
21491.00
21504.00
21502.00
21487.00
21495.00
21504.00
21518.00
21518.00
21508.00
21513.00
21515.00
21534.00
21527.00
21497.00
21515.00
21522.00
21525.00
21530.00
21524.00
21503.00
21513.00
21550.00
21546.00
21526.00
21517.00
21534.00
21514.00
21532.00
21550.00
21523.00
21521.00
21558.00
21536.00
21532.00
21518.00
21517.00
21534.00
21514.00
21511.00
21494.00
21526.00
21512.00
21521.00
21519.00
21481.00
21468.00
21500.00
21512.00
21477.00
21451.00
21469.00
21491.00
21527.00
21490.00
21501.00
21506.00
21523.00
21515.00
21523.00
21498.00
21505.00
21519.00
21527.00
21517.00
21519.00
21495.00
21527.00
21531.00
21491.00
21490.00
21475.00
21503.00
21501.00
21487.00
21494.00
21484.00
21492.00
21495.00
21517.00
21470.00
21471.00
21512.00
21504.00
21472.00
21511.00
21489.00
21509.00
21535.00
21523.00
21490.00
21489.00
21483.00
21523.00
21471.00
21490.00
21487.00
21499.00
21506.00
21495.00
21466.00
21468.00
21480.00
21479.00
21469.00
21456.00
21472.00
21473.00
21488.00
21493.00
21462.00
21451.00
21466.00
21480.00
21473.00
21475.00
21462.00
21464.00
21467.00
21485.00
21450.00
21451.00
21475.00
21467.00
21487.00
21482.00
21467.00
21472.00
21508.00
21498.00
21478.00
21457.00
21453.00
21529.00
21518.00
21506.00
21485.00
21484.00
21501.00
21504.00
21489.00
21463.00
21468.00
21487.00
21499.00
21490.00
21469.00
21459.00
21482.00
21502.00
21470.00
21460.00
21459.00
21492.00
21498.00
21503.00
21473.00
21488.00
21496.00
21510.00
21484.00
21460.00
21472.00
21473.00
21516.00
21500.00
21470.00
21499.00
21492.00
21494.00
21497.00
21466.00
21471.00
21485.00
21508.00
21507.00
21481.00
21480.00
21478.00
21507.00
21506.00
21478.00
21472.00
21494.00
21510.00
21521.00
21480.00
21501.00
21500.00
21504.00
21501.00
21486.00
21502.00
21495.00
21502.00
21513.00
21500.00
21483.00
21502.00
21505.00
21493.00
21477.00
21498.00
21494.00
21502.00
21515.00
21487.00
21491.00
21500.00
21491.00
21492.00
21477.00
21475.00
21450.00
21488.00
21491.00
21480.00
21483.00
21485.00
21510.00
21507.00
21482.00
21473.00
21479.00
21492.00
21501.00
21475.00
21476.00
21490.00
21501.00
21484.00
21480.00
21490.00
21468.00
21449.00
21470.00
21449.00
21465.00
21482.00
21462.00
21467.00
21476.00
21446.00
21470.00
21459.00
21472.00
21454.00
21455.00
21458.00
21471.00
21493.00
21467.00
21460.00
21464.00
21464.00
21477.00
21470.00
21448.00
21461.00
21470.00
21505.00
21479.00
21456.00
21470.00
21446.00
21459.00
21468.00
21450.00
21435.00
21427.00
21426.00
21436.00
21409.00
21419.00
21387.00
21398.00
21400.00
21403.00
21400.00
21383.00
21407.00
21409.00
21413.00
21400.00
21413.00
21437.00
21426.00
21399.00
21410.00
21421.00
21457.00
21415.00
21405.00
21428.00
21430.00
21445.00
21419.00
21430.00
21427.00
21448.00
21436.00
21456.00
21442.00
21422.00
21425.00
21471.00
21454.00
21468.00
21434.00
21463.00
21461.00
21468.00
21443.00
21460.00
21452.00
21452.00
21456.00
21455.00
21450.00
21440.00
21466.00
21448.00
21445.00
21444.00
21425.00
21453.00
21472.00
21455.00
21443.00
21456.00
21473.00
21464.00
21474.00
21454.00
21452.00
21468.00
21462.00
21469.00
21441.00
21448.00
21464.00
21468.00
21463.00
21440.00
21441.00
21447.00
21456.00
21457.00
21459.00
21460.00
21442.00
21467.00
21447.00
21434.00
21432.00
21449.00
21468.00
21443.00
21435.00
21428.00
21462.00
21474.00
21492.00
21468.00
21467.00
21471.00
21491.00
21467.00
21448.00
21458.00
21488.00
21481.00
21481.00
21477.00
21467.00
21466.00
21484.00
21511.00
21471.00
21470.00
21476.00
21495.00
21472.00
21485.00
21497.00
21506.00
21514.00
21500.00
21500.00
21475.00
21505.00
21488.00
21499.00
21471.00
21479.00
21469.00
21483.00
21490.00
21475.00
21446.00
21483.00
21482.00
21482.00
21459.00
21470.00
21463.00
21489.00
21479.00
21450.00
21449.00
21478.00
21469.00
21470.00
21477.00
21459.00
21485.00
21499.00
21488.00
21477.00
21464.00
21466.00
21450.00
21460.00
21444.00
21436.00
21451.00
21461.00
21478.00
21458.00
21427.00
21428.00
21437.00
21462.00
21458.00
21452.00
21455.00
21441.00
21462.00
21454.00
21458.00
21444.00
21460.00
21477.00
21439.00
21444.00
21443.00
21462.00
21465.00
21480.00
21451.00
21465.00
21475.00
21461.00
21446.00
21442.00
21450.00
21480.00
21476.00
21473.00
21451.00
21447.00
21443.00
21457.00
21444.00
21433.00
21434.00
21447.00
21454.00
21444.00
21443.00
21452.00
21472.00
21458.00
21476.00
21448.00
21441.00
21447.00
21469.00
21455.00
21460.00
21444.00
21454.00
21463.00
21460.00
21422.00
21412.00
21410.00
21452.00
21427.00
21450.00
21422.00
21448.00
21447.00
21452.00
21444.00
21397.00
21422.00
21458.00
21430.00
21436.00
21405.00
21438.00
21472.00
21457.00
21419.00
21434.00
21423.00
21452.00
21456.00
21430.00
21429.00
21420.00
21456.00
21453.00
21444.00
21436.00
21446.00
21461.00
21458.00
21463.00
21430.00
21430.00
21438.00
21431.00
21416.00
21421.00
21418.00
21431.00
21452.00
21458.00
21429.00
21441.00
21425.00
21417.00
21427.00
21441.00
21422.00
21464.00
21429.00
21472.00
21444.00
21448.00
21467.00
21469.00
21454.00
21460.00
21455.00
21460.00
21496.00
21475.00
21468.00
21441.00
21483.00
21481.00
21456.00
21430.00
21442.00
21449.00
21476.00
21463.00
21457.00
21430.00
21469.00
21464.00
21441.00
21444.00
21422.00
21449.00
21443.00
21446.00
21409.00
21421.00
21482.00
21446.00
21467.00
21460.00
21438.00
21449.00
21460.00
21457.00
21464.00
21463.00
21468.00
21474.00
21462.00
21454.00
21455.00
21442.00
21463.00
21450.00
21458.00
21454.00
21445.00
21474.00
21469.00
21459.00
21455.00
21439.00
21452.00
21463.00
21433.00
21467.00
21439.00
21446.00
21475.00
21453.00
21468.00
21447.00
21451.00
21471.00
21464.00
21456.00
21459.00
21484.00
21485.00
21456.00
21431.00
21446.00
21458.00
21453.00
21452.00
21426.00
21444.00
21454.00
21467.00
21474.00
21432.00
21458.00
21466.00
21454.00
21445.00
21428.00
21447.00
21455.00
21439.00
21456.00
21458.00
21438.00
21438.00
21451.00
21441.00
21427.00
21424.00
21450.00
21444.00
21475.00
21444.00
21447.00
21466.00
21491.00
21462.00
21460.00
21442.00
21453.00
21460.00
21448.00
21442.00
21429.00
21467.00
21495.00
21482.00
21439.00
21453.00
21468.00
21455.00
21449.00
21430.00
21445.00
21449.00
21446.00
21460.00
21460.00
21458.00
21456.00
21464.00
21460.00
21443.00
21438.00
21449.00
21469.00
21473.00
21462.00
21430.00
21467.00
21486.00
21486.00
21470.00
21463.00
21462.00
21456.00
21470.00
21456.00
21453.00
21478.00
21491.00
21478.00
21470.00
21450.00
21458.00
21484.00
21457.00
21489.00
21499.00
21489.00
21512.00
21489.00
21470.00
21487.00
21508.00
21488.00
21524.00
21502.00
21495.00
21500.00
21503.00
21530.00
21525.00
21502.00
21512.00
21498.00
21494.00
21500.00
21495.00
21550.00
21554.00
21548.00
21547.00
21531.00
21527.00
21536.00
21553.00
21537.00
21518.00
21514.00
21554.00
21573.00
21573.00
21554.00
21552.00
21555.00
21569.00
21531.00
21541.00
21548.00
21540.00
21575.00
21585.00
21529.00
21489.00
21529.00
21539.00
21579.00
21559.00
21552.00
21575.00
21558.00
21574.00
21561.00
21592.00
21581.00
21608.00
21585.00
21565.00
21580.00
21580.00
21602.00
21557.00
21578.00
21582.00
21632.00
21624.00
21619.00
21588.00
21602.00
21611.00
21635.00
21591.00
21617.00
21604.00
21630.00
21620.00
21649.00
21627.00
21611.00
21664.00
21681.00
21656.00
21679.00
21648.00
21691.00
21712.00
21708.00
21697.00
21714.00
21729.00
21748.00
21735.00
21722.00
21742.00
21750.00
21747.00
21743.00
21729.00
21717.00
21694.00
21682.00
21711.00
21716.00
21689.00
21674.00
21722.00
21705.00
21719.00
21738.00
21735.00
21752.00
21777.00
21755.00
21759.00
21753.00
21766.00
21751.00
21780.00
21746.00
21754.00
21762.00
21770.00
21754.00
21758.00
21770.00
21780.00
21759.00
21762.00
21771.00
21736.00
21771.00
21769.00
21765.00
21749.00
21748.00
21777.00
21771.00
21754.00
21777.00
21777.00
21779.00
21810.00
21814.00
21802.00
21761.00
21773.00
21804.00
21800.00
21798.00
21789.00
21787.00
21779.00
21802.00
21796.00
21808.00
21831.00
21828.00
21822.00
21787.00
21766.00
21808.00
21838.00
21844.00
21842.00
21826.00
21822.00
21849.00
21835.00
21819.00
21801.00
21845.00
21824.00
21816.00
21813.00
21810.00
21822.00
21813.00
21817.00
21799.00
21815.00
21812.00
21814.00
21815.00
21790.00
21810.00
21792.00
21809.00
21816.00
21796.00
21782.00
21794.00
21808.00
21798.00
21781.00
21774.00
21774.00
21820.00
21802.00
21782.00
21795.00
21801.00
21816.00
21822.00
21798.00
21771.00
21797.00
21806.00
21806.00
21791.00
21777.00
21793.00
21809.00
21798.00
21783.00
21795.00
21788.00
21787.00
21799.00
21770.00
21764.00
21771.00
21795.00
21776.00
21751.00
21749.00
21750.00
21781.00
21792.00
21793.00
21786.00
21763.00
21774.00
21784.00
21771.00
21766.00
21742.00
21753.00
21790.00
21752.00
21750.00
21725.00
21743.00
21741.00
21756.00
21721.00
21737.00
21728.00
21766.00
21779.00
21754.00
21749.00
21756.00
21775.00
21775.00
21741.00
21753.00
21752.00
21768.00
21762.00
21784.00
21774.00
21782.00
21796.00
21762.00
21764.00
21751.00
21772.00
21776.00
21763.00
21767.00
21749.00
21776.00
21792.00
21744.00
21753.00
21739.00
21738.00
21766.00
21769.00
21764.00
21758.00
21772.00
21755.00
21770.00
21774.00
21764.00
21781.00
21786.00
21762.00
21777.00
21773.00
21768.00
21777.00
21780.00
21783.00
21785.00
21798.00
21784.00
21789.00
21760.00
21796.00
21749.00
21764.00
21778.00
21755.00
21757.00
21750.00
21738.00
21711.00
21728.00
21703.00
21693.00
21703.00
21703.00
21672.00
21652.00
21612.00
21607.00
21612.00
21592.00
21550.00
21587.00
21546.00
21554.00
21521.00
21505.00
21493.00
21500.00
21493.00
21470.00
21401.00
21365.00
21368.00
21354.00
21350.00
21323.00
21317.00
21303.00
21286.00
21231.00
21216.00
21204.00
21166.00
21129.00
21149.00
21107.00
21091.00
21057.00
21029.00
20986.00
20954.00
20923.00
20861.00
20784.00
20756.00
20674.00
20714.00
20727.00
20789.00
20820.00
20833.00
20787.00
20771.00
20818.00
20830.00
20834.00
20843.00
20814.00
20824.00
20859.00
20869.00
20823.00
20862.00
20910.00
20948.00
20932.00
20962.00
21025.00
21038.00
21059.00
21102.00
21127.00
21118.00
21148.00
21185.00
21173.00
21195.00
21243.00
21264.00
21258.00
21303.00
21262.00
21315.00
21365.00
21377.00
21382.00
21385.00
21424.00
21450.00
21467.00
21447.00
21478.00
21495.00
21529.00
21552.00
21550.00
21526.00
21565.00
21583.00
21596.00
21595.00
21606.00
21624.00
21661.00
21688.00
21675.00
21678.00
21679.00
21682.00
21704.00
21729.00
21698.00
21706.00
21696.00
21709.00
21685.00
21687.00
21683.00
21680.00
21715.00
21672.00
21679.00
21644.00
21645.00
21653.00
21683.00
21689.00
21697.00
21663.00
21692.00
21674.00
21669.00
21651.00
21676.00
21680.00
21688.00
21679.00
21676.00
21686.00
21724.00
21711.00
21719.00
21707.00
21697.00
21684.00
21684.00
21681.00
21669.00
21642.00
21657.00
21614.00
21587.00
21564.00
21568.00
21558.00
21527.00
21503.00
21467.00
21454.00
21458.00
21427.00
21392.00
21353.00
21366.00
21335.00
21296.00
21328.00
21283.00
21234.00
21274.00
21252.00
21206.00
21181.00
21149.00
21154.00
21145.00
21097.00
21082.00
21082.00
21070.00
21059.00
21039.00
21025.00
20987.00
21003.00
21015.00
21006.00
20952.00
20965.00
21004.00
21013.00
20998.00
20993.00
20995.00
21028.00
21057.00
21029.00
21020.00
21022.00
21068.00
21096.00
21124.00
21115.00
21112.00
21143.00
21158.00
21203.00
21204.00
21227.00
21240.00
21270.00
21276.00
21280.00
21298.00
21322.00
21353.00
21337.00
21355.00
21349.00
21386.00
21386.00
21410.00
21423.00
21425.00
21462.00
21480.00
21492.00
21443.00
21485.00
21498.00
21513.00
21521.00
21516.00
21530.00
21550.00
21592.00
21587.00
21597.00
21591.00
21620.00
21656.00
21642.00
21643.00
21623.00
21660.00
21685.00
21702.00
21721.00
21677.00
21716.00
21684.00
21692.00
21660.00
21665.00
21661.00
21707.00
21663.00
21669.00
21652.00
21645.00
21647.00
21624.00
21628.00
21620.00
21612.00
21616.00
21614.00
21614.00
21591.00
21616.00
21636.00
21671.00
21645.00
21632.00
21655.00
21646.00
21664.00
21670.00
21676.00
21684.00
21727.00
21697.00
21672.00
21646.00
21614.00
21622.00
21588.00
21548.00
21533.00
21524.00
21497.00
21476.00
21475.00
21411.00
21418.00
21391.00
21384.00
21351.00
21320.00
21318.00
21306.00
21293.00
21262.00
21247.00
21215.00
21197.00
21220.00
21169.00
21143.00
21143.00
21108.00
21087.00
21049.00
21040.00
21024.00
21036.00
21013.00
20988.00
20935.00
20929.00
20861.00
20913.00
20890.00
20876.00
20850.00
20841.00
20863.00
20875.00
20861.00
20858.00
20815.00
20854.00
20850.00
20815.00
20823.00
20888.00
20894.00
20905.00
20906.00
20903.00
20895.00
20919.00
20946.00
20925.00
20919.00
20968.00
20987.00
21018.00
21043.00
21065.00
21076.00
21122.00
21152.00
21171.00
21180.00
21197.00
21210.00
21208.00
21251.00
21255.00
21243.00
21268.00
21308.00
21330.00
21332.00
21350.00
21373.00
21385.00
21418.00
21399.00
21412.00
21439.00
21472.00
21453.00
21464.00
21493.00
21521.00
21528.00
21540.00
21527.00
21542.00
21583.00
21562.00
21571.00
21578.00
21586.00
21594.00
21623.00
21639.00
21609.00
21616.00
21629.00
21615.00
21594.00
21574.00
21561.00
21554.00
21593.00
21585.00
21575.00
21588.00
21593.00
21606.00
21633.00
21602.00
21567.00
21617.00
21636.00
21623.00
21631.00
21615.00
21672.00
21632.00
21634.00
21645.00
21638.00
21620.00
21623.00
21609.00
21614.00
21586.00
21607.00
21612.00
21596.00
21583.00
21563.00
21539.00
21568.00
21529.00
21497.00
21478.00
21488.00
21485.00
21452.00
21414.00
21366.00
21358.00
21366.00
21334.00
21335.00
21304.00
21270.00
21279.00
21256.00
21237.00
21193.00
21167.00
21177.00
21159.00
21139.00
21122.00
21117.00
21105.00
21099.00
21076.00
21035.00
21021.00
21009.00
21027.00
21001.00
20956.00
20946.00
20948.00
20926.00
20911.00
20865.00
20900.00
20908.00
20928.00
20925.00
20876.00
20894.00
20909.00
20932.00
20907.00
20920.00
20921.00
20941.00
20955.00
20975.00
20954.00
20951.00
20978.00
21013.00
21028.00
21008.00
21063.00
21083.00
21120.00
21124.00
21140.00
21145.00
21186.00
21225.00
21237.00
21260.00
21259.00
21262.00
21302.00
21305.00
21294.00
21333.00
21320.00
21315.00
21365.00
21339.00
21215.00
21459.00
21476.00
21458.00
21461.00
21485.00
21492.00
21513.00
21546.00
21535.00
21534.00
21561.00
21621.00
21625.00
21616.00
21589.00
21591.00
21596.00
21606.00
21606.00
21631.00
21655.00
21672.00
21689.00
21697.00
21686.00
21675.00
21694.00
21704.00
21664.00
21685.00
21715.00
21709.00
21727.00
21728.00
21692.00
21720.00
21719.00
21727.00
21706.00
21715.00
21702.00
21712.00
21708.00
21663.00
21672.00
21635.00
21636.00
21649.00
21623.00
21613.00
21585.00
21587.00
21578.00
21525.00
21565.00
21561.00
21572.00
21533.00
21514.00
21496.00
21476.00
21485.00
21491.00
21456.00
21422.00
21384.00
21401.00
21398.00
21362.00
21324.00
21317.00
21285.00
21278.00
21249.00
21228.00
21191.00
21209.00
21205.00
21205.00
21177.00
21170.00
21150.00
21126.00
21131.00
21091.00
21042.00
21075.00
21087.00
21059.00
21016.00
20986.00
20971.00
20969.00
20926.00
20903.00
20904.00
20898.00
20898.00
20889.00
20907.00
20882.00
20888.00
20908.00
20909.00
20914.00
20885.00
20895.00
20939.00
20947.00
20938.00
20937.00
20935.00
20984.00
20992.00
20971.00
20959.00
20988.00
21010.00
21048.00
21060.00
21070.00
21097.00
21138.00
21171.00
21197.00
21196.00
21193.00
21247.00
21251.00
21256.00
21278.00
21306.00
21336.00
21386.00
21380.00
21367.00
21406.00
21408.00
21421.00
21440.00
21442.00
21460.00
21482.00
21474.00
21518.00
21520.00
21502.00
21523.00
21555.00
21553.00
21567.00
21582.00
21608.00
21641.00
21670.00
21631.00
21637.00
21670.00
21672.00
21680.00
21691.00
21684.00
21692.00
21702.00
21729.00
21692.00
21683.00
21658.00
21688.00
21662.00
21654.00
21633.00
21653.00
21666.00
21662.00
21683.00
21674.00
21671.00
21666.00
21660.00
21672.00
21682.00
21688.00
21763.00
21708.00
21722.00
21705.00
21682.00
21696.00
21723.00
21683.00
21647.00
21640.00
21641.00
21606.00
21608.00
21560.00
21562.00
21533.00
21547.00
21532.00
21452.00
21429.00
21400.00
21420.00
21374.00
21335.00
21356.00
21356.00
21363.00
21321.00
21300.00
21263.00
21300.00
21259.00
21262.00
21242.00
21211.00
21214.00
21199.00
21191.00
21161.00
21168.00
21172.00
21137.00
21133.00
21117.00
21086.00
21111.00
21084.00
21042.00
21025.00
21002.00
21026.00
21056.00
21035.00
21010.00
20983.00
21022.00
21050.00
21051.00
21028.00
21032.00
21067.00
21064.00
21065.00
21069.00
21075.00
21100.00
21120.00
21138.00
21164.00
21165.00
21163.00
21193.00
21219.00
21242.00
21246.00
21268.00
21305.00
21315.00
21341.00
21319.00
21349.00
21365.00
21414.00
21434.00
21422.00
21441.00
21466.00
21469.00
21489.00
21502.00
21510.00
21546.00
21558.00
21596.00
21610.00
21595.00
21614.00
21628.00
21642.00
21667.00
21661.00
21694.00
21699.00
21710.00
21699.00
21706.00
21718.00
21728.00
21725.00
21717.00
21666.00
21695.00
21745.00
21724.00
21708.00
21734.00
21719.00
21733.00
21757.00
21721.00
21713.00
21721.00
21752.00
21734.00
21749.00
21711.00
21736.00
21725.00
21720.00
21674.00
21629.00
21655.00
21630.00
21651.00
21642.00
21604.00
21597.00
21579.00
21553.00
21514.00
21467.00
21459.00
21459.00
21434.00
21434.00
21399.00
21398.00
21429.00
21372.00
21356.00
21312.00
21332.00
21301.00
21276.00
21232.00
21226.00
21204.00
21217.00
21191.00
21179.00
21111.00
21094.00
21110.00
21115.00
21103.00
21040.00
21056.00
21079.00
21072.00
21062.00
21035.00
21064.00
21048.00
21058.00
21078.00
21069.00
21074.00
21087.00
21118.00
21134.00
21126.00
21150.00
21197.00
21210.00
21246.00
21213.00
21229.00
21263.00
21298.00
21361.00
21339.00
21332.00
21352.00
21383.00
21406.00
21382.00
21401.00
21429.00
21433.00
21479.00
21481.00
21492.00
21485.00
21500.00
21551.00
21594.00
21602.00
21600.00
21587.00
21644.00
21633.00
21622.00
21634.00
21668.00
21643.00
21651.00
21686.00
21695.00
21727.00
21728.00
21707.00
21682.00
21693.00
21681.00
21704.00
21673.00
21643.00
21650.00
21659.00
21686.00
21672.00
21650.00
21649.00
21693.00
21714.00
21719.00
21707.00
21697.00
21724.00
21734.00
21720.00
21716.00
21697.00
21726.00
21721.00
21708.00
21724.00
21722.00
21710.00
21721.00
21666.00
21652.00
21657.00
21647.00
21614.00
21580.00
21552.00
21536.00
21509.00
21488.00
21466.00
21471.00
21425.00
21379.00
21402.00
21381.00
21346.00
21320.00
21311.00
21295.00
21281.00
21217.00
21195.00
21207.00
21180.00
21156.00
21163.00
21120.00
21104.00
21090.00
21061.00
21065.00
21038.00
21026.00
21002.00
21014.00
21006.00
21000.00
21019.00
21011.00
21025.00
21017.00
20994.00
20992.00
21057.00
21051.00
21054.00
21053.00
21082.00
21094.00
21104.00
21104.00
21112.00
21123.00
21127.00
21178.00
21196.00
21224.00
21258.00
21313.00
21318.00
21322.00
21351.00
21357.00
21405.00
21393.00
21417.00
21428.00
21443.00
21483.00
21495.00
21540.00
21512.00
21542.00
21570.00
21576.00
21582.00
21596.00
21589.00
21607.00
21649.00
21652.00
21661.00
21669.00
21691.00
21691.00
21712.00
21711.00
21725.00
21724.00
21702.00
21679.00
21677.00
21651.00
21644.00
21707.00
21668.00
21686.00
21652.00
21671.00
21709.00
21722.00
21722.00
21710.00
21720.00
21702.00
21732.00
21725.00
21694.00
21701.00
21673.00
21679.00
21681.00
21650.00
21690.00
21681.00
21683.00
21656.00
21599.00
21597.00
21610.00
21574.00
21581.00
21527.00
21519.00
21498.00
21516.00
21440.00
21422.00
21396.00
21413.00
21394.00
21391.00
21340.00
21316.00
21338.00
21368.00
21313.00
21288.00
21273.00
21246.00
21259.00
21221.00
21177.00
21139.00
21149.00
21120.00
21101.00
21090.00
21065.00
21069.00
21056.00
21027.00
21015.00
20994.00
20985.00
21008.00
20992.00
21006.00
20990.00
20978.00
21000.00
20981.00
21010.00
20978.00
21015.00
21047.00
21041.00
21027.00
21040.00
21057.00
21081.00
21090.00
21092.00
21081.00
21104.00
21153.00
21179.00
21190.00
21210.00
21248.00
21292.00
21308.00
21336.00
21319.00
21317.00
21395.00
21418.00
21432.00
21419.00
21438.00
21464.00
21478.00
21491.00
21482.00
21503.00
21527.00
21551.00
21565.00
21565.00
21608.00
21621.00
21650.00
21665.00
21675.00
21703.00
21716.00
21750.00
21730.00
21758.00
21732.00
21751.00
21765.00
21785.00
21757.00
21728.00
21714.00
21717.00
21708.00
21665.00
21675.00
21674.00
21704.00
21666.00
21644.00
21678.00
21679.00
21673.00
21706.00
21698.00
21723.00
21747.00
21728.00
21734.00
21746.00
21714.00
21731.00
21742.00
21759.00
21752.00
21709.00
21668.00
21695.00
21680.00
21631.00
21625.00
21583.00
21573.00
21555.00
21547.00
21526.00
21505.00
21473.00
21463.00
21436.00
21402.00
21411.00
21408.00
21406.00
21391.00
21338.00
21324.00
21312.00
21328.00
21280.00
21260.00
21239.00
21230.00
21219.00
21184.00
21140.00
21138.00
21122.00
21120.00
21103.00
21075.00
21052.00
21048.00
21043.00
21019.00
21030.00
21018.00
21016.00
21015.00
21021.00
20997.00
20987.00
20992.00
20985.00
21006.00
21019.00
20988.00
21045.00
21046.00
21037.00
21064.00
21053.00
21064.00
21071.00
21099.00
21131.00
21147.00
21182.00
21230.00
21228.00
21237.00
21288.00
21288.00
21325.00
21350.00
21335.00
21349.00
21411.00
21397.00
21444.00
21463.00
21458.00
21476.00
21490.00
21521.00
21546.00
21535.00
21597.00
21577.00
21634.00
21654.00
21665.00
21694.00
21666.00
21694.00
21704.00
21707.00
21707.00
21738.00
21718.00
21743.00
21707.00
21708.00
21700.00
21697.00
21680.00
21648.00
21632.00
21648.00
21657.00
21652.00
21665.00
21668.00
21662.00
21650.00
21641.00
21640.00
21647.00
21659.00
21708.00
21707.00
21696.00
21712.00
21720.00
21749.00
21748.00
21743.00
21744.00
21765.00
21776.00
21778.00
21735.00
21718.00
21737.00
21728.00
21720.00
21691.00
21662.00
21632.00
21648.00
21617.00
21585.00
21566.00
21537.00
21544.00
21504.00
21479.00
21452.00
21446.00
21423.00
21399.00
21378.00
21352.00
21356.00
21341.00
21329.00
21301.00
21296.00
21259.00
21269.00
21205.00
21189.00
21143.00
21146.00
21157.00
21124.00
21089.00
21080.00
21072.00
21052.00
21054.00
21009.00
20981.00
21000.00
21036.00
21022.00
21002.00
20990.00
21003.00
21018.00
21056.00
21048.00
21048.00
21040.00
21060.00
21090.00
21059.00
21073.00
21111.00
21085.00
21136.00
21161.00
21224.00
21236.00
21231.00
21298.00
21315.00
21308.00
21361.00
21377.00
21405.00
21444.00
21426.00
21453.00
21487.00
21528.00
21532.00
21535.00
21540.00
21568.00
21608.00
21634.00
21627.00
21634.00
21665.00
21681.00
21680.00
21693.00
21710.00
21726.00
21732.00
21727.00
21737.00
21724.00
21749.00
21754.00
21758.00
21733.00
21692.00
21688.00
21712.00
21677.00
21673.00
21683.00
21640.00
21651.00
21684.00
21650.00
21655.00
21669.00
21708.00
21704.00
21713.00
21711.00
21743.00
21764.00
21763.00
21737.00
21744.00
21727.00
21734.00
21752.00
21724.00
21700.00
21721.00
21731.00
21700.00
21690.00
21633.00
21665.00
21649.00
21647.00
21632.00
21613.00
21613.00
21594.00
21563.00
21535.00
21523.00
21464.00
21470.00
21449.00
21479.00
21418.00
21400.00
21381.00
21382.00
21360.00
21313.00
21272.00
21254.00
21218.00
21210.00
21175.00
21167.00
21131.00
21148.00
21132.00
21083.00
21063.00
21056.00
21058.00
21018.00
20993.00
20962.00
20983.00
20990.00
20998.00
20980.00
20929.00
20975.00
20945.00
20967.00
20948.00
20947.00
20944.00
20969.00
20968.00
20940.00
20969.00
20967.00
20981.00
20975.00
20965.00
20975.00
21005.00
21029.00
21079.00
21104.00
21113.00
21138.00
21169.00
21203.00
21206.00
21228.00
21251.00
21295.00
21308.00
21290.00
21354.00
21388.00
21413.00
21435.00
21446.00
21473.00
21439.00
21496.00
21473.00
21488.00
21474.00
21523.00
21516.00
21567.00
21595.00
21571.00
21610.00
21620.00
21654.00
21649.00
21652.00
21643.00
21692.00
21689.00
21697.00
21693.00
21685.00
21696.00
21693.00
21650.00
21654.00
21658.00
21649.00
21668.00
21667.00
21655.00
21670.00
21697.00
21691.00
21689.00
21680.00
21707.00
21712.00
21736.00
21750.00
21722.00
21697.00
21695.00
21741.00
21689.00
21682.00
21694.00
21685.00
21700.00
21679.00
21679.00
21652.00
21648.00
21667.00
21658.00
21606.00
21578.00
21554.00
21560.00
21551.00
21526.00
21526.00
21490.00
21485.00
21504.00
21463.00
21413.00
21419.00
21408.00
21398.00
21346.00
21360.00
21331.00
21352.00
21318.00
21296.00
21249.00
21247.00
21222.00
21235.00
21189.00
21170.00
21156.00
21132.00
21128.00
21117.00
21093.00
21042.00
21032.00
21038.00
20990.00
20969.00
20942.00
20948.00
20937.00
20931.00
20926.00
20932.00
20923.00
20921.00
20910.00
20915.00
20915.00
20924.00
20941.00
20954.00
20976.00
20938.00
20963.00
21006.00
20993.00
20986.00
20971.00
21007.00
21017.00
21042.00
21044.00
21044.00
21053.00
21092.00
21139.00
21148.00
21160.00
21160.00
21219.00
21230.00
21252.00
21264.00
21296.00
21319.00
21336.00
21327.00
21353.00
21366.00
21389.00
21422.00
21448.00
21439.00
21448.00
21480.00
21507.00
21531.00
21507.00
21538.00
21566.00
21579.00
21555.00
21616.00
21613.00
21669.00
21707.00
21674.00
21647.00
21685.00
21708.00
21713.00
21700.00
21699.00
21700.00
21688.00
21704.00
21709.00
21685.00
21706.00
21725.00
21721.00
21701.00
21714.00
21712.00
21709.00
21721.00
21742.00
21747.00
21740.00
21751.00
21737.00
21730.00
21720.00
21704.00
21695.00
21716.00
21678.00
21648.00
21620.00
21607.00
21610.00
21598.00
21570.00
21522.00
21516.00
21521.00
21516.00
21474.00
21453.00
21450.00
21430.00
21410.00
21397.00
21353.00
21344.00
21348.00
21317.00
21285.00
21248.00
21234.00
21229.00
21210.00
21181.00
21174.00
21144.00
21143.00
21126.00
21115.00
21068.00
21066.00
21036.00
21016.00
20995.00
20952.00
20930.00
20932.00
20920.00
20897.00
20889.00
20895.00
20903.00
20902.00
20898.00
20887.00
20856.00
20873.00
20884.00
20875.00
20876.00
20872.00
20910.00
20941.00
20958.00
20963.00
20945.00
20950.00
20978.00
20986.00
20952.00
20994.00
21021.00
21049.00
21072.00
21090.00
21143.00
21147.00
21174.00
21188.00
21213.00
21238.00
21267.00
21295.00
21301.00
21322.00
21340.00
21380.00
21387.00
21448.00
21457.00
21474.00
21485.00
21499.00
21511.00
21512.00
21526.00
21530.00
21550.00
21574.00
21596.00
21619.00
21629.00
21671.00
21684.00
21681.00
21666.00
21689.00
21736.00
21749.00
21727.00
21703.00
21705.00
21722.00
21697.00
21671.00
21697.00
21686.00
21703.00
21741.00
21734.00
21734.00
21741.00
21795.00
21776.00
21732.00
21735.00
21682.00
21718.00
21694.00
21656.00
21644.00
21646.00
21649.00
21651.00
21638.00
21596.00
21572.00
21544.00
21546.00
21550.00
21502.00
21478.00
21476.00
21492.00
21473.00
21420.00
21382.00
21423.00
21408.00
21397.00
21336.00
21317.00
21314.00
21289.00
21296.00
21231.00
21232.00
21202.00
21192.00
21198.00
21183.00
21144.00
21122.00
21120.00
21086.00
21074.00
21054.00
21046.00
21054.00
21014.00
20974.00
20979.00
20954.00
20984.00
20968.00
20948.00
20927.00
20905.00
20938.00
20930.00
20936.00
20924.00
20962.00
20954.00
20963.00
20949.00
20952.00
20960.00
20953.00
21001.00
20990.00
21006.00
21005.00
21024.00
21075.00
21097.00
21095.00
21125.00
21147.00
21175.00
21215.00
21214.00
21225.00
21277.00
21287.00
21325.00
21327.00
21347.00
21382.00
21383.00
21403.00
21414.00
21408.00
21439.00
21472.00
21473.00
21479.00
21492.00
21525.00
21548.00
21568.00
21559.00
21575.00
21610.00
21635.00
21654.00
21654.00
21656.00
21687.00
21672.00
21670.00
21683.00
21687.00
21694.00
21736.00
21728.00
21743.00
21712.00
21707.00
21733.00
21749.00
21745.00
21715.00
21746.00
21764.00
21748.00
21753.00
21725.00
21692.00
21739.00
21701.00
21700.00
21660.00
21693.00
21683.00
21689.00
21634.00
21629.00
21622.00
21587.00
21591.00
21583.00
21583.00
21557.00
21541.00
21555.00
21524.00
21503.00
21457.00
21465.00
21440.00
21442.00
21405.00
21348.00
21354.00
21320.00
21304.00
21259.00
21254.00
21278.00
21231.00
21216.00
21170.00
21143.00
21124.00
21134.00
21092.00
21101.00
21081.00
21079.00
21077.00
21034.00
21007.00
20968.00
20975.00
20961.00
20960.00
20929.00
20923.00
20949.00
20966.00
20944.00
20936.00
20936.00
20939.00
20957.00
20945.00
20932.00
20954.00
20963.00
20996.00
20979.00
20982.00
21006.00
20987.00
21018.00
21055.00
21087.00
21131.00
21130.00
21148.00
21169.00
21173.00
21188.00
21225.00
21228.00
21264.00
21262.00
21278.00
21317.00
21338.00
21404.00
21385.00
21393.00
21411.00
21424.00
21450.00
21456.00
21474.00
21497.00
21512.00
21552.00
21549.00
21564.00
21568.00
21569.00
21626.00
21646.00
21640.00
21677.00
21704.00
21689.00
21689.00
21675.00
21702.00
21667.00
21706.00
21667.00
21673.00
21677.00
21656.00
21686.00
21683.00
21679.00
21680.00
21683.00
21684.00
21698.00
21708.00
21698.00
21698.00
21726.00
21711.00
21677.00
21642.00
21663.00
21658.00
21655.00
21645.00
21641.00
21639.00
21629.00
21643.00
21598.00
21632.00
21585.00
21566.00
21578.00
21531.00
21526.00
21494.00
21475.00
21477.00
21436.00
21404.00
21429.00
21391.00
21374.00
21368.00
21312.00
21281.00
21281.00
21263.00
21211.00
21187.00
21171.00
21159.00
21176.00
21155.00
21141.00
21101.00
21120.00
21068.00
21052.00
21025.00
21016.00
21006.00
21011.00
21000.00
20962.00
20967.00
20953.00
20962.00
20941.00
20922.00
20907.00
20923.00
20927.00
20917.00
20921.00
20924.00
20946.00
20964.00
20951.00
20961.00
20974.00
20983.00
21036.00
21022.00
21038.00
21051.00
21112.00
21124.00
21145.00
21137.00
21189.00
21224.00
21210.00
21240.00
21239.00
21297.00
21309.00
21371.00
21371.00
21379.00
21387.00
21394.00
21440.00
21471.00
21439.00
21481.00
21522.00
21557.00
21581.00
21577.00
21599.00
21572.00
21619.00
21603.00
21640.00
21621.00
21684.00
21701.00
21705.00
21677.00
21699.00
21717.00
21706.00
21678.00
21688.00
21631.00
21695.00
21683.00
21659.00
21655.00
21698.00
21702.00
21723.00
21743.00
21753.00
21735.00
21737.00
21748.00
21759.00
21728.00
21720.00
21715.00
21710.00
21733.00
21681.00
21663.00
21646.00
21663.00
21672.00
21641.00
21626.00
21623.00
21664.00
21635.00
21611.00
21571.00
21583.00
21541.00
21563.00
21526.00
21491.00
21493.00
21452.00
21424.00
21410.00
21364.00
21333.00
21336.00
21308.00
21303.00
21265.00
21254.00
21238.00
21227.00
21178.00
21163.00
21143.00
21123.00
21121.00
21091.00
21090.00
21049.00
21030.00
21027.00
21003.00
21008.00
20961.00
20941.00
20951.00
20951.00
20923.00
20892.00
20921.00
20940.00
20940.00
20938.00
20946.00
20919.00
20948.00
20939.00
20944.00
20973.00
20979.00
21007.00
21009.00
20998.00
20989.00
21020.00
21057.00
21120.00
21145.00
21163.00
21159.00
21203.00
21245.00
21247.00
21275.00
21277.00
21315.00
21366.00
21367.00
21377.00
21377.00
21420.00
21443.00
21473.00
21436.00
21487.00
21504.00
21530.00
21558.00
21540.00
21554.00
21582.00
21579.00
21628.00
21590.00
21620.00
21655.00
21673.00
21680.00
21659.00
21668.00
21686.00
21671.00
21696.00
21670.00
21676.00
21686.00
21668.00
21686.00
21645.00
21647.00
21666.00
21687.00
21668.00
21679.00
21669.00
21675.00
21678.00
21701.00
21668.00
21668.00
21658.00
21652.00
21678.00
21665.00
21659.00
21663.00
21698.00
21687.00
21684.00
21670.00
21651.00
21636.00
21639.00
21593.00
21574.00
21548.00
21535.00
21521.00
21512.00
21461.00
21454.00
21437.00
21405.00
21397.00
21337.00
21332.00
21313.00
21297.00
21267.00
21242.00
21212.00
21197.00
21182.00
21149.00
21106.00
21094.00
21122.00
21109.00
21075.00
21066.00
21019.00
21013.00
20985.00
20971.00
20929.00
20896.00
20928.00
20916.00
20904.00
20886.00
20910.00
20886.00
20907.00
20934.00
20910.00
20903.00
20926.00
20962.00
20974.00
20973.00
20975.00
20994.00
21022.00
21030.00
21031.00
21028.00
21089.00
21132.00
21150.00
21170.00
21187.00
21230.00
21277.00
21283.00
21288.00
21310.00
21321.00
21358.00
21380.00
21392.00
21383.00
21399.00
21434.00
21465.00
21476.00
21454.00
21475.00
21506.00
21514.00
21515.00
21538.00
21524.00
21570.00
21612.00
21609.00
21573.00
21627.00
21623.00
21665.00
21648.00
21649.00
21653.00
21647.00
21665.00
21681.00
21682.00
21669.00
21686.00
21717.00
21715.00
21701.00
21715.00
21718.00
21731.00
21724.00
21706.00
21712.00
21711.00
21720.00
21702.00
21687.00
21667.00
21648.00
21649.00
21614.00
21593.00
21573.00
21580.00
21585.00
21570.00
21559.00
21525.00
21502.00
21532.00
21522.00
21471.00
21474.00
21392.00
21386.00
21390.00
21350.00
21301.00
21286.00
21280.00
21246.00
21250.00
21232.00
21200.00
21172.00
21161.00
21152.00
21123.00
21124.00
21115.00
21080.00
21068.00
21040.00
21018.00
20980.00
21007.00
20970.00
20978.00
20948.00
20963.00
20962.00
20951.00
20920.00
20938.00
20939.00
20923.00
20932.00
20910.00
20932.00
20940.00
20951.00
20973.00
20962.00
20984.00
20973.00
21006.00
20993.00
20997.00
21058.00
21084.00
21131.00
21163.00
21187.00
21205.00
21271.00
21291.00
21306.00
21294.00
21335.00
21353.00
21390.00
21396.00
21390.00
21393.00
21410.00
21484.00
21467.00
21450.00
21469.00
21522.00
21575.00
21561.00
21567.00
21573.00
21601.00
21616.00
21607.00
21620.00
21639.00
21653.00
21668.00
21695.00
21682.00
21707.00
21719.00
21720.00
21719.00
21704.00
21724.00
21712.00
21699.00
21690.00
21677.00
21692.00
21704.00
21743.00
21730.00
21722.00
21732.00
21707.00
21737.00
21717.00
21717.00
21704.00
21685.00
21689.00
21690.00
21669.00
21631.00
21625.00
21616.00
21634.00
21614.00
21579.00
21577.00
21580.00
21565.00
21559.00
21523.00
21506.00
21488.00
21461.00
21436.00
21395.00
21377.00
21381.00
21354.00
21329.00
21291.00
21279.00
21252.00
21250.00
21235.00
21203.00
21197.00
21177.00
21175.00
21169.00
21121.00
21087.00
21061.00
21047.00
21053.00
21019.00
20999.00
20970.00
20971.00
20956.00
20936.00
20878.00
20918.00
20902.00
20920.00
20897.00
20891.00
20896.00
20929.00
20937.00
20922.00
20931.00
20920.00
20948.00
20957.00
20985.00
20996.00
20992.00
21030.00
21051.00
21084.00
21088.00
21114.00
21152.00
21188.00
21233.00
21221.00
21265.00
21293.00
21326.00
21324.00
21369.00
21355.00
21423.00
21429.00
21445.00
21441.00
21475.00
21487.00
21512.00
21511.00
21519.00
21544.00
21568.00
21571.00
21618.00
21625.00
21609.00
21656.00
21670.00
21710.00
21679.00
21673.00
21708.00
21730.00
21722.00
21732.00
21736.00
21729.00
21729.00
21747.00
21746.00
21745.00
21783.00
21777.00
21764.00
21761.00
21759.00
21754.00
21777.00
21780.00
21775.00
21743.00
21753.00
21773.00
21751.00
21759.00
21731.00
21729.00
21719.00
21715.00
21697.00
21678.00
21702.00
21694.00
21648.00
21618.00
21666.00
21615.00
21620.00
21586.00
21572.00
21543.00
21545.00
21517.00
21519.00
21486.00
21464.00
21447.00
21406.00
21442.00
21427.00
21364.00
21366.00
21369.00
21332.00
21317.00
21278.00
21256.00
21237.00
21231.00
21216.00
21184.00
21163.00
21133.00
21152.00
21148.00
21138.00
21107.00
21100.00
21091.00
21071.00
21027.00
21014.00
20996.00
20992.00
20976.00
20963.00
20965.00
20968.00
20951.00
20980.00
20961.00
20957.00
20941.00
20969.00
20974.00
20958.00
20937.00
20973.00
20972.00
21004.00
20986.00
20986.00
21003.00
21020.00
21064.00
21066.00
21063.00
21092.00
21130.00
21178.00
21146.00
21151.00
21196.00
21241.00
21253.00
21304.00
21283.00
21321.00
21365.00
21379.00
21407.00
21422.00
21426.00
21477.00
21494.00
21509.00
21502.00
21521.00
21553.00
21579.00
21586.00
21600.00
21600.00
21634.00
21665.00
21677.00
21688.00
21688.00
21706.00
21741.00
21719.00
21752.00
21717.00
21755.00
21772.00
21777.00
21730.00
21737.00
21747.00
21765.00
21754.00
21754.00
21773.00
21758.00
21771.00
21784.00
21778.00
21779.00
21772.00
21792.00
21777.00
21778.00
21732.00
21721.00
21744.00
21720.00
21702.00
21682.00
21675.00
21677.00
21664.00
21657.00
21647.00
21656.00
21660.00
21653.00
21626.00
21605.00
21610.00
21622.00
21614.00
21604.00
21580.00
21549.00
21563.00
21557.00
21522.00
21493.00
21504.00
21467.00
21417.00
21382.00
21355.00
21349.00
21361.00
21327.00
21271.00
21261.00
21256.00
21236.00
21223.00
21193.00
21150.00
21161.00
21150.00
21133.00
21092.00
21056.00
21035.00
21007.00
20997.00
20969.00
20921.00
20933.00
20925.00
20919.00
20919.00
20908.00
20885.00
20914.00
20933.00
20912.00
20910.00
20921.00
20952.00
20975.00
20966.00
20973.00
20981.00
20998.00
21014.00
21023.00
21033.00
21030.00
21045.00
21071.00
21117.00
21095.00
21109.00
21126.00
21191.00
21234.00
21244.00
21264.00
21280.00
21319.00
21335.00
21343.00
21351.00
21353.00
21413.00
21432.00
21433.00
21441.00
21469.00
21483.00
21496.00
21509.00
21515.00
21559.00
21577.00
21586.00
21601.00
21615.00
21618.00
21661.00
21683.00
21660.00
21674.00
21709.00
21731.00
21723.00
21748.00
21740.00
21752.00
21794.00
21793.00
21787.00
21758.00
21762.00
21769.00
21750.00
21747.00
21770.00
21747.00
21774.00
21787.00
21779.00
21758.00
21740.00
21767.00
21758.00
21792.00
21755.00
21759.00
21746.00
21745.00
21701.00
21721.00
21696.00
21710.00
21693.00
21688.00
21648.00
21646.00
21639.00
21649.00
21638.00
21625.00
21634.00
21591.00
21614.00
21608.00
21562.00
21555.00
21546.00
21527.00
21513.00
21469.00
21438.00
21432.00
21420.00
21387.00
21350.00
21337.00
21332.00
21312.00
21287.00
21268.00
21246.00
21214.00
21222.00
21168.00
21162.00
21126.00
21110.00
21099.00
21090.00
21023.00
21033.00
21008.00
21010.00
21008.00
20972.00
20960.00
20953.00
20963.00
20935.00
20921.00
20899.00
20919.00
20949.00
20944.00
20939.00
20955.00
20964.00
20975.00
20982.00
20987.00
20969.00
20975.00
21000.00
21036.00
21051.00
21023.00
21052.00
21078.00
21130.00
21145.00
21164.00
21201.00
21252.00
21287.00
21305.00
21329.00
21335.00
21382.00
21415.00
21420.00
21422.00
21450.00
21475.00
21479.00
21519.00
21542.00
21532.00
21569.00
21585.00
21585.00
21590.00
21641.00
21646.00
21667.00
21670.00
21656.00
21676.00
21697.00
21715.00
21726.00
21745.00
21722.00
21751.00
21759.00
21736.00
21737.00
21738.00
21741.00
21755.00
21751.00
21739.00
21717.00
21755.00
21759.00
21785.00
21755.00
21745.00
21780.00
21794.00
21784.00
21777.00
21762.00
21766.00
21790.00
21757.00
21747.00
21743.00
21729.00
21743.00
21728.00
21692.00
21672.00
21672.00
21662.00
21644.00
21672.00
21638.00
21635.00
21619.00
21630.00
21596.00
21572.00
21568.00
21556.00
21566.00
21522.00
21512.00
21472.00
21476.00
21416.00
21404.00
21362.00
21317.00
21336.00
21321.00
21292.00
21265.00
21232.00
21224.00
21207.00
21163.00
21134.00
21130.00
21104.00
21097.00
21078.00
21031.00
21003.00
20975.00
20964.00
20971.00
20953.00
20933.00
20954.00
20969.00
20952.00
20941.00
20923.00
20922.00
20931.00
20936.00
20930.00
20939.00
20931.00
20965.00
20977.00
20968.00
20969.00
21014.00
21001.00
21055.00
21054.00
21084.00
21102.00
21143.00
21180.00
21196.00
21208.00
21242.00
21277.00
21320.00
21288.00
21335.00
21348.00
21409.00
21387.00
21418.00
21429.00
21452.00
21485.00
21530.00
21501.00
21531.00
21510.00
21557.00
21585.00
21591.00
21602.00
21642.00
21661.00
21701.00
21696.00
21706.00
21681.00
21745.00
21753.00
21752.00
21741.00
21726.00
21745.00
21760.00
21753.00
21753.00
21743.00
21740.00
21757.00
21749.00
21755.00
21752.00
21769.00
21788.00
21780.00
21753.00
21761.00
21750.00
21758.00
21728.00
21731.00
21736.00
21754.00
21755.00
21741.00
21699.00
21669.00
21649.00
21658.00
21651.00
21621.00
21607.00
21620.00
21599.00
21586.00
21532.00
21564.00
21547.00
21538.00
21519.00
21470.00
21430.00
21404.00
21430.00
21374.00
21339.00
21322.00
21285.00
21238.00
21267.00
21217.00
21211.00
21222.00
21183.00
21160.00
21129.00
21133.00
21104.00
21091.00
21086.00
21030.00
21012.00
20993.00
20999.00
20988.00
20966.00
20958.00
20940.00
20978.00
20995.00
20977.00
20952.00
20963.00
20965.00
20960.00
20978.00
20957.00
20995.00
21001.00
21033.00
21005.00
21000.00
21016.00
21032.00
21030.00
21065.00
21040.00
21095.00
21154.00
21178.00
21212.00
21208.00
21257.00
21301.00
21321.00
21362.00
21356.00
21380.00
21435.00
21462.00
21474.00
21496.00
21513.00
21547.00
21547.00
21594.00
21603.00
21601.00
21633.00
21662.00
21660.00
21660.00
21656.00
21701.00
21691.00
21682.00
21712.00
21748.00
21757.00
21771.00
21762.00
21774.00
21760.00
21752.00
21749.00
21734.00
21739.00
21727.00
21712.00
21718.00
21746.00
21715.00
21760.00
21762.00
21762.00
21762.00
21721.00
21757.00
21747.00
21754.00
21767.00
21756.00
21746.00
21753.00
21768.00
21768.00
21769.00
21709.00
21698.00
21682.00
21677.00
21632.00
21638.00
21645.00
21664.00
21651.00
21619.00
21613.00
21603.00
21607.00
21577.00
21599.00
21561.00
21543.00
21529.00
21525.00
21497.00
21453.00
21438.00
21403.00
21402.00
21349.00
21327.00
21283.00
21259.00
21282.00
21217.00
21205.00
21182.00
21170.00
21158.00
21133.00
21102.00
21106.00
21091.00
21071.00
21072.00
21038.00
21008.00
20997.00
21013.00
20988.00
20941.00
20946.00
20951.00
20965.00
20965.00
20949.00
20931.00
20980.00
20976.00
20997.00
21001.00
20986.00
21009.00
21027.00
21041.00
21019.00
21044.00
21047.00
21086.00
21146.00
21145.00
21150.00
21184.00
21249.00
21279.00
21299.00
21313.00
21336.00
21371.00
21417.00
21394.00
21419.00
21462.00
21455.00
21514.00
21551.00
21550.00
21562.00
21596.00
21591.00
21616.00
21621.00
21660.00
21675.00
21714.00
21700.00
21727.00
21744.00
21775.00
21751.00
21779.00
21761.00
21775.00
21786.00
21783.00
21768.00
21807.00
21787.00
21821.00
21787.00
21801.00
21818.00
21827.00
21837.00
21844.00
21823.00
21820.00
21822.00
21817.00
21794.00
21796.00
21779.00
21769.00
21763.00
21767.00
21749.00
21719.00
21695.00
21662.00
21664.00
21653.00
21619.00
21617.00
21600.00
21601.00
21597.00
21586.00
21532.00
21528.00
21522.00
21503.00
21547.00
21438.00
21436.00
21457.00
21426.00
21367.00
21331.00
21340.00
21323.00
21299.00
21272.00
21264.00
21256.00
21250.00
21218.00
21200.00
21136.00
21124.00
21123.00
21107.00
21091.00
21077.00
21078.00
21063.00
21061.00
21025.00
21022.00
20998.00
21006.00
21013.00
20990.00
20971.00
20996.00
20997.00
20998.00
20999.00
21003.00
20980.00
21014.00
21003.00
21038.00
21011.00
21019.00
21025.00
21057.00
21075.00
21101.00
21105.00
21135.00
21164.00
21168.00
21186.00
21216.00
21228.00
21254.00
21295.00
21313.00
21317.00
21379.00
21379.00
21408.00
21410.00
21437.00
21451.00
21495.00
21492.00
21510.00
21536.00
21573.00
21587.00
21610.00
21612.00
21585.00
21645.00
21657.00
21672.00
21671.00
21675.00
21709.00
21730.00
21742.00
21727.00
21749.00
21769.00
21791.00
21793.00
21782.00
21795.00
21797.00
21815.00
21824.00
21850.00
21841.00
21849.00
21869.00
21842.00
21854.00
21849.00
21830.00
21833.00
21842.00
21847.00
21828.00
21838.00
21818.00
21819.00
21806.00
21772.00
21781.00
21785.00
21766.00
21770.00
21724.00
21726.00
21726.00
21722.00
21691.00
21675.00
21657.00
21659.00
21653.00
21626.00
21582.00
21582.00
21557.00
21563.00
21525.00
21514.00
21477.00
21465.00
21459.00
21445.00
21392.00
21363.00
21339.00
21331.00
21323.00
21259.00
21244.00
21254.00
21240.00
21211.00
21192.00
21180.00
21162.00
21168.00
21155.00
21118.00
21097.00
21097.00
21081.00
21071.00
21057.00
21034.00
21021.00
21036.00
21043.00
21022.00
21000.00
21029.00
21030.00
21035.00
21021.00
21012.00
21024.00
21051.00
21067.00
21088.00
21091.00
21106.00
21121.00
21108.00
21131.00
21117.00
21146.00
21195.00
21225.00
21233.00
21252.00
21293.00
21340.00
21351.00
21355.00
21353.00
21365.00
21400.00
21428.00
21444.00
21445.00
21496.00
21520.00
21517.00
21512.00
21531.00
21541.00
21563.00
21580.00
21608.00
21600.00
21644.00
21651.00
21678.00
21660.00
21664.00
21681.00
21703.00
21717.00
21718.00
21707.00
21730.00
21767.00
21787.00
21749.00
21740.00
21710.00
21728.00
21748.00
21734.00
21709.00
21730.00
21718.00
21736.00
21746.00
21738.00
21735.00
21737.00
21729.00
21741.00
21744.00
21714.00
21698.00
21748.00
21722.00
21734.00
21719.00
21708.00
21701.00
21699.00
21669.00
21667.00
21644.00
21653.00
21643.00
21645.00
21641.00
21608.00
21626.00
21622.00
21602.00
21588.00
21571.00
21554.00
21559.00
21549.00
21513.00
21505.00
21476.00
21442.00
21461.00
21413.00
21393.00
21396.00
21397.00
21309.00
21314.00
21269.00
21275.00
21291.00
21219.00
21168.00
21163.00
21156.00
21142.00
21111.00
21086.00
21083.00
21088.00
21086.00
21046.00
21039.00
21002.00
21012.00
21002.00
21009.00
20960.00
20966.00
20995.00
21010.00
20970.00
20972.00
20989.00
20990.00
21024.00
21023.00
21013.00
21019.00
21049.00
21065.00
21076.00
21080.00
21095.00
21127.00
21118.00
21149.00
21145.00
21166.00
21199.00
21254.00
21308.00
21310.00
21334.00
21363.00
21399.00
21441.00
21428.00
21431.00
21468.00
21491.00
21530.00
21524.00
21548.00
21582.00
21594.00
21618.00
21641.00
21613.00
21653.00
21653.00
21679.00
21667.00
21669.00
21701.00
21712.00
21718.00
21715.00
21709.00
21702.00
21697.00
21711.00
21686.00
21670.00
21696.00
21721.00
21716.00
21696.00
21682.00
21672.00
21689.00
21708.00
21715.00
21705.00
21751.00
21737.00
21741.00
21700.00
21663.00
21684.00
21691.00
21699.00
21660.00
21647.00
21642.00
21664.00
21681.00
21683.00
21664.00
21630.00
21666.00
21645.00
21656.00
21641.00
21644.00
21643.00
21638.00
21644.00
21630.00
21590.00
21591.00
21586.00
21552.00
21520.00
21502.00
21487.00
21464.00
21420.00
21404.00
21385.00
21352.00
21335.00
21320.00
21272.00
21244.00
21202.00
21215.00
21179.00
21126.00
21116.00
21123.00
21093.00
21049.00
20993.00
21019.00
20998.00
20986.00
20981.00
20950.00
20922.00
20914.00
20947.00
20934.00
20922.00
20907.00
20922.00
20959.00
20933.00
20917.00
20932.00
20977.00
20992.00
20997.00
21016.00
21001.00
21022.00
21063.00
21069.00
21079.00
21064.00
21081.00
21097.00
21153.00
21151.00
21169.00
21175.00
21207.00
21194.00
21251.00
21294.00
21339.00
21382.00
21373.00
21381.00
21384.00
21429.00
21451.00
21494.00
21522.00
21503.00
21507.00
21518.00
21546.00
21596.00
21615.00
21630.00
21638.00
21661.00
21676.00
21675.00
21708.00
21738.00
21736.00
21769.00
21737.00
21751.00
21790.00
21827.00
21814.00
21814.00
21802.00
21830.00
21802.00
21789.00
21803.00
21781.00
21803.00
21791.00
21786.00
21786.00
21757.00
21795.00
21792.00
21773.00
21815.00
21813.00
21839.00
21826.00
21850.00
21847.00
21798.00
21812.00
21810.00
21778.00
21779.00
21758.00
21760.00
21795.00
21802.00
21746.00
21715.00
21694.00
21704.00
21697.00
21685.00
21635.00
21653.00
21670.00
21643.00
21653.00
21619.00
21589.00
21628.00
21631.00
21580.00
21552.00
21556.00
21497.00
21548.00
21496.00
21506.00
21510.00
21451.00
21447.00
21236.00
21322.00
21393.00
21328.00
21256.00
21235.00
21256.00
21175.00
21188.00
21206.00
21179.00
21170.00
21135.00
21146.00
21127.00
21097.00
21087.00
21081.00
21099.00
21085.00
21074.00
21015.00
21010.00
21014.00
21017.00
21015.00
20974.00
20985.00
20987.00
21006.00
21011.00
21013.00
21006.00
21047.00
21050.00
21084.00
21055.00
21065.00
21046.00
21085.00
21125.00
21117.00
21122.00
21136.00
21173.00
21218.00
21237.00
21223.00
21250.00
21277.00
21312.00
21324.00
21344.00
21388.00
21421.00
21427.00
21437.00
21441.00
21482.00
21481.00
21512.00
21500.00
21538.00
21546.00
21595.00
21608.00
21619.00
21623.00
21638.00
21616.00
21651.00
21673.00
21652.00
21675.00
21747.00
21775.00
21818.00
21820.00
21817.00
21830.00
21834.00
21841.00
21832.00
21812.00
21843.00
21870.00
21862.00
21863.00
21877.00
21879.00
21875.00
21877.00
21864.00
21872.00
21843.00
21858.00
21856.00
21857.00
21854.00
21867.00
21851.00
21833.00
21804.00
21782.00
21771.00
21764.00
21750.00
21712.00
21731.00
21737.00
21752.00
21685.00
21688.00
21690.00
21697.00
21693.00
21668.00
21670.00
21617.00
21630.00
21613.00
21600.00
21576.00
21560.00
21521.00
21525.00
21480.00
21455.00
21403.00
21399.00
21372.00
21333.00
21301.00
21290.00
21262.00
21263.00
21253.00
21242.00
21239.00
21213.00
21218.00
21218.00
21191.00
21153.00
21158.00
21133.00
21150.00
21106.00
21056.00
21056.00
21058.00
21037.00
21038.00
21034.00
21032.00
21042.00
21037.00
21037.00
21003.00
21020.00
21025.00
21049.00
21043.00
21027.00
21026.00
21104.00
21113.00
21087.00
21094.00
21120.00
21130.00
21171.00
21190.00
21178.00
21208.00
21244.00
21273.00
21273.00
21302.00
21309.00
21340.00
21376.00
21401.00
21431.00
21438.00
21465.00
21523.00
21517.00
21525.00
21533.00
21558.00
21589.00
21599.00
21620.00
21614.00
21674.00
21685.00
21702.00
21686.00
21723.00
21723.00
21748.00
21775.00
21776.00
21788.00
21789.00
21832.00
21858.00
21862.00
21857.00
21855.00
21879.00
21881.00
21889.00
21884.00
21911.00
21928.00
21928.00
21921.00
21912.00
21896.00
21901.00
21903.00
21910.00
21895.00
21908.00
21893.00
21903.00
21911.00
21900.00
21889.00
21883.00
21884.00
21831.00
21803.00
21817.00
21802.00
21795.00
21809.00
21763.00
21761.00
21771.00
21778.00
21764.00
21766.00
21751.00
21778.00
21733.00
21741.00
21731.00
21735.00
21715.00
21706.00
21685.00
21662.00
21644.00
21617.00
21604.00
21606.00
21557.00
21531.00
21510.00
21502.00
21468.00
21383.00
21351.00
21338.00
21320.00
21320.00
21293.00
21292.00
21299.00
21301.00
21279.00
21253.00
21233.00
21208.00
21188.00
21160.00
21120.00
21091.00
21076.00
21088.00
21076.00
21056.00
21036.00
21053.00
21041.00
21040.00
21025.00
20995.00
21000.00
21028.00
21041.00
21023.00
21046.00
21032.00
21076.00
21077.00
21084.00
21076.00
21093.00
21102.00
21132.00
21156.00
21183.00
21197.00
21232.00
21249.00
21281.00
21294.00
21329.00
21358.00
21375.00
21392.00
21408.00
21452.00
21471.00
21487.00
21518.00
21515.00
21528.00
21577.00
21598.00
21590.00
21607.00
21634.00
21658.00
21693.00
21692.00
21701.00
21705.00
21714.00
21768.00
21770.00
21779.00
21788.00
21807.00
21818.00
21818.00
21836.00
21845.00
21842.00
21842.00
21836.00
21816.00
21827.00
21835.00
21849.00
21851.00
21829.00
21815.00
21849.00
21851.00
21839.00
21828.00
21854.00
21854.00
21846.00
21844.00
21834.00
21838.00
21819.00
21817.00
21817.00
21798.00
21798.00
21775.00
21768.00
21746.00
21774.00
21747.00
21738.00
21742.00
21748.00
21736.00
21707.00
21705.00
21717.00
21758.00
21792.00
21720.00
21735.00
21725.00
21735.00
21698.00
21701.00
21663.00
21665.00
21666.00
21654.00
21647.00
21631.00
21616.00
21594.00
21547.00
21505.00
21448.00
21478.00
21458.00
21239.00
21367.00
21329.00
21321.00
21321.00
21308.00
21305.00
21289.00
21291.00
21271.00
21265.00
21211.00
21196.00
21209.00
21184.00
21174.00
21127.00
21094.00
21094.00
21090.00
21075.00
21029.00
21046.00
21052.00
21087.00
21087.00
21052.00
21036.00
21039.00
21082.00
21068.00
21071.00
21075.00
21068.00
21126.00
21120.00
21137.00
21145.00
21190.00
21186.00
21210.00
21230.00
21229.00
21261.00
21307.00
21334.00
21362.00
21368.00
21399.00
21443.00
21470.00
21482.00
21493.00
21519.00
21568.00
21561.00
21553.00
21573.00
21615.00
21640.00
21651.00
21658.00
21675.00
21697.00
21728.00
21755.00
21754.00
21768.00
21754.00
21786.00
21809.00
21785.00
21778.00
21824.00
21839.00
21852.00
21853.00
21841.00
21862.00
21865.00
21855.00
21861.00
21828.00
21848.00
21862.00
21875.00
21870.00
21848.00
21859.00
21846.00
21843.00
21857.00
21852.00
21841.00
21825.00
21824.00
21830.00
21788.00
21763.00
21806.00
21789.00
21766.00
21739.00
21743.00
21709.00
21722.00
21715.00
21734.00
21705.00
21708.00
21727.00
21746.00
21738.00
21721.00
21695.00
21694.00
21694.00
21688.00
21674.00
21676.00
21676.00
21638.00
21655.00
21651.00
21650.00
21628.00
21586.00
21585.00
21542.00
21519.00
21513.00
21495.00
21461.00
21439.00
21422.00
21395.00
21434.00
21356.00
21322.00
21308.00
21269.00
21282.00
21282.00
21252.00
21259.00
21272.00
21270.00
21253.00
21214.00
21220.00
21223.00
21222.00
21195.00
21154.00
21161.00
21174.00
21171.00
21162.00
21128.00
21136.00
21138.00
21144.00
21122.00
21115.00
21093.00
21110.00
21139.00
21151.00
21112.00
21108.00
21141.00
21129.00
21162.00
21153.00
21154.00
21166.00
21193.00
21225.00
21227.00
21254.00
21293.00
21310.00
21349.00
21347.00
21369.00
21390.00
21418.00
21416.00
21422.00
21450.00
21483.00
21518.00
21547.00
21531.00
21568.00
21584.00
21605.00
21611.00
21613.00
21631.00
21622.00
21646.00
21679.00
21659.00
21677.00
21719.00
21717.00
21716.00
21722.00
21732.00
21757.00
21764.00
21784.00
21801.00
21782.00
21839.00
21860.00
21853.00
21862.00
21856.00
21878.00
21885.00
21879.00
21888.00
21867.00
21879.00
21885.00
21870.00
21874.00
21861.00
21894.00
21907.00
21884.00
21909.00
21887.00
21920.00
21938.00
21900.00
21892.00
21871.00
21875.00
21863.00
21846.00
21844.00
21814.00
21807.00
21798.00
21799.00
21769.00
21767.00
21760.00
21738.00
21758.00
21767.00
21763.00
21756.00
21750.00
21768.00
21760.00
21761.00
21711.00
21712.00
21721.00
21708.00
21724.00
21679.00
21716.00
21696.00
21666.00
21666.00
21634.00
21643.00
21620.00
21581.00
21551.00
21535.00
21490.00
21400.00
21469.00
21419.00
21380.00
21360.00
21317.00
21322.00
21287.00
21262.00
21259.00
21259.00
21226.00
21194.00
21160.00
21157.00
21144.00
21144.00
21133.00
21106.00
21137.00
21139.00
21148.00
21097.00
21097.00
21100.00
21108.00
21103.00
21130.00
21096.00
21120.00
21143.00
21154.00
21160.00
21158.00
21157.00
21181.00
21193.00
21190.00
21185.00
21218.00
21234.00
21249.00
21263.00
21253.00
21271.00
21311.00
21329.00
21337.00
21332.00
21368.00
21404.00
21431.00
21459.00
21485.00
21490.00
21515.00
21543.00
21530.00
21549.00
21551.00
21598.00
21620.00
21638.00
21666.00
21675.00
21698.00
21734.00
21738.00
21747.00
21763.00
21783.00
21833.00
21807.00
21816.00
21819.00
21846.00
21828.00
21857.00
21847.00
21846.00
21878.00
21875.00
21899.00
21916.00
21914.00
21898.00
21923.00
21940.00
21903.00
21921.00
21924.00
21939.00
21924.00
21926.00
21916.00
21947.00
21956.00
21963.00
21939.00
21916.00
21932.00
21926.00
21916.00
21907.00
21891.00
21895.00
21903.00
21899.00
21874.00
21852.00
21846.00
21833.00
21811.00
21791.00
21747.00
21783.00
21771.00
21790.00
21751.00
21754.00
21751.00
21791.00
21782.00
21776.00
21737.00
21722.00
21768.00
21777.00
21791.00
21756.00
21744.00
21765.00
21760.00
21735.00
21713.00
21655.00
21667.00
21655.00
21617.00
21478.00
21553.00
21535.00
21538.00
21601.00
21467.00
21440.00
21435.00
21417.00
21394.00
21346.00
21344.00
21348.00
21356.00
21340.00
21306.00
21288.00
21281.00
21273.00
21253.00
21236.00
21221.00
21210.00
21220.00
21178.00
21156.00
21134.00
21141.00
21127.00
21137.00
21097.00
21120.00
21112.00
21124.00
21134.00
21116.00
21099.00
21128.00
21136.00
21145.00
21117.00
21109.00
21143.00
21177.00
21172.00
21162.00
21152.00
21154.00
21172.00
21176.00
21173.00
21183.00
21202.00
21207.00
21233.00
21232.00
21235.00
21237.00
21277.00
21279.00
21254.00
21284.00
21321.00
21387.00
21419.00
21436.00
21422.00
21447.00
21470.00
21477.00
21505.00
21506.00
21510.00
21553.00
21570.00
21592.00
21601.00
21623.00
21638.00
21655.00
21680.00
21647.00
21669.00
21703.00
21723.00
21732.00
21726.00
21756.00
21782.00
21811.00
21794.00
21784.00
21788.00
21847.00
21838.00
21826.00
21825.00
21807.00
21823.00
21868.00
21876.00
21844.00
21867.00
21874.00
21892.00
21857.00
21867.00
21863.00
21893.00
21900.00
21887.00
21872.00
21857.00
21872.00
21867.00
21851.00
21827.00
21811.00
21807.00
21792.00
21790.00
21783.00
21782.00
21796.00
21791.00
21782.00
21779.00
21781.00
21765.00
21809.00
21758.00
21753.00
21750.00
21756.00
21755.00
21726.00
21717.00
21690.00
21672.00
21657.00
21659.00
21618.00
21609.00
21638.00
21597.00
21613.00
21593.00
21589.00
21583.00
21565.00
21562.00
21566.00
21536.00
21520.00
21506.00
21513.00
21523.00
21452.00
21465.00
21480.00
21430.00
21406.00
21377.00
21355.00
21366.00
21382.00
21372.00
21353.00
21315.00
21317.00
21313.00
21284.00
21277.00
21273.00
21273.00
21257.00
21245.00
21235.00
21239.00
21229.00
21244.00
21217.00
21203.00
21188.00
21195.00
21201.00
21179.00
21154.00
21136.00
21163.00
21169.00
21163.00
21131.00
21111.00
21134.00
21118.00
21119.00
21100.00
21076.00
21067.00
21100.00
21054.00
21049.00
21031.00
21065.00
21076.00
21066.00
21060.00
21089.00
21069.00
21117.00
21128.00
21114.00
21124.00
21153.00
21183.00
21203.00
21211.00
21219.00
21228.00
21253.00
21252.00
21289.00
21308.00
21333.00
21379.00
21377.00
21414.00
21420.00
21453.00
21476.00
21477.00
21503.00
21533.00
21557.00
21566.00
21573.00
21579.00
21589.00
21634.00
21681.00
21712.00
21702.00
21688.00
21726.00
21746.00
21758.00
21754.00
21743.00
21764.00
21785.00
21810.00
21813.00
21831.00
21810.00
21835.00
21823.00
21821.00
21821.00
21835.00
21822.00
21815.00
21829.00
21834.00
21856.00
21860.00
21845.00
21837.00
21802.00
21813.00
21806.00
21818.00
21799.00
21786.00
21797.00
21781.00
21780.00
21736.00
21724.00
21733.00
21732.00
21720.00
21730.00
21712.00
21695.00
21709.00
21726.00
21713.00
21683.00
21700.00
21689.00
21689.00
21672.00
21674.00
21650.00
21650.00
21660.00
21671.00
21623.00
21622.00
21640.00
21638.00
21601.00
21550.00
21536.00
21534.00
21515.00
21496.00
21431.00
21478.00
21492.00
21447.00
21436.00
21419.00
21389.00
21393.00
21380.00
21342.00
21328.00
21325.00
21303.00
21296.00
21288.00
21289.00
21245.00
21265.00
21246.00
21227.00
21213.00
21189.00
21157.00
21172.00
21187.00
21142.00
21135.00
21119.00
21132.00
21106.00
21108.00
21105.00
21112.00
21135.00
21121.00
21089.00
21108.00
21104.00
21109.00
21113.00
21123.00
21120.00
21152.00
21171.00
21165.00
21192.00
21162.00
21190.00
21255.00
21275.00
21296.00
21289.00
21349.00
21371.00
21399.00
21414.00
21427.00
21456.00
21460.00
21479.00
21505.00
21512.00
21540.00
21567.00
21588.00
21581.00
21574.00
21605.00
21619.00
21645.00
21651.00
21644.00
21678.00
21710.00
21718.00
21723.00
21704.00
21716.00
21751.00
21765.00
21774.00
21743.00
21758.00
21773.00
21800.00
21796.00
21772.00
21773.00
21790.00
21770.00
21786.00
21767.00
21764.00
21778.00
21783.00
21788.00
21778.00
21758.00
21774.00
21788.00
21743.00
21715.00
21697.00
21700.00
21707.00
21699.00
21688.00
21688.00
21693.00
21690.00
21687.00
21678.00
21642.00
21644.00
21688.00
21653.00
21654.00
21631.00
21638.00
21664.00
21642.00
21614.00
21611.00
21624.00
21605.00
21612.00
21568.00
21545.00
21539.00
21521.00
21504.00
21456.00
21430.00
21449.00
21453.00
21441.00
21415.00
21362.00
21365.00
21364.00
21344.00
21318.00
21285.00
21262.00
21262.00
21256.00
21224.00
21186.00
21207.00
21214.00
21212.00
21188.00
21170.00
21175.00
21183.00
21186.00
21156.00
21108.00
21103.00
21116.00
21117.00
21097.00
21080.00
21091.00
21113.00
21116.00
21108.00
21089.00
21090.00
21100.00
21132.00
21133.00
21127.00
21108.00
21134.00
21181.00
21186.00
21185.00
21196.00
21207.00
21220.00
21244.00
21241.00
21273.00
21317.00
21342.00
21359.00
21356.00
21394.00
21420.00
21454.00
21470.00
21478.00
21517.00
21553.00
21600.00
21597.00
21595.00
21603.00
21604.00
21661.00
21670.00
21660.00
21646.00
21710.00
21719.00
21738.00
21755.00
21743.00
21769.00
21790.00
21795.00
21784.00
21782.00
21810.00
21828.00
21821.00
21811.00
21812.00
21802.00
21851.00
21856.00
21852.00
21832.00
21878.00
21884.00
21889.00
21866.00
21858.00
21880.00
21883.00
21871.00
21887.00
21858.00
21856.00
21866.00
21856.00
21842.00
21838.00
21800.00
21808.00
21822.00
21797.00
21778.00
21766.00
21759.00
21746.00
21734.00
21733.00
21755.00
21769.00
21766.00
21739.00
21740.00
21719.00
21768.00
21747.00
21748.00
21752.00
21757.00
21756.00
21731.00
21735.00
21730.00
21722.00
21732.00
21727.00
21710.00
21694.00
21701.00
21698.00
21693.00
21664.00
21619.00
21611.00
21584.00
21580.00
21541.00
21560.00
21501.00
21496.00
21498.00
21481.00
21408.00
21413.00
21415.00
21374.00
21383.00
21321.00
21336.00
21323.00
21319.00
21290.00
21298.00
21293.00
21318.00
21282.00
21264.00
21256.00
21241.00
21246.00
21248.00
21243.00
21215.00
21205.00
21236.00
21223.00
21221.00
21179.00
21171.00
21167.00
21173.00
21169.00
21173.00
21167.00
21190.00
21208.00
21194.00
21168.00
21158.00
21175.00
21201.00
21188.00
21216.00
21245.00
21228.00
21279.00
21296.00
21287.00
21306.00
21341.00
21387.00
21383.00
21400.00
21405.00
21425.00
21444.00
21512.00
21503.00
21502.00
21532.00
21549.00
21571.00
21553.00
21577.00
21594.00
21645.00
21653.00
21657.00
21628.00
21662.00
21683.00
21684.00
21698.00
21687.00
21713.00
21732.00
21764.00
21775.00
21777.00
21786.00
21795.00
21829.00
21821.00
21793.00
21786.00
21834.00
21846.00
21849.00
21864.00
21857.00
21872.00
21855.00
21860.00
21871.00
21853.00
21866.00
21869.00
21861.00
21882.00
21870.00
21872.00
21880.00
21860.00
21858.00
21839.00
21878.00
21868.00
21861.00
21857.00
21843.00
21863.00
21846.00
21820.00
21794.00
21770.00
21787.00
21779.00
21759.00
21753.00
21752.00
21770.00
21762.00
21773.00
21750.00
21725.00
21753.00
21757.00
21764.00
21746.00
21748.00
21766.00
21765.00
21773.00
21772.00
21758.00
21784.00
21778.00
21789.00
21784.00
21762.00
21782.00
21783.00
21792.00
21766.00
21734.00
21727.00
21713.00
21721.00
21691.00
21658.00
21679.00
21668.00
21659.00
21607.00
21586.00
21570.00
21560.00
21454.00
21508.00
21478.00
21455.00
21457.00
21443.00
21417.00
21375.00
21383.00
21380.00
21367.00
21323.00
21285.00
21271.00
21284.00
21280.00
21265.00
21240.00
21258.00
21253.00
21263.00
21250.00
21220.00
21234.00
21241.00
21268.00
21268.00
21260.00
21269.00
21313.00
21307.00
21353.00
21318.00
21331.00
21349.00
21380.00
21395.00
21380.00
21414.00
21437.00
21463.00
21453.00
21444.00
21457.00
21459.00
21453.00
21447.00
21426.00
21458.00
21472.00
21491.00
21497.00
21473.00
21490.00
21508.00
21506.00
21514.00
21524.00
21539.00
21509.00
21531.00
21532.00
21546.00
21543.00
21557.00
21572.00
21558.00
21566.00
21572.00
21583.00
21593.00
21579.00
21595.00
21577.00
21575.00
21605.00
21561.00
21564.00
21563.00
