61258.00
61226.00
61237.00
61280.00
61298.00
61262.00
61232.00
61226.00
61268.00
61287.00
61268.00
61230.00
61235.00
61275.00
61305.00
61278.00
61241.00
61231.00
61275.00
61289.00
61267.00
61239.00
61230.00
61270.00
61296.00
61286.00
61240.00
61222.00
61265.00
61292.00
61274.00
61239.00
61231.00
61263.00
61296.00
61287.00
61251.00
61232.00
61255.00
61296.00
61276.00
61248.00
61222.00
61251.00
61297.00
61290.00
61254.00
61231.00
61251.00
61297.00
61286.00
61256.00
61230.00
61248.00
61289.00
61298.00
61268.00
61234.00
61241.00
61286.00
61303.00
61268.00
61228.00
61238.00
61277.00
61302.00
61265.00
61238.00
61246.00
61283.00
61301.00
61282.00
61238.00
61237.00
61269.00
61292.00
61277.00
61238.00
61234.00
61272.00
61306.00
61280.00
61230.00
61231.00
61264.00
61302.00
61273.00
61237.00
61223.00
61259.00
61305.00
61280.00
61237.00
61227.00
61257.00
61302.00
61279.00
61237.00
61237.00
61254.00
61294.00
61288.00
61254.00
61223.00
61246.00
61290.00
61295.00
61265.00
61242.00
61256.00
61301.00
61295.00
61260.00
61224.00
61247.00
61287.00
61281.00
61261.00
61237.00
61242.00
61282.00
61291.00
61266.00
61235.00
61242.00
61280.00
61298.00
61275.00
61236.00
61235.00
61272.00
61296.00
61276.00
61224.00
61232.00
61272.00
61293.00
61268.00
61250.00
61236.00
61267.00
61306.00
61276.00
61239.00
61242.00
61276.00
61303.00
61288.00
61238.00
61233.00
61266.00
61293.00
61279.00
61248.00
61233.00
61263.00
61310.00
61287.00
61244.00
61228.00
61258.00
61291.00
61293.00
61240.00
61238.00
61258.00
61294.00
61283.00
61256.00
61228.00
61256.00
61300.00
61294.00
61262.00
61236.00
61254.00
61303.00
61299.00
61259.00
61233.00
61256.00
61304.00
61295.00
61280.00
61237.00
61252.00
61300.00
61313.00
61279.00
61253.00
61264.00
61309.00
61326.00
61301.00
61257.00
61272.00
61311.00
61341.00
61312.00
61282.00
61281.00
61322.00
61360.00
61331.00
61286.00
61298.00
61319.00
61358.00
61357.00
61324.00
61322.00
61357.00
61389.00
61377.00
61341.00
61319.00
61358.00
61390.00
61387.00
61361.00
61334.00
61356.00
61405.00
61394.00
61352.00
61342.00
61369.00
61410.00
61410.00
61375.00
61352.00
61367.00
61416.00
61403.00
61381.00
61354.00
61375.00
61417.00
61418.00
61387.00
61359.00
61363.00
61405.00
61415.00
61382.00
61352.00
61363.00
61401.00
61422.00
61385.00
61335.00
61344.00
61385.00
61389.00
61367.00
61326.00
61326.00
61370.00
61374.00
61350.00
61317.00
61322.00
61364.00
61374.00
61353.00
61301.00
61306.00
61332.00
61362.00
61334.00
61292.00
61296.00
61309.00
61329.00
61327.00
61299.00
61282.00
61316.00
61360.00
61352.00
61335.00
61338.00
61375.00
61427.00
61434.00
61414.00
61393.00
61422.00
61455.00
61449.00
61408.00
61382.00
61400.00
61434.00
61435.00
61391.00
61361.00
61381.00
61408.00
61405.00
61367.00
61346.00
61353.00
61408.00
61393.00
61339.00
61308.00
61312.00
61335.00
61335.00
61287.00
61258.00
61261.00
61296.00
61308.00
61303.00
61270.00
61283.00
61332.00
61370.00
61361.00
61340.00
61373.00
61452.00
61515.00
61533.00
61535.00
61568.00
61676.00
61765.00
61785.00
61784.00
61821.00
61893.00
61962.00
61972.00
61951.00
61971.00
62042.00
62116.00
62116.00
62077.00
62085.00
62137.00
62200.00
62193.00
62169.00
62152.00
62212.00
62260.00
62242.00
62199.00
62162.00
62201.00
62251.00
62246.00
62201.00
62181.00
62205.00
62263.00
62250.00
62205.00
62167.00
62179.00
62225.00
62216.00
62161.00
62100.00
62111.00
62147.00
62131.00
62077.00
62016.00
61997.00
62019.00
62003.00
61944.00
61873.00
61860.00
61856.00
61833.00
61765.00
61711.00
61662.00
61688.00
61676.00
61628.00
61557.00
61534.00
61530.00
61543.00
61487.00
61422.00
61408.00
61429.00
61451.00
61419.00
61387.00
61396.00
61440.00
61495.00
61496.00
61485.00
61493.00
61539.00
61586.00
61576.00
61543.00
61524.00
61555.00
61596.00
61583.00
61544.00
61526.00
61545.00
61584.00
61579.00
61545.00
61523.00
61554.00
61584.00
61566.00
61525.00
61474.00
61462.00
61499.00
61469.00
61416.00
61363.00
61360.00
61391.00
61392.00
61368.00
61338.00
61362.00
61416.00
61453.00
61449.00
61458.00
61510.00
61612.00
61693.00
61718.00
61735.00
61785.00
61883.00
61960.00
61965.00
61957.00
61988.00
62082.00
62156.00
62153.00
62132.00
62156.00
62230.00
62283.00
62262.00
62231.00
62215.00
62275.00
62305.00
62280.00
62224.00
62200.00
62241.00
62270.00
62257.00
62206.00
62195.00
62222.00
62268.00
62233.00
62187.00
62159.00
62184.00
62218.00
62187.00
62112.00
62062.00
62081.00
62116.00
62065.00
62001.00
61931.00
61931.00
61947.00
61910.00
61827.00
61746.00
61723.00
61738.00
61698.00
61627.00
61556.00
61530.00
61538.00
61510.00
61464.00
61404.00
61406.00
61432.00
61447.00
61432.00
61431.00
61467.00
61541.00
61578.00
61556.00
61539.00
61552.00
61595.00
61619.00
61592.00
61557.00
61563.00
61599.00
61617.00
61599.00
61564.00
61567.00
61594.00
61633.00
61605.00
61570.00
61551.00
61567.00
61589.00
61554.00
61496.00
61465.00
61469.00
61473.00
61427.00
61374.00
61350.00
61362.00
61403.00
61400.00
61377.00
61374.00
61413.00
61495.00
61538.00
61544.00
61571.00
61661.00
61773.00
61821.00
61839.00
61858.00
61935.00
62030.00
62062.00
62064.00
62065.00
62122.00
62209.00
62228.00
62218.00
62193.00
62237.00
62308.00
62322.00
62270.00
62226.00
62230.00
62268.00
62269.00
62226.00
62181.00
62177.00
62231.00
62235.00
62206.00
62135.00
62141.00
62163.00
62179.00
62127.00
62061.00
62032.00
62056.00
62067.00
61995.00
61923.00
61888.00
61889.00
61897.00
61838.00
61755.00
61704.00
61713.00
61703.00
61654.00
61584.00
61542.00
61535.00
61549.00
61503.00
61429.00
61412.00
61427.00
61461.00
61440.00
61416.00
61409.00
61465.00
61531.00
61549.00
61533.00
61513.00
61545.00
61577.00
61579.00
61554.00
61521.00
61546.00
61585.00
61593.00
61575.00
61568.00
61590.00
61628.00
61641.00
61608.00
61572.00
61582.00
61612.00
61607.00
61556.00
61506.00
61496.00
61516.00
61509.00
61452.00
61396.00
61383.00
61395.00
61409.00
61386.00
61343.00
61363.00
61405.00
61447.00
61438.00
61427.00
61465.00
61548.00
61629.00
61661.00
61686.00
61752.00
61849.00
61943.00
61973.00
61972.00
62001.00
62082.00
62168.00
62166.00
62153.00
62160.00
62223.00
62294.00
62291.00
62245.00
62230.00
62270.00
62301.00
62284.00
62229.00
62201.00
62224.00
62268.00
62239.00
62208.00
62174.00
62187.00
62244.00
62216.00
62156.00
62098.00
62102.00
62122.00
62105.00
62034.00
61956.00
61939.00
61943.00
61905.00
61822.00
61751.00
61720.00
61718.00
61687.00
61615.00
61513.00
61486.00
61507.00
61496.00
61445.00
61388.00
61400.00
61438.00
61491.00
61475.00
61472.00
61497.00
61555.00
61594.00
61577.00
61532.00
61525.00
61540.00
61570.00
61545.00
61503.00
61514.00
61530.00
61577.00
61562.00
61524.00
61528.00
61568.00
61615.00
61613.00
61574.00
61569.00
61592.00
61648.00
61631.00
61587.00
61558.00
61576.00
61616.00
61595.00
61535.00
61490.00
61498.00
61515.00
61490.00
61443.00
61406.00
61410.00
61442.00
61430.00
61391.00
61373.00
61386.00
61445.00
61473.00
61474.00
61489.00
61551.00
61658.00
61720.00
61745.00
61764.00
61838.00
61943.00
62020.00
62047.00
62053.00
62115.00
62215.00
62275.00
62273.00
62257.00
62292.00
62351.00
62393.00
62362.00
62324.00
62330.00
62371.00
62398.00
62355.00
62293.00
62292.00
62321.00
62353.00
62317.00
62267.00
62250.00
62298.00
62339.00
62293.00
62236.00
62206.00
62214.00
62237.00
62177.00
62082.00
62030.00
62025.00
62034.00
62008.00
61905.00
61835.00
61836.00
61833.00
61777.00
61681.00
61622.00
61592.00
61591.00
61545.00
61480.00
61429.00
61433.00
61459.00
61462.00
61435.00
61428.00
61469.00
61543.00
61565.00
61547.00
61524.00
61543.00
61594.00
61599.00
61579.00
61536.00
61546.00
61587.00
61606.00
61591.00
61554.00
61573.00
61615.00
61637.00
61611.00
61573.00
61582.00
61611.00
61635.00
61607.00
61555.00
61550.00
61566.00
61575.00
61525.00
61458.00
61426.00
61438.00
61454.00
61415.00
61367.00
61344.00
61366.00
61402.00
61386.00
61368.00
61366.00
61427.00
61495.00
61520.00
61550.00
61595.00
61690.00
61791.00
61845.00
61862.00
61914.00
61989.00
62080.00
62124.00
62118.00
62139.00
62185.00
62283.00
62297.00
62287.00
62273.00
62314.00
62370.00
62376.00
62329.00
62283.00
62298.00
62342.00
62348.00
62307.00
62256.00
62273.00
62314.00
62315.00
62278.00
62234.00
62220.00
62264.00
62262.00
62197.00
62130.00
62109.00
62126.00
62121.00
62046.00
61966.00
61936.00
61937.00
61931.00
61855.00
61763.00
61715.00
61711.00
61698.00
61621.00
61531.00
61495.00
61491.00
61501.00
61460.00
61403.00
61389.00
61408.00
61441.00
61424.00
61406.00
61425.00
61480.00
61549.00
61569.00
61555.00
61554.00
61569.00
61608.00
61606.00
61572.00
61557.00
61580.00
61620.00
61635.00
61608.00
61586.00
61611.00
61673.00
61676.00
61632.00
61613.00
61602.00
61642.00
61634.00
61580.00
61528.00
61510.00
61523.00
61509.00
61465.00
61410.00
61395.00
61431.00
61447.00
61405.00
61369.00
61384.00
61437.00
61479.00
61479.00
61476.00
61522.00
61619.00
61711.00
61734.00
61756.00
61821.00
61928.00
62037.00
62060.00
62057.00
62098.00
62164.00
62248.00
62270.00
62251.00
62270.00
62338.00
62399.00
62381.00
62345.00
62328.00
62366.00
62401.00
62377.00
62312.00
62280.00
62310.00
62341.00
62318.00
62258.00
62220.00
62249.00
62291.00
62275.00
62205.00
62154.00
62160.00
62187.00
62152.00
62081.00
62010.00
61998.00
62014.00
61966.00
61891.00
61816.00
61806.00
61808.00
61765.00
61693.00
61602.00
61574.00
61580.00
61549.00
61482.00
61428.00
61408.00
61444.00
61468.00
61459.00
61442.00
61473.00
61548.00
61593.00
61573.00
61547.00
61562.00
61601.00
61638.00
61613.00
61584.00
61576.00
61629.00
61670.00
61655.00
61624.00
61618.00
61653.00
61691.00
61667.00
61618.00
61596.00
61632.00
61663.00
61639.00
61591.00
61555.00
61565.00
61588.00
61548.00
61474.00
61438.00
61441.00
61461.00
61440.00
61379.00
61355.00
61371.00
61408.00
61401.00
61378.00
61363.00
61416.00
61496.00
61545.00
61554.00
61561.00
61634.00
61762.00
61841.00
61874.00
61892.00
61973.00
62082.00
62138.00
62148.00
62139.00
62172.00
62257.00
62311.00
62288.00
62255.00
62275.00
62329.00
62374.00
62342.00
62289.00
62287.00
62345.00
62368.00
62329.00
62278.00
62260.00
62301.00
62340.00
62298.00
62241.00
62217.00
62243.00
62267.00
62218.00
62148.00
62117.00
62125.00
62127.00
62081.00
61998.00
61941.00
61943.00
61955.00
61903.00
61821.00
61756.00
61748.00
61750.00
61696.00
61607.00
61534.00
61521.00
61526.00
61510.00
61453.00
61419.00
61425.00
61479.00
61483.00
61483.00
61474.00
61517.00
61574.00
61607.00
61584.00
61538.00
61546.00
61583.00
61584.00
61566.00
61528.00
61534.00
61576.00
61596.00
61583.00
61554.00
61555.00
61607.00
61639.00
61613.00
61572.00
61571.00
61608.00
61628.00
61589.00
61533.00
61510.00
61511.00
61526.00
61486.00
61425.00
61403.00
61418.00
61426.00
61402.00
61359.00
61355.00
61371.00
61414.00
61417.00
61391.00
61395.00
61448.00
61531.00
61568.00
61591.00
61622.00
61716.00
61842.00
61888.00
61913.00
61961.00
62028.00
62127.00
62169.00
62167.00
62174.00
62224.00
62319.00
62344.00
62326.00
62291.00
62304.00
62353.00
62362.00
62317.00
62263.00
62271.00
62308.00
62309.00
62272.00
62217.00
62221.00
62249.00
62275.00
62239.00
62187.00
62187.00
62218.00
62227.00
62166.00
62084.00
62047.00
62047.00
62052.00
61982.00
61894.00
61832.00
61822.00
61806.00
61729.00
61630.00
61574.00
61557.00
61573.00
61519.00
61455.00
61418.00
61448.00
61484.00
61470.00
61448.00
61439.00
61485.00
61568.00
61578.00
61582.00
61569.00
61608.00
61657.00
61658.00
61621.00
61597.00
61628.00
61669.00
61663.00
61644.00
61609.00
61624.00
61680.00
61692.00
61661.00
61641.00
61651.00
61692.00
61705.00
61671.00
61626.00
61632.00
61674.00
61679.00
61636.00
61589.00
61562.00
61562.00
61565.00
61507.00
61454.00
61438.00
61459.00
61463.00
61444.00
61386.00
61376.00
61417.00
61456.00
61451.00
61436.00
61456.00
61545.00
61630.00
61667.00
61675.00
61728.00
61825.00
61928.00
61982.00
61997.00
62035.00
62124.00
62214.00
62230.00
62222.00
62234.00
62284.00
62369.00
62359.00
62325.00
62302.00
62327.00
62364.00
62341.00
62284.00
62236.00
62258.00
62320.00
62307.00
62253.00
62217.00
62229.00
62270.00
62277.00
62237.00
62197.00
62194.00
62226.00
62217.00
62158.00
62070.00
62046.00
62062.00
62050.00
61957.00
61872.00
61815.00
61816.00
61791.00
61715.00
61616.00
61563.00
61557.00
61545.00
61486.00
61432.00
61409.00
61451.00
61495.00
61487.00
61465.00
61506.00
61573.00
61624.00
61616.00
61594.00
61592.00
61621.00
61655.00
61644.00
61601.00
61588.00
61617.00
61654.00
61654.00
61633.00
61619.00
61658.00
61696.00
61688.00
61651.00
61622.00
61643.00
61684.00
61662.00
61618.00
61575.00
61578.00
61605.00
61582.00
61524.00
61469.00
61464.00
61490.00
61469.00
61422.00
61389.00
61387.00
61421.00
61449.00
61438.00
61422.00
61464.00
61537.00
61610.00
61646.00
61656.00
61721.00
61832.00
61922.00
61960.00
61982.00
62037.00
62100.00
62177.00
62162.00
62162.00
62188.00
62250.00
62324.00
62324.00
62294.00
62299.00
62335.00
62378.00
62346.00
62295.00
62273.00
62306.00
62342.00
62325.00
62288.00
62258.00
62282.00
62310.00
62291.00
62231.00
62203.00
62222.00
62250.00
62224.00
62165.00
62107.00
62097.00
62115.00
62072.00
61994.00
61932.00
61905.00
61909.00
61854.00
61762.00
61670.00
61633.00
61613.00
61576.00
61495.00
61435.00
61453.00
61491.00
61485.00
61458.00
61431.00
61457.00
61522.00
61553.00
61554.00
61537.00
61565.00
61617.00
61652.00
61639.00
61619.00
61629.00
61656.00
61689.00
61663.00
61633.00
61616.00
61645.00
61661.00
61632.00
61576.00
61549.00
61554.00
61569.00
61532.00
61468.00
61444.00
61448.00
61470.00
61443.00
61408.00
61382.00
61410.00
61458.00
61455.00
61431.00
61415.00
61462.00
61519.00
61542.00
61526.00
61518.00
61578.00
61641.00
61665.00
61650.00
61636.00
61672.00
61728.00
61750.00
61728.00
61715.00
61753.00
61808.00
61824.00
61800.00
61769.00
61795.00
61850.00
61863.00
61836.00
61801.00
61798.00
61848.00
61867.00
61839.00
61797.00
61792.00
61835.00
61854.00
61836.00
61783.00
61783.00
61820.00
61843.00
61821.00
61775.00
61768.00
61810.00
61846.00
61832.00
61795.00
61780.00
61833.00
61861.00
61850.00
61811.00
61799.00
61817.00
61862.00
61842.00
61808.00
61794.00
61811.00
61854.00
61851.00
61816.00
61791.00
61817.00
61860.00
61852.00
61816.00
61791.00
61808.00
61854.00
61847.00
61824.00
61787.00
61805.00
61854.00
61853.00
61810.00
61772.00
61789.00
61834.00
61848.00
61819.00
61788.00
61798.00
61820.00
61825.00
61804.00
61770.00
61773.00
61807.00
61817.00
61786.00
61747.00
61726.00
61777.00
61788.00
61749.00
61699.00
61665.00
61698.00
61710.00
61659.00
61581.00
61567.00
61577.00
61586.00
61556.00
61494.00
61451.00
61473.00
61501.00
61466.00
61430.00
61401.00
61434.00
61461.00
61449.00
61398.00
61395.00
61423.00
61461.00
61454.00
61417.00
61399.00
61431.00
61469.00
61475.00
61426.00
61401.00
61425.00
61459.00
61455.00
61422.00
61384.00
61411.00
61451.00
61446.00
61406.00
61392.00
61397.00
61440.00
61452.00
61426.00
61387.00
61404.00
61441.00
61472.00
61446.00
61405.00
61423.00
61467.00
61484.00
61450.00
61420.00
61430.00
61461.00
61490.00
61468.00
61430.00
61423.00
61459.00
61489.00
61460.00
61415.00
61412.00
61433.00
61470.00
61447.00
61409.00
61391.00
61420.00
61446.00
61427.00
61386.00
61368.00
61393.00
61426.00
61400.00
61367.00
61351.00
61367.00
61419.00
61395.00
61361.00
61341.00
61367.00
61411.00
61404.00
61371.00
61346.00
61365.00
61404.00
61427.00
61384.00
61355.00
61377.00
61428.00
61431.00
61389.00
61356.00
61366.00
61414.00
61430.00
61394.00
61355.00
61361.00
61410.00
61420.00
61383.00
61346.00
61347.00
61392.00
61428.00
61387.00
61356.00
61347.00
61383.00
61409.00
61377.00
61351.00
61338.00
61379.00
61404.00
61387.00
61351.00
61336.00
61383.00
61419.00
61396.00
61358.00
61342.00
61371.00
61422.00
61397.00
61355.00
61353.00
61372.00
61418.00
61409.00
61361.00
61344.00
61365.00
61414.00
61393.00
61365.00
61337.00
61363.00
61419.00
61408.00
61382.00
61336.00
61356.00
61404.00
61405.00
61372.00
61338.00
61358.00
61403.00
61423.00
61389.00
61346.00
61357.00
61399.00
61422.00
61383.00
61342.00
61352.00
61397.00
61411.00
61390.00
61342.00
61346.00
61389.00
61414.00
61388.00
61348.00
61339.00
61382.00
61406.00
61389.00
61348.00
61342.00
61379.00
61412.00
61392.00
61348.00
61343.00
61362.00
61408.00
61382.00
61348.00
61332.00
61360.00
61407.00
61391.00
61345.00
61317.00
61349.00
61399.00
61382.00
61353.00
61325.00
61353.00
61405.00
61393.00
61357.00
61329.00
61346.00
61388.00
61393.00
61360.00
61329.00
61357.00
61405.00
61411.00
61376.00
61329.00
61356.00
61404.00
61412.00
61384.00
61361.00
61359.00
61408.00
61433.00
61408.00
61372.00
61375.00
61414.00
61446.00
61420.00
61388.00
61384.00
61422.00
61468.00
61444.00
61402.00
61400.00
61439.00
61479.00
61470.00
61433.00
61423.00
61457.00
61503.00
61497.00
61465.00
61448.00
61493.00
61538.00
61533.00
61499.00
61477.00
61503.00
61553.00
61567.00
61518.00
61501.00
61531.00
61570.00
61568.00
61543.00
61514.00
61545.00
61592.00
61597.00
61564.00
61541.00
61564.00
61614.00
61632.00
61603.00
61564.00
61583.00
61631.00
61653.00
61623.00
61597.00
61585.00
61619.00
61654.00
61640.00
61598.00
61605.00
61664.00
61702.00
61687.00
61649.00
61645.00
61686.00
61723.00
61697.00
61652.00
61661.00
61701.00
61725.00
61711.00
61687.00
61681.00
61715.00
61753.00
61733.00
61707.00
61692.00
61709.00
61753.00
61742.00
61713.00
61705.00
61735.00
61769.00
61771.00
61736.00
61734.00
61751.00
61784.00
61787.00
61763.00
61742.00
61768.00
61811.00
61811.00
61784.00
61757.00
61759.00
61794.00
61797.00
61777.00
61742.00
61770.00
61812.00
61833.00
61813.00
61782.00
61780.00
61816.00
61831.00
61817.00
61780.00
61783.00
61819.00
61850.00
61832.00
61792.00
61793.00
61830.00
61864.00
61847.00
61812.00
61816.00
61844.00
61883.00
61876.00
61847.00
61839.00
61856.00
61894.00
61881.00
61860.00
61826.00
61853.00
61888.00
61874.00
61826.00
61826.00
61843.00
61886.00
61883.00
61856.00
61834.00
61857.00
61893.00
61887.00
61842.00
61804.00
61822.00
61856.00
61859.00
61841.00
61798.00
61815.00
61856.00
61862.00
61831.00
61789.00
61796.00
61833.00
61854.00
61826.00
61779.00
61772.00
61806.00
61829.00
61804.00
61757.00
61746.00
61796.00
61799.00
61781.00
61725.00
61725.00
61749.00
61781.00
61755.00
61721.00
61700.00
61723.00
61772.00
61745.00
61702.00
61667.00
61688.00
61712.00
61699.00
61655.00
61608.00
61627.00
61663.00
61646.00
61601.00
61567.00
61580.00
61607.00
61595.00
61562.00
61532.00
61531.00
61557.00
61559.00
61509.00
61458.00
61465.00
61501.00
61511.00
61475.00
61425.00
61419.00
61448.00
61477.00
61457.00
61423.00
61448.00
61528.00
61586.00
61591.00
61580.00
61597.00
61644.00
61667.00
61650.00
61618.00
61597.00
61636.00
61668.00
61659.00
61617.00
61605.00
61631.00
61671.00
61662.00
61630.00
61596.00
61633.00
61671.00
61665.00
61623.00
61604.00
61621.00
61661.00
61658.00
61624.00
61588.00
61605.00
61656.00
61652.00
61633.00
61596.00
61608.00
61654.00
61665.00
61631.00
61601.00
61610.00
61643.00
61662.00
61651.00
61613.00
61610.00
61653.00
61669.00
61644.00
61614.00
61601.00
61654.00
61675.00
61654.00
61615.00
61622.00
61655.00
61677.00
61659.00
61621.00
61615.00
61646.00
61682.00
61660.00
61619.00
61616.00
61635.00
61686.00
61660.00
61624.00
61610.00
61625.00
61668.00
61660.00
61629.00
61614.00
61631.00
61663.00
61669.00
61632.00
61602.00
61620.00
61653.00
61660.00
61633.00
61601.00
61613.00
61652.00
61650.00
61616.00
61584.00
61598.00
61626.00
61644.00
61599.00
61565.00
61560.00
61596.00
61595.00
61577.00
61534.00
61532.00
61557.00
61590.00
61557.00
61526.00
61511.00
61540.00
61572.00
61564.00
61509.00
61497.00
61535.00
61571.00
61561.00
61530.00
61520.00
61548.00
61587.00
61576.00
61546.00
61531.00
61565.00
61601.00
61591.00
61556.00
61546.00
61568.00
61603.00
61605.00
61570.00
61553.00
61569.00
61598.00
61608.00
61575.00
61552.00
61563.00
61600.00
61620.00
61594.00
61556.00
61562.00
61589.00
61596.00
61581.00
61538.00
61543.00
61571.00
61594.00
61555.00
61514.00
61496.00
61518.00
61538.00
61493.00
61459.00
61441.00
61463.00
61489.00
61476.00
61443.00
61432.00
61452.00
61477.00
61465.00
61443.00
61429.00
61458.00
61505.00
61517.00
61491.00
61499.00
61548.00
61624.00
61655.00
61663.00
61665.00
61724.00
61808.00
61867.00
61901.00
61904.00
61976.00
62079.00
62140.00
62149.00
62141.00
62187.00
62242.00
62287.00
62259.00
62226.00
62259.00
62327.00
62371.00
62344.00
62279.00
62282.00
62328.00
62348.00
62308.00
62241.00
62238.00
62287.00
62320.00
62284.00
62238.00
62215.00
62253.00
62301.00
62277.00
62227.00
62212.00
62239.00
62252.00
62213.00
62139.00
62078.00
62083.00
62086.00
62043.00
61942.00
61877.00
61855.00
61852.00
61802.00
61717.00
61633.00
61608.00
61616.00
61605.00
61564.00
61512.00
61507.00
61541.00
61550.00
61529.00
61507.00
61524.00
61579.00
61607.00
61595.00
61561.00
61557.00
61595.00
61625.00
61600.00
61569.00
61566.00
61594.00
61624.00
61609.00
61568.00
61552.00
61579.00
61614.00
61598.00
61549.00
61535.00
61556.00
61579.00
61557.00
61516.00
61484.00
61505.00
61534.00
61524.00
61491.00
61478.00
61500.00
61540.00
61554.00
61538.00
61532.00
61575.00
61653.00
61706.00
61733.00
61758.00
61829.00
61947.00
62039.00
62084.00
62109.00
62193.00
62315.00
62382.00
62384.00
62373.00
62408.00
62470.00
62503.00
62481.00
62438.00
62446.00
62484.00
62494.00
62468.00
62419.00
62418.00
62457.00
62489.00
62457.00
62426.00
62414.00
62442.00
62470.00
62447.00
62407.00
62388.00
62394.00
62418.00
62387.00
62336.00
62297.00
62271.00
62283.00
62235.00
62164.00
62099.00
62041.00
62032.00
61974.00
61905.00
61821.00
61798.00
61791.00
61750.00
61667.00
61591.00
61577.00
61580.00
61576.00
61542.00
61494.00
61495.00
61528.00
61566.00
61534.00
61498.00
61518.00
61561.00
61586.00
61579.00
61550.00
61553.00
61584.00
61613.00
61593.00
61568.00
61558.00
61578.00
61608.00
61596.00
61563.00
61543.00
61576.00
61603.00
61580.00
61545.00
61524.00
61526.00
61553.00
61543.00
61499.00
61466.00
61489.00
61531.00
61521.00
61497.00
61467.00
61491.00
61545.00
61555.00
61544.00
61539.00
61585.00
61676.00
61724.00
61754.00
61774.00
61840.00
61955.00
62040.00
62097.00
62132.00
62205.00
62312.00
62364.00
62363.00
62334.00
62352.00
62409.00
62447.00
62423.00
62378.00
62379.00
62419.00
62454.00
62426.00
62372.00
62365.00
62394.00
62428.00
62416.00
62372.00
62358.00
62379.00
62420.00
62406.00
62348.00
62313.00
62316.00
62336.00
62296.00
62231.00
62160.00
62138.00
62137.00
62075.00
61985.00
61900.00
61864.00
61840.00
61785.00
61717.00
61648.00
61627.00
61651.00
61634.00
61579.00
61505.00
61482.00
61516.00
61523.00
61505.00
61467.00
61486.00
61530.00
61580.00
61594.00
61584.00
61613.00
61669.00
61701.00
61692.00
61670.00
61648.00
61679.00
61710.00
61697.00
61659.00
61646.00
61677.00
61701.00
61678.00
61633.00
61599.00
61609.00
61632.00
61619.00
61587.00
61549.00
61554.00
61575.00
61570.00
61528.00
61477.00
61471.00
61507.00
61507.00
61479.00
61446.00
61466.00
61518.00
61558.00
61555.00
61557.00
61610.00
61706.00
61779.00
61815.00
61834.00
61901.00
62017.00
62130.00
62171.00
62181.00
62217.00
62300.00
62349.00
62336.00
62318.00
62300.00
62343.00
62387.00
62355.00
62313.00
62295.00
62331.00
62364.00
62343.00
62316.00
62292.00
62318.00
62352.00
62337.00
62296.00
62275.00
62282.00
62309.00
62277.00
62234.00
62175.00
62171.00
62187.00
62154.00
62076.00
62002.00
61973.00
61962.00
61909.00
61822.00
61735.00
61694.00
61692.00
61672.00
61615.00
61551.00
61535.00
61546.00
61557.00
61524.00
61473.00
61469.00
61533.00
61562.00
61559.00
61532.00
61530.00
61559.00
61586.00
61576.00
61536.00
61535.00
61557.00
61588.00
61575.00
61550.00
61530.00
61558.00
61599.00
61583.00
61554.00
61539.00
61568.00
61593.00
61581.00
61545.00
61513.00
61518.00
61542.00
61541.00
61482.00
61456.00
61469.00
61510.00
61497.00
61478.00
61441.00
61460.00
61496.00
61536.00
61519.00
61521.00
61561.00
61634.00
61693.00
61709.00
61720.00
61784.00
61885.00
61980.00
62031.00
62056.00
62126.00
62248.00
62340.00
62359.00
62328.00
62337.00
62394.00
62426.00
62409.00
62369.00
62345.00
62375.00
62438.00
62413.00
62355.00
62344.00
62369.00
62424.00
62404.00
62371.00
62335.00
62358.00
62409.00
62403.00
62362.00
62314.00
62334.00
62366.00
62352.00
62296.00
62242.00
62227.00
62248.00
62209.00
62156.00
62057.00
62036.00
62044.00
62023.00
61924.00
61829.00
61779.00
61770.00
61742.00
61673.00
61594.00
61565.00
61555.00
61564.00
61533.00
61499.00
61499.00
61538.00
61589.00
61596.00
61586.00
61600.00
61654.00
61720.00
61724.00
61692.00
61686.00
61711.00
61755.00
61748.00
61703.00
61697.00
61713.00
61759.00
61752.00
61733.00
61700.00
61713.00
61755.00
61741.00
61701.00
61659.00
61646.00
61655.00
61644.00
61603.00
61552.00
61545.00
61566.00
61566.00
61519.00
61483.00
61493.00
61524.00
61534.00
61526.00
61515.00
61540.00
61600.00
61657.00
61678.00
61688.00
61746.00
61840.00
61937.00
62003.00
62035.00
62093.00
62215.00
62320.00
62352.00
62351.00
62361.00
62402.00
62459.00
62446.00
62389.00
62368.00
62395.00
62428.00
62408.00
62372.00
62364.00
62386.00
62429.00
62416.00
62379.00
62344.00
62354.00
62394.00
62377.00
62343.00
62297.00
62290.00
62310.00
62278.00
62219.00
62127.00
62099.00
62113.00
62095.00
62029.00
61922.00
61883.00
61888.00
61852.00
61758.00
61668.00
61634.00
61631.00
61619.00
61573.00
61520.00
61504.00
61524.00
61542.00
61529.00
61494.00
61503.00
61560.00
61614.00
61617.00
61589.00
61589.00
61617.00
61658.00
61644.00
61607.00
61601.00
61614.00
61649.00
61640.00
61599.00
61588.00
61597.00
61641.00
61626.00
61595.00
61555.00
61562.00
61588.00
61569.00
61535.00
61487.00
61487.00
61512.00
61523.00
61494.00
61454.00
61444.00
61484.00
61502.00
61486.00
61445.00
61457.00
61516.00
61563.00
61563.00
61564.00
61604.00
61694.00
61757.00
61800.00
61817.00
61869.00
61995.00
62107.00
62145.00
62143.00
62179.00
62263.00
62334.00
62327.00
62288.00
62285.00
62321.00
62384.00
62378.00
62323.00
62291.00
62322.00
62373.00
62366.00
62311.00
62289.00
62325.00
62363.00
62363.00
62315.00
62271.00
62293.00
62339.00
62336.00
62295.00
62236.00
62226.00
62264.00
62212.00
62147.00
62059.00
62041.00
62048.00
62022.00
61936.00
61830.00
61781.00
61775.00
61752.00
61677.00
61602.00
61570.00
61586.00
61597.00
61558.00
61492.00
61471.00
61489.00
61521.00
61510.00
61478.00
61486.00
61536.00
61588.00
61578.00
61554.00
61557.00
61581.00
61613.00
61621.00
61590.00
61570.00
61599.00
61641.00
61619.00
61598.00
61562.00
61579.00
61609.00
61614.00
61578.00
61543.00
61537.00
61578.00
61570.00
61522.00
61483.00
61472.00
61501.00
61507.00
61457.00
61433.00
61417.00
61448.00
61456.00
61432.00
61403.00
61412.00
61457.00
61497.00
61488.00
61469.00
61513.00
61584.00
61650.00
61673.00
61694.00
61754.00
61866.00
61980.00
62029.00
62057.00
62118.00
62216.00
62312.00
62325.00
62293.00
62287.00
62346.00
62396.00
62393.00
62355.00
62329.00
62352.00
62397.00
62380.00
62345.00
62309.00
62321.00
62369.00
62376.00
62322.00
62299.00
62301.00
62339.00
62335.00
62287.00
62226.00
62237.00
62251.00
62236.00
62179.00
62113.00
62088.00
62096.00
62079.00
62021.00
61949.00
61902.00
61880.00
61862.00
61787.00
61704.00
61662.00
61636.00
61624.00
61568.00
61499.00
61479.00
61498.00
61511.00
61477.00
61434.00
61431.00
61475.00
61513.00
61514.00
61492.00
61483.00
61521.00
61562.00
61558.00
61530.00
61525.00
61551.00
61578.00
61579.00
61553.00
61525.00
61539.00
61578.00
61571.00
61531.00
61491.00
61492.00
61530.00
61511.00
61481.00
61438.00
61441.00
61475.00
61477.00
61437.00
61407.00
61402.00
61439.00
61449.00
61432.00
61404.00
61420.00
61471.00
61506.00
61500.00
61483.00
61521.00
61603.00
61677.00
61711.00
61718.00
61779.00
61903.00
62017.00
62083.00
62111.00
62170.00
62272.00
62363.00
62372.00
62356.00
62343.00
62400.00
62457.00
62443.00
62388.00
62361.00
62390.00
62417.00
62420.00
62366.00
62344.00
62375.00
62418.00
62421.00
62385.00
62340.00
62359.00
62391.00
62380.00
62324.00
62268.00
62244.00
62265.00
62240.00
62164.00
62096.00
62058.00
62078.00
62039.00
61930.00
61832.00
61773.00
61766.00
61711.00
61642.00
61563.00
61544.00
61569.00
61576.00
61543.00
61478.00
61478.00
61506.00
61529.00
61516.00
61512.00
61523.00
61573.00
61607.00
61618.00
61592.00
61583.00
61601.00
61633.00
61623.00
61587.00
61571.00
61599.00
61636.00
61622.00
61586.00
61557.00
61582.00
61616.00
61594.00
61546.00
61521.00
61529.00
61559.00
61543.00
61500.00
61455.00
61465.00
61497.00
61500.00
61456.00
61411.00
61435.00
61465.00
61472.00
61459.00
61427.00
61450.00
61504.00
61528.00
61535.00
61521.00
61565.00
61649.00
61731.00
61764.00
61792.00
61880.00
62009.00
62124.00
62168.00
62164.00
62219.00
62317.00
62377.00
62374.00
62337.00
62330.00
62380.00
62419.00
62387.00
62340.00
62311.00
62356.00
62398.00
62382.00
62326.00
62322.00
62351.00
62387.00
62367.00
62323.00
62290.00
62313.00
62338.00
62326.00
62271.00
62229.00
62228.00
62238.00
62211.00
62141.00
62066.00
62042.00
62055.00
62026.00
61931.00
61840.00
61775.00
61737.00
61700.00
61630.00
61548.00
61515.00
61524.00
61528.00
61498.00
61468.00
61474.00
61525.00
61550.00
61530.00
61503.00
61481.00
61533.00
61561.00
61540.00
61512.00
61523.00
61522.00
61565.00
61553.00
61510.00
61493.00
61523.00
61552.00
61532.00
61511.00
61482.00
61505.00
61541.00
61516.00
61472.00
61455.00
61463.00
61493.00
61468.00
61431.00
61415.00
61447.00
61483.00
61490.00
61468.00
61448.00
61478.00
61543.00
61569.00
61574.00
61574.00
61619.00
61715.00
61777.00
61800.00
61835.00
61916.00
62042.00
62135.00
62170.00
62195.00
62261.00
62364.00
62412.00
62414.00
62383.00
62406.00
62458.00
62478.00
62450.00
62389.00
62379.00
62418.00
62429.00
62407.00
62348.00
62358.00
62382.00
62423.00
62387.00
62345.00
62334.00
62365.00
62387.00
62369.00
62328.00
62310.00
62327.00
62352.00
62324.00
62265.00
62222.00
62210.00
62232.00
62182.00
62094.00
62004.00
61976.00
61959.00
61903.00
61806.00
61715.00
61686.00
61692.00
61669.00
61603.00
61545.00
61536.00
61557.00
61552.00
61514.00
61485.00
61499.00
61550.00
61573.00
61551.00
61546.00
61568.00
61608.00
61614.00
61596.00
61584.00
61588.00
61632.00
61652.00
61621.00
61591.00
61580.00
61612.00
61631.00
61614.00
61572.00
61567.00
61593.00
61614.00
61584.00
61542.00
61526.00
61535.00
61558.00
61529.00
61488.00
61472.00
61482.00
61505.00
61485.00
61441.00
61416.00
61427.00
61462.00
61456.00
61420.00
61395.00
61436.00
61484.00
61502.00
61475.00
61466.00
61529.00
61619.00
61689.00
61711.00
61753.00
61845.00
61980.00
62075.00
62111.00
62122.00
62184.00
62276.00
62331.00
62312.00
62280.00
62290.00
62342.00
62365.00
62310.00
62255.00
62245.00
62298.00
62330.00
62311.00
62268.00
62275.00
62303.00
62349.00
62303.00
62263.00
62245.00
62276.00
62305.00
62281.00
62222.00
62192.00
62197.00
62222.00
62169.00
62093.00
62039.00
62055.00
62066.00
62011.00
61910.00
61833.00
61807.00
61806.00
61744.00
61655.00
61587.00
61572.00
61591.00
61560.00
61505.00
61464.00
61478.00
61523.00
61527.00
61488.00
61477.00
61506.00
61534.00
61563.00
61530.00
61516.00
61513.00
61549.00
61563.00
61542.00
61504.00
61518.00
61540.00
61560.00
61534.00
61488.00
61479.00
61515.00
61541.00
61496.00
61469.00
61450.00
61466.00
61495.00
61466.00
61431.00
61426.00
61444.00
61468.00
61462.00
61412.00
61411.00
61448.00
61500.00
61517.00
61481.00
61497.00
61556.00
61641.00
61676.00
61692.00
61720.00
61839.00
61975.00
62059.00
62108.00
62141.00
62225.00
62346.00
62385.00
62383.00
62386.00
62433.00
62502.00
62526.00
62501.00
62441.00
62447.00
62506.00
62506.00
62455.00
62397.00
62407.00
62448.00
62465.00
62428.00
62388.00
62389.00
62433.00
62439.00
62410.00
62358.00
62340.00
62375.00
62393.00
62370.00
62305.00
62282.00
62286.00
62296.00
62239.00
62184.00
62129.00
62143.00
62125.00
62071.00
61968.00
61906.00
61875.00
61851.00
61788.00
61703.00
61656.00
61645.00
61652.00
61611.00
61547.00
61517.00
61517.00
61546.00
61521.00
61476.00
61465.00
61496.00
61534.00
61546.00
61524.00
61506.00
61524.00
61567.00
61582.00
61555.00
61519.00
61533.00
61559.00
61564.00
61526.00
61484.00
61482.00
61510.00
61520.00
61478.00
61438.00
61438.00
61469.00
61478.00
61449.00
61409.00
61399.00
61441.00
61465.00
61433.00
61389.00
61384.00
61423.00
61452.00
61441.00
61412.00
61430.00
61481.00
61551.00
61556.00
61559.00
61590.00
61668.00
61764.00
61822.00
61849.00
61920.00
62024.00
62146.00
62202.00
62219.00
62253.00
62320.00
62398.00
62409.00
62375.00
62358.00
62373.00
62427.00
62426.00
62376.00
62326.00
62341.00
62382.00
62378.00
62334.00
62305.00
62311.00
62357.00
62359.00
62334.00
62293.00
62306.00
62345.00
62338.00
62308.00
62253.00
62243.00
62259.00
62285.00
62223.00
62158.00
62148.00
62154.00
62140.00
62073.00
61979.00
61924.00
61912.00
61873.00
61770.00
61686.00
61651.00
61646.00
61644.00
61592.00
61534.00
61509.00
61526.00
61556.00
61520.00
61493.00
61505.00
61547.00
61588.00
61579.00
61544.00
61530.00
61555.00
61589.00
61587.00
61545.00
61532.00
61545.00
61589.00
61569.00
61549.00
61516.00
61521.00
61566.00
61567.00
61536.00
61495.00
61496.00
61530.00
61521.00
61489.00
61448.00
61449.00
61487.00
61476.00
61444.00
61406.00
61416.00
61459.00
61479.00
61473.00
61438.00
61462.00
61520.00
61583.00
61583.00
61577.00
61618.00
61706.00
61798.00
61846.00
61880.00
61938.00
62060.00
62176.00
62205.00
62194.00
62224.00
62293.00
62362.00
62350.00
62307.00
62296.00
62330.00
62384.00
62356.00
62305.00
62285.00
62315.00
62366.00
62364.00
62320.00
62285.00
62312.00
62369.00
62348.00
62293.00
62247.00
62253.00
62286.00
62267.00
62204.00
62143.00
62130.00
62159.00
62136.00
62077.00
62003.00
61995.00
61989.00
61952.00
61882.00
61801.00
61749.00
61722.00
61675.00
61605.00
61536.00
61512.00
61525.00
61536.00
61501.00
61476.00
61463.00
61490.00
61503.00
61483.00
61450.00
61447.00
61477.00
61506.00
61481.00
61446.00
61430.00
61452.00
61490.00
61480.00
61446.00
61431.00
61462.00
61492.00
61477.00
61448.00
61419.00
61447.00
61473.00
61461.00
61425.00
61382.00
61398.00
61431.00
61419.00
61393.00
61354.00
61382.00
61422.00
61431.00
61413.00
61393.00
61414.00
61483.00
61501.00
61505.00
61491.00
61549.00
61631.00
61687.00
61713.00
61723.00
61795.00
61910.00
62000.00
62026.00
62053.00
62121.00
62224.00
62299.00
62297.00
62264.00
62303.00
62372.00
62413.00
62395.00
62346.00
62344.00
62392.00
62427.00
62377.00
62323.00
62303.00
62338.00
62364.00
62341.00
62287.00
62276.00
62303.00
62359.00
62321.00
62265.00
62240.00
62270.00
62313.00
62275.00
62212.00
62164.00
62159.00
62184.00
62156.00
62074.00
62020.00
62019.00
62013.00
61942.00
61843.00
61765.00
61718.00
61708.00
61652.00
61579.00
61519.00
61510.00
61547.00
61534.00
61492.00
61451.00
61453.00
61489.00
61505.00
61492.00
61459.00
61469.00
61510.00
61532.00
61504.00
61472.00
61474.00
61504.00
61528.00
61496.00
61462.00
61452.00
61495.00
61512.00
61506.00
61461.00
61462.00
61495.00
61519.00
61508.00
61458.00
61444.00
61470.00
61515.00
61499.00
61459.00
61450.00
61464.00
61496.00
61480.00
61439.00
61414.00
61435.00
61464.00
61469.00
61437.00
61421.00
61442.00
61504.00
61511.00
61493.00
61492.00
61540.00
61626.00
61649.00
61647.00
61660.00
61736.00
61841.00
61897.00
61939.00
61974.00
62061.00
62176.00
62271.00
62318.00
62331.00
62394.00
62491.00
62560.00
62553.00
62523.00
62534.00
62593.00
62635.00
62593.00
62546.00
62536.00
62591.00
62625.00
62603.00
62560.00
62540.00
62574.00
62608.00
62565.00
62485.00
62457.00
62479.00
62502.00
62448.00
62370.00
62318.00
62323.00
62331.00
62289.00
62206.00
62151.00
62138.00
62132.00
62055.00
61933.00
61796.00
61730.00
61724.00
61662.00
61584.00
61522.00
61542.00
61588.00
61585.00
61576.00
61555.00
61592.00
61638.00
61669.00
61652.00
61633.00
61637.00
61677.00
61694.00
61665.00
61633.00
61637.00
61671.00
61691.00
61682.00
61652.00
61647.00
61687.00
61720.00
61718.00
61676.00
61670.00
61696.00
61724.00
61685.00
61645.00
61627.00
61657.00
61681.00
61645.00
61602.00
61573.00
61571.00
61589.00
61566.00
61514.00
61485.00
61478.00
61502.00
61482.00
61442.00
61434.00
61442.00
61509.00
61523.00
61503.00
61512.00
61560.00
61637.00
61669.00
61694.00
61707.00
61770.00
61883.00
61957.00
61993.00
62035.00
62119.00
62226.00
62303.00
62325.00
62316.00
62369.00
62447.00
62483.00
62467.00
62446.00
62452.00
62508.00
62540.00
62511.00
62450.00
62457.00
62493.00
62537.00
62509.00
62461.00
62447.00
62480.00
62508.00
62466.00
62417.00
62370.00
62386.00
62400.00
62374.00
62296.00
62247.00
62248.00
62274.00
62226.00
62158.00
62092.00
62084.00
62068.00
61976.00
61855.00
61749.00
61713.00
61707.00
61658.00
61591.00
61524.00
61530.00
61574.00
61567.00
61527.00
61488.00
61505.00
61551.00
61563.00
61542.00
61506.00
61512.00
61541.00
61551.00
61522.00
61501.00
61504.00
61546.00
61553.00
61534.00
61490.00
61504.00
61520.00
61547.00
61524.00
61474.00
61466.00
61518.00
61532.00
61517.00
61466.00
61452.00
61482.00
61519.00
61504.00
61467.00
61456.00
61475.00
61502.00
61488.00
61461.00
61435.00
61467.00
61516.00
61506.00
61482.00
61472.00
61513.00
61604.00
61613.00
61619.00
61645.00
61733.00
61871.00
61963.00
62001.00
62022.00
62143.00
62284.00
62372.00
62387.00
62374.00
62409.00
62466.00
62479.00
62443.00
62378.00
62387.00
62436.00
62447.00
62425.00
62390.00
62386.00
62433.00
62451.00
62408.00
62356.00
62347.00
62392.00
62400.00
62383.00
62327.00
62316.00
62332.00
62366.00
62327.00
62275.00
62236.00
62247.00
62258.00
62218.00
62142.00
62087.00
62055.00
62030.00
61953.00
61856.00
61800.00
61755.00
61746.00
61695.00
61618.00
61573.00
61568.00
61593.00
61582.00
61542.00
61515.00
61529.00
61566.00
61569.00
61546.00
61524.00
61513.00
61541.00
61555.00
61523.00
61483.00
61480.00
61512.00
61520.00
61488.00
61473.00
61451.00
61478.00
61506.00
61493.00
61453.00
61444.00
61480.00
61498.00
61489.00
61438.00
61434.00
61458.00
61497.00
61483.00
61440.00
61429.00
61461.00
61500.00
61490.00
61470.00
61462.00
61485.00
61561.00
61564.00
61558.00
61568.00
61614.00
61706.00
61743.00
61743.00
61767.00
61859.00
61988.00
62061.00
62096.00
62118.00
62221.00
62332.00
62384.00
62381.00
62349.00
62353.00
62427.00
62461.00
62419.00
62354.00
62365.00
62408.00
62415.00
62378.00
62333.00
62336.00
62390.00
62406.00
62368.00
62340.00
62329.00
62361.00
62392.00
62360.00
62317.00
62316.00
62361.00
62382.00
62363.00
62306.00
62297.00
62308.00
62321.00
62289.00
62228.00
62181.00
62175.00
62198.00
62139.00
62052.00
62001.00
61978.00
61983.00
61937.00
61860.00
61800.00
61786.00
61788.00
61735.00
61666.00
61595.00
61590.00
61616.00
61598.00
61571.00
61530.00
61538.00
61573.00
61579.00
61555.00
61512.00
61519.00
61542.00
61567.00
61537.00
61478.00
61473.00
61511.00
61527.00
61498.00
61464.00
61455.00
61467.00
61510.00
61487.00
61454.00
61447.00
61469.00
61498.00
61484.00
61456.00
61435.00
61461.00
61490.00
61482.00
61451.00
61441.00
61469.00
61512.00
61512.00
61493.00
61480.00
61525.00
61600.00
61627.00
61612.00
61633.00
61709.00
61821.00
61901.00
61931.00
61984.00
62055.00
62195.00
62255.00
62262.00
62259.00
62294.00
62362.00
62372.00
62350.00
62293.00
62287.00
62333.00
62354.00
62317.00
62274.00
62272.00
62319.00
62369.00
62344.00
62298.00
62290.00
62314.00
62341.00
62322.00
62271.00
62256.00
62292.00
62307.00
62267.00
62238.00
62211.00
62226.00
62246.00
62215.00
62148.00
62101.00
62095.00
62090.00
62044.00
61954.00
61866.00
61829.00
61818.00
61775.00
61704.00
61630.00
61609.00
61635.00
61608.00
61558.00
61519.00
61520.00
61548.00
61552.00
61508.00
61467.00
61474.00
61503.00
61510.00
61492.00
61441.00
61453.00
61487.00
61499.00
61470.00
61425.00
61426.00
61460.00
61473.00
61452.00
61409.00
61414.00
61445.00
61462.00
61457.00
61421.00
61405.00
61434.00
61466.00
61457.00
61437.00
61423.00
61457.00
61494.00
61493.00
61460.00
61450.00
61471.00
61515.00
61526.00
61503.00
61489.00
61517.00
61598.00
61631.00
61634.00
61647.00
61726.00
61854.00
61953.00
62016.00
62035.00
62158.00
62263.00
62340.00
62345.00
62307.00
62329.00
62386.00
62410.00
62378.00
62302.00
62288.00
62315.00
62354.00
62322.00
62281.00
62268.00
62310.00
62336.00
62312.00
62269.00
62258.00
62286.00
62329.00
62309.00
62267.00
62243.00
62254.00
62265.00
62235.00
62175.00
62125.00
62117.00
62132.00
62108.00
62028.00
61941.00
61929.00
61925.00
61883.00
61815.00
61743.00
61717.00
61733.00
61699.00
61658.00
61606.00
61580.00
61593.00
61580.00
61544.00
61486.00
61483.00
61498.00
61507.00
61479.00
61430.00
61440.00
61475.00
61497.00
61479.00
61443.00
61429.00
61452.00
61498.00
61457.00
61429.00
61414.00
61438.00
61477.00
61466.00
61434.00
61414.00
61445.00
61479.00
61468.00
61439.00
61418.00
61454.00
61492.00
61495.00
61460.00
61445.00
61470.00
61511.00
61524.00
61496.00
61481.00
61509.00
61563.00
61604.00
61586.00
61579.00
61618.00
61712.00
61799.00
61803.00
61830.00
61889.00
62014.00
62126.00
62156.00
62159.00
62202.00
62315.00
62371.00
62359.00
62328.00
62328.00
62370.00
62420.00
62379.00
62346.00
62325.00
62349.00
62396.00
62369.00
62326.00
62318.00
62343.00
62399.00
62375.00
62328.00
62301.00
62339.00
62368.00
62350.00
62304.00
62261.00
62260.00
62290.00
62249.00
62197.00
62124.00
62121.00
62128.00
62079.00
62000.00
61909.00
61870.00
61847.00
61803.00
61714.00
61639.00
61599.00
61609.00
61620.00
61588.00
61532.00
61512.00
61535.00
61556.00
61521.00
61490.00
61472.00
61505.00
61517.00
61523.00
61481.00
61465.00
61505.00
61529.00
61513.00
61477.00
61461.00
61482.00
61524.00
61504.00
61461.00
61456.00
61477.00
61513.00
61497.00
61458.00
61436.00
61461.00
61500.00
61473.00
61446.00
61418.00
61433.00
61474.00
61460.00
61442.00
61411.00
61422.00
61459.00
61472.00
61443.00
61419.00
61428.00
61476.00
61513.00
61500.00
61479.00
61524.00
61605.00
61661.00
61676.00
61703.00
61759.00
61885.00
61989.00
62023.00
62045.00
62111.00
62216.00
62314.00
62330.00
62285.00
62280.00
62347.00
62400.00
62383.00
62343.00
62317.00
62346.00
62398.00
62384.00
62345.00
62307.00
62332.00
62368.00
62348.00
62326.00
62286.00
62301.00
62337.00
62323.00
62282.00
62242.00
62236.00
62267.00
62247.00
62192.00
62132.00
62120.00
62127.00
62110.00
62038.00
61957.00
61896.00
61885.00
61860.00
61768.00
61682.00
61630.00
61628.00
61627.00
61584.00
61517.00
61522.00
61526.00
61537.00
61513.00
61483.00
61456.00
61489.00
61527.00
61502.00
61474.00
61429.00
61452.00
61478.00
61463.00
61433.00
61415.00
61433.00
61482.00
61464.00
61440.00
61411.00
61429.00
61471.00
61462.00
61431.00
61416.00
61428.00
61461.00
61454.00
61438.00
61402.00
61417.00
61445.00
61452.00
61444.00
61410.00
61433.00
61472.00
61491.00
61469.00
61436.00
61445.00
61516.00
61576.00
61565.00
61556.00
61581.00
61680.00
61773.00
61820.00
61842.00
61913.00
62052.00
62191.00
62241.00
62237.00
62255.00
62340.00
62407.00
62400.00
62350.00
62320.00
62363.00
62407.00
62406.00
62365.00
62344.00
62364.00
62400.00
62392.00
62359.00
62323.00
62342.00
62378.00
62390.00
62344.00
62304.00
62310.00
62345.00
62340.00
62299.00
62238.00
62222.00
62237.00
62216.00
62154.00
62064.00
62016.00
62000.00
61980.00
61894.00
61777.00
61707.00
61682.00
61667.00
61608.00
61536.00
61522.00
61540.00
61573.00
61558.00
61510.00
61492.00
61526.00
61561.00
61539.00
61500.00
61483.00
61501.00
61529.00
61524.00
61478.00
61462.00
61482.00
61519.00
61512.00
61471.00
61440.00
61469.00
61510.00
61499.00
61466.00
61446.00
61459.00
61495.00
61498.00
61459.00
61419.00
61424.00
61467.00
61467.00
61446.00
61406.00
61417.00
61455.00
61472.00
61455.00
61416.00
61418.00
61464.00
61521.00
61512.00
61498.00
61528.00
61603.00
61684.00
61705.00
61715.00
61773.00
61890.00
62019.00
62084.00
62108.00
62151.00
62256.00
62361.00
62382.00
62363.00
62345.00
62393.00
62448.00
62439.00
62381.00
62346.00
62376.00
62421.00
62408.00
62359.00
62321.00
62331.00
62377.00
62376.00
62338.00
62296.00
62315.00
62360.00
62366.00
62325.00
62277.00
62285.00
62326.00
62321.00
62277.00
62218.00
62207.00
62212.00
62215.00
62135.00
62076.00
62025.00
62018.00
61982.00
61887.00
61766.00
61712.00
61683.00
61659.00
61598.00
61530.00
61497.00
61522.00
61533.00
61508.00
61489.00
61484.00
61493.00
61529.00
61515.00
61485.00
61479.00
61487.00
61526.00
61514.00
61484.00
61450.00
61459.00
61513.00
61501.00
61480.00
61451.00
61453.00
61512.00
61502.00
61475.00
61436.00
61453.00
61485.00
61486.00
61456.00
61427.00
61433.00
61459.00
61476.00
61454.00
61404.00
61403.00
61426.00
61443.00
61438.00
61384.00
61378.00
61433.00
61482.00
61471.00
61444.00
61463.00
61534.00
61620.00
61639.00
61645.00
61692.00
61812.00
61959.00
62027.00
62062.00
62117.00
62225.00
62332.00
62363.00
62329.00
62321.00
62351.00
62420.00
62410.00
62369.00
62336.00
62345.00
62398.00
62402.00
62359.00
62328.00
62335.00
62379.00
62391.00
62350.00
62295.00
62313.00
62343.00
62332.00
62283.00
62225.00
62204.00
62216.00
62207.00
62151.00
62077.00
62031.00
62037.00
61996.00
61909.00
61813.00
61750.00
61726.00
61719.00
61648.00
61584.00
61564.00
61568.00
61583.00
61548.00
61495.00
61473.00
61483.00
61503.00
61501.00
61464.00
61441.00
61458.00
61492.00
61486.00
61442.00
61417.00
61434.00
61482.00
61476.00
61431.00
61408.00
61438.00
61469.00
61481.00
61447.00
61404.00
61424.00
61465.00
61465.00
61438.00
61391.00
61406.00
61441.00
61463.00
61444.00
61422.00
61422.00
61466.00
61492.00
61486.00
61447.00
61445.00
61489.00
61544.00
61535.00
61514.00
61533.00
61614.00
61671.00
61679.00
61668.00
61722.00
61811.00
61920.00
61950.00
61974.00
62025.00
62128.00
62226.00
62261.00
62259.00
62271.00
62334.00
62398.00
62412.00
62375.00
62339.00
62373.00
62426.00
62423.00
62356.00
62314.00
62327.00
62367.00
62362.00
62322.00
62289.00
62302.00
62361.00
62366.00
62324.00
62273.00
62273.00
62310.00
62315.00
62265.00
62200.00
62190.00
62213.00
62212.00
62156.00
62090.00
62044.00
62037.00
62023.00
61938.00
61843.00
61765.00
61737.00
61719.00
61651.00
61589.00
61554.00
61566.00
61595.00
61561.00
61528.00
61501.00
61500.00
61524.00
61521.00
61466.00
61441.00
61449.00
61478.00
61468.00
61430.00
61398.00
61419.00
61458.00
61462.00
61433.00
61394.00
61410.00
61448.00
61447.00
61435.00
61397.00
61419.00
61448.00
61478.00
61451.00
61413.00
61417.00
61460.00
61480.00
61465.00
61437.00
61441.00
61483.00
61510.00
61476.00
61450.00
61462.00
61510.00
61563.00
61557.00
61536.00
61571.00
61634.00
61727.00
61758.00
61765.00
61819.00
61925.00
62057.00
62102.00
62098.00
62132.00
62222.00
62312.00
62307.00
62287.00
62265.00
62292.00
62358.00
62336.00
62292.00
62251.00
62284.00
62322.00
62324.00
62299.00
62270.00
62284.00
62326.00
62353.00
62301.00
62271.00
62284.00
62329.00
62339.00
62291.00
62250.00
62240.00
62270.00
62264.00
62222.00
62149.00
62134.00
62143.00
62128.00
62035.00
61949.00
61876.00
61864.00
61846.00
61786.00
61713.00
61664.00
61679.00
61681.00
61643.00
61572.00
61553.00
61557.00
61571.00
61535.00
61502.00
61482.00
61498.00
61533.00
61517.00
61466.00
61445.00
61464.00
61497.00
61482.00
61446.00
61430.00
61445.00
61500.00
61493.00
61457.00
61423.00
61439.00
61474.00
61469.00
61446.00
61413.00
61429.00
61473.00
61501.00
61471.00
61453.00
61475.00
61517.00
61517.00
61501.00
61464.00
61474.00
61515.00
61551.00
61532.00
61495.00
61499.00
61541.00
61598.00
61582.00
61554.00
61579.00
61662.00
61743.00
61762.00
61746.00
61782.00
61913.00
62024.00
62070.00
62086.00
62118.00
62201.00
62304.00
62315.00
62295.00
62275.00
62295.00
62379.00
62367.00
62329.00
62282.00
62317.00
62380.00
62383.00
62355.00
62326.00
62349.00
62409.00
62410.00
62372.00
62327.00
62335.00
62366.00
62375.00
62343.00
62316.00
62318.00
62352.00
62350.00
62301.00
62239.00
62210.00
62228.00
62229.00
62162.00
62091.00
62045.00
62026.00
61987.00
61884.00
61773.00
61719.00
61704.00
61684.00
61626.00
61550.00
61518.00
61540.00
61573.00
61552.00
61505.00
61486.00
61498.00
61528.00
61518.00
61484.00
61460.00
61473.00
61499.00
61485.00
61449.00
61431.00
61439.00
61483.00
61465.00
61442.00
61421.00
61442.00
61480.00
61477.00
61458.00
61423.00
61433.00
61472.00
61476.00
61463.00
61433.00
61452.00
61481.00
61503.00
61484.00
61456.00
61450.00
61489.00
61514.00
61487.00
61453.00
61460.00
61507.00
61560.00
61551.00
61539.00
61576.00
61646.00
61737.00
61768.00
61784.00
61860.00
61973.00
62097.00
62147.00
62145.00
62189.00
62281.00
62358.00
62357.00
62323.00
62314.00
62355.00
62412.00
62394.00
62348.00
62308.00
62337.00
62383.00
62382.00
62325.00
62320.00
62354.00
62394.00
62376.00
62346.00
62304.00
62317.00
62356.00
62375.00
62321.00
62283.00
62291.00
62306.00
62294.00
62245.00
62178.00
62178.00
62180.00
62151.00
62082.00
61975.00
61922.00
61910.00
61852.00
61769.00
61682.00
61640.00
61634.00
61633.00
61588.00
61530.00
61520.00
61539.00
61579.00
61544.00
61512.00
61510.00
61550.00
61578.00
61572.00
61529.00
61518.00
61547.00
61575.00
61555.00
61517.00
61508.00
61531.00
61570.00
61553.00
61504.00
61476.00
61505.00
61535.00
61533.00
61496.00
61473.00
61493.00
61528.00
61531.00
61495.00
61476.00
61498.00
61519.00
61529.00
61494.00
61461.00
61468.00
61506.00
61503.00
61469.00
61434.00
61423.00
61464.00
61490.00
61444.00
61404.00
61408.00
61450.00
61465.00
61444.00
61402.00
61431.00
61496.00
61562.00
61565.00
61563.00
61608.00
61704.00
61823.00
61874.00
61882.00
61961.00
62083.00
62178.00
62222.00
62207.00
62232.00
62295.00
62353.00
62358.00
62311.00
62280.00
62319.00
62360.00
62364.00
62331.00
62301.00
62336.00
62385.00
62373.00
62329.00
62288.00
62305.00
62347.00
62348.00
62302.00
62273.00
62286.00
62328.00
62315.00
62273.00
62206.00
62187.00
62210.00
62197.00
62140.00
62042.00
61986.00
61972.00
61957.00
61864.00
61766.00
61704.00
61696.00
61692.00
61624.00
61559.00
61530.00
61550.00
61575.00
61548.00
61519.00
61491.00
61511.00
61538.00
61504.00
61461.00
61447.00
61478.00
61512.00
61487.00
61445.00
61431.00
61448.00
61481.00
61463.00
61429.00
61410.00
61439.00
61475.00
61476.00
61433.00
61409.00
61440.00
61487.00
61485.00
61456.00
61424.00
61444.00
61481.00
61490.00
61462.00
61436.00
61442.00
61486.00
61500.00
61484.00
61439.00
61453.00
61505.00
61535.00
61520.00
61487.00
61505.00
61590.00
61648.00
61665.00
61670.00
61721.00
61842.00
61962.00
62012.00
62041.00
62106.00
62236.00
62318.00
62312.00
62262.00
62260.00
62316.00
62361.00
62334.00
62283.00
62261.00
62317.00
62372.00
62365.00
62324.00
62306.00
62348.00
62382.00
62372.00
62322.00
62283.00
62307.00
62339.00
62331.00
62303.00
62257.00
62258.00
62301.00
62289.00
62230.00
62163.00
62159.00
62179.00
62157.00
62084.00
61985.00
61942.00
61932.00
61898.00
61801.00
61705.00
61661.00
61669.00
61649.00
61589.00
61542.00
61522.00
61540.00
61563.00
61519.00
61477.00
61478.00
61502.00
61514.00
61497.00
61461.00
61441.00
61470.00
61495.00
61478.00
61432.00
61413.00
61443.00
61477.00
61483.00
61436.00
61429.00
61448.00
61488.00
61469.00
61439.00
61416.00
61436.00
61478.00
61473.00
61444.00
61420.00
61432.00
61492.00
61482.00
61463.00
61410.00
61433.00
61476.00
61496.00
61457.00
61417.00
61440.00
61501.00
61529.00
61498.00
61472.00
61505.00
61604.00
61679.00
61695.00
61693.00
61762.00
61895.00
62001.00
62047.00
62064.00
62136.00
62261.00
62368.00
62386.00
62363.00
62394.00
62462.00
62536.00
62515.00
62463.00
62453.00
62502.00
62555.00
62536.00
62483.00
62461.00
62491.00
62542.00
62518.00
62461.00
62431.00
62461.00
62498.00
62487.00
62456.00
62403.00
62408.00
62473.00
62455.00
62401.00
62337.00
62331.00
62358.00
62332.00
62263.00
62192.00
62162.00
62165.00
62120.00
62021.00
61923.00
61879.00
61852.00
61812.00
61734.00
61651.00
61619.00
61626.00
61611.00
61572.00
61498.00
61490.00
61521.00
61542.00
61504.00
61469.00
61450.00
61478.00
61499.00
61485.00
61441.00
61431.00
61451.00
61473.00
61457.00
61414.00
61402.00
61427.00
61462.00
61445.00
61413.00
61400.00
61424.00
61456.00
61455.00
61423.00
61402.00
61417.00
61467.00
61450.00
61423.00
61413.00
61409.00
61470.00
61469.00
61442.00
61397.00
61406.00
61458.00
61448.00
61421.00
61395.00
61417.00
61483.00
61513.00
61505.00
61490.00
61536.00
61634.00
61719.00
61749.00
61755.00
61835.00
61961.00
62073.00
62116.00
62117.00
62173.00
62260.00
62326.00
62313.00
62265.00
62272.00
62329.00
62373.00
62334.00
62265.00
62240.00
62284.00
62325.00
62315.00
62276.00
62256.00
62288.00
62333.00
62316.00
62271.00
62237.00
62266.00
62313.00
62296.00
62243.00
62212.00
62229.00
62265.00
62242.00
62179.00
62123.00
62113.00
62142.00
62107.00
62019.00
61924.00
61886.00
61892.00
61841.00
61754.00
61667.00
61646.00
61655.00
61635.00
61579.00
61519.00
61509.00
61537.00
61548.00
61523.00
61492.00
61492.00
61513.00
61527.00
61501.00
61466.00
61467.00
61492.00
61501.00
61481.00
61453.00
61433.00
61454.00
61487.00
61475.00
61436.00
61416.00
61451.00
61478.00
61465.00
61435.00
61419.00
61436.00
61472.00
61455.00
61444.00
61417.00
61434.00
61474.00
61480.00
61451.00
61422.00
61436.00
61474.00
61477.00
61432.00
61394.00
61416.00
61469.00
61476.00
61446.00
61403.00
61431.00
61510.00
61551.00
61559.00
61552.00
61617.00
61734.00
61829.00
61856.00
61879.00
61960.00
62111.00
62214.00
62241.00
62230.00
62261.00
62338.00
62390.00
62361.00
62311.00
62312.00
62345.00
62389.00
62369.00
62329.00
62326.00
62364.00
62396.00
62380.00
62336.00
62321.00
62341.00
62378.00
62358.00
62294.00
62267.00
62297.00
62326.00
62290.00
62216.00
62169.00
62166.00
62188.00
62136.00
62048.00
61957.00
61933.00
61929.00
61869.00
61786.00
61703.00
61681.00
61682.00
61652.00
61597.00
61535.00
61522.00
61544.00
61541.00
61510.00
61473.00
61482.00
61521.00
61541.00
61518.00
61489.00
61506.00
61538.00
61562.00
61526.00
61501.00
61492.00
61526.00
61544.00
61517.00
61486.00
61479.00
61505.00
61540.00
61517.00
61477.00
61477.00
61506.00
61534.00
61520.00
61484.00
61471.00
61499.00
61516.00
61506.00
61453.00
61430.00
61439.00
61496.00
61477.00
61442.00
61398.00
61419.00
61452.00
61447.00
61423.00
61385.00
61423.00
61478.00
61506.00
61495.00
61487.00
61566.00
61684.00
61752.00
61754.00
61769.00
61845.00
61984.00
62090.00
62104.00
62093.00
62151.00
62255.00
62305.00
62284.00
62247.00
62271.00
62330.00
62350.00
62308.00
62255.00
62263.00
62309.00
62342.00
62319.00
62269.00
62260.00
62301.00
62336.00
62307.00
62269.00
62265.00
62298.00
62341.00
62315.00
62251.00
62208.00
62225.00
62251.00
62206.00
62142.00
62080.00
62071.00
62068.00
62006.00
61902.00
61838.00
61804.00
61792.00
61734.00
61664.00
61611.00
61593.00
61615.00
61581.00
61522.00
61486.00
61492.00
61514.00
61511.00
61474.00
61433.00
61444.00
61502.00
61482.00
61453.00
61418.00
61420.00
61439.00
61460.00
61427.00
61391.00
61389.00
61430.00
61450.00
61436.00
61398.00
61394.00
61424.00
61450.00
61429.00
61387.00
61402.00
61426.00
61468.00
61445.00
61413.00
61413.00
61444.00
61474.00
61464.00
61430.00
61418.00
61441.00
61473.00
61466.00
61426.00
61407.00
61447.00
61486.00
61477.00
61442.00
61424.00
61469.00
61556.00
61571.00
61558.00
61553.00
61641.00
61761.00
61831.00
61852.00
61882.00
61977.00
62123.00
62195.00
62187.00
62183.00
62243.00
62331.00
62343.00
62332.00
62291.00
62308.00
62373.00
62383.00
62347.00
62294.00
62297.00
62365.00
62373.00
62348.00
62317.00
62311.00
62346.00
62378.00
62339.00
62295.00
62269.00
62294.00
62317.00
62271.00
62213.00
62172.00
62180.00
62184.00
62119.00
61996.00
61936.00
61905.00
61874.00
61802.00
61694.00
61627.00
61618.00
61632.00
61599.00
61542.00
61501.00
61513.00
61553.00
61551.00
61521.00
61479.00
61508.00
61553.00
61557.00
61521.00
61491.00
61486.00
61514.00
61509.00
61469.00
61449.00
61454.00
61502.00
61508.00
61483.00
61455.00
61463.00
61500.00
61517.00
61482.00
61451.00
61451.00
61501.00
61507.00
61489.00
61457.00
61454.00
61483.00
61491.00
61462.00
61413.00
61415.00
61438.00
61470.00
61446.00
61396.00
61392.00
61447.00
61487.00
61479.00
61451.00
61460.00
61532.00
61611.00
61638.00
61649.00
61704.00
61811.00
61938.00
61993.00
62025.00
62052.00
62158.00
62254.00
62270.00
62251.00
62248.00
62292.00
62359.00
62349.00
62307.00
62279.00
62302.00
62342.00
62336.00
62294.00
62265.00
62288.00
62347.00
62353.00
62311.00
62260.00
62274.00
62323.00
62326.00
62289.00
62238.00
62243.00
62281.00
62274.00
62229.00
62157.00
62136.00
62163.00
62140.00
62058.00
61964.00
61934.00
61927.00
61901.00
61841.00
61753.00
61710.00
61695.00
61696.00
61638.00
61571.00
61534.00
61536.00
61547.00
61528.00
61484.00
61461.00
61497.00
61513.00
61505.00
61475.00
61441.00
61476.00
61503.00
61490.00
61452.00
61423.00
61448.00
61486.00
61477.00
61438.00
61419.00
61436.00
61475.00
61469.00
61447.00
61420.00
61439.00
61494.00
61483.00
61459.00
61426.00
61443.00
61465.00
61458.00
61417.00
61407.00
61411.00
61445.00
61444.00
61405.00
61377.00
61369.00
61421.00
61446.00
61435.00
61389.00
61415.00
61493.00
61526.00
61546.00
61529.00
61584.00
61690.00
61773.00
61809.00
61811.00
61880.00
62013.00
62131.00
62147.00
62135.00
62161.00
62246.00
62328.00
62329.00
62283.00
62265.00
62303.00
62362.00
62342.00
62290.00
62276.00
62308.00
62369.00
62351.00
62313.00
62277.00
62302.00
62348.00
62328.00
62280.00
62237.00
62268.00
62309.00
62296.00
62231.00
62189.00
62180.00
62218.00
62205.00
62120.00
62034.00
61988.00
61977.00
61932.00
61845.00
61735.00
61689.00
61678.00
61653.00
61602.00
61522.00
61520.00
61533.00
61548.00
61511.00
61473.00
61473.00
61506.00
61525.00
61503.00
61462.00
61457.00
61476.00
61498.00
61470.00
61425.00
61415.00
61433.00
61469.00
61444.00
61409.00
61394.00
61431.00
61466.00
61449.00
61406.00
61387.00
61425.00
61465.00
61464.00
61421.00
61423.00
61442.00
61497.00
61473.00
61447.00
61426.00
61444.00
61475.00
61478.00
61443.00
61421.00
61429.00
61468.00
61482.00
61450.00
61422.00
61438.00
61477.00
61483.00
61464.00
61442.00
61476.00
61562.00
61610.00
61643.00
61617.00
61671.00
61780.00
61864.00
61868.00
61876.00
61934.00
62073.00
62177.00
62207.00
62191.00
62215.00
62288.00
62331.00
62318.00
62270.00
62267.00
62313.00
62348.00
62326.00
62279.00
62281.00
62326.00
62367.00
62347.00
62306.00
62283.00
62322.00
62350.00
62318.00
62267.00
62237.00
62261.00
62290.00
62265.00
62217.00
62161.00
62164.00
62190.00
62140.00
62047.00
61966.00
61938.00
61928.00
61874.00
61787.00
61690.00
61669.00
61666.00
61648.00
61588.00
61545.00
61525.00
61555.00
61563.00
61540.00
61500.00
61502.00
61542.00
61562.00
61523.00
61496.00
61486.00
61527.00
61538.00
61514.00
61477.00
61472.00
61496.00
61521.00
61494.00
61458.00
61451.00
61481.00
61512.00
61491.00
61443.00
61439.00
61472.00
61511.00
61498.00
61466.00
61447.00
61477.00
61515.00
61502.00
61471.00
61461.00
61486.00
61514.00
61502.00
61472.00
61440.00
61473.00
61496.00
61486.00
61441.00
61408.00
61423.00
61471.00
61467.00
61424.00
61392.00
61404.00
61479.00
61492.00
61460.00
61432.00
61496.00
61603.00
61668.00
61671.00
61680.00
61774.00
61915.00
62021.00
62056.00
62049.00
62111.00
62204.00
62267.00
62266.00
62206.00
62238.00
62310.00
62350.00
62303.00
62242.00
62245.00
62293.00
62348.00
62331.00
62294.00
62291.00
62323.00
62349.00
62328.00
62268.00
62261.00
62300.00
62332.00
62308.00
62243.00
62225.00
62251.00
62265.00
62225.00
62156.00
62111.00
62087.00
62088.00
62009.00
61921.00
61849.00
61814.00
61807.00
61759.00
61684.00
61599.00
61602.00
61626.00
61604.00
61548.00
61510.00
61519.00
61532.00
61537.00
61504.00
61458.00
61471.00
61508.00
61511.00
61485.00
61449.00
61447.00
61483.00
61500.00
61462.00
61418.00
61415.00
61452.00
61478.00
61438.00
61403.00
61409.00
61450.00
61461.00
61447.00
61403.00
61399.00
61437.00
61473.00
61443.00
61416.00
61406.00
61448.00
61497.00
61476.00
61455.00
61446.00
61481.00
61512.00
61503.00
61473.00
61460.00
61485.00
61526.00
61521.00
61480.00
61458.00
61488.00
61544.00
61541.00
61503.00
61463.00
61504.00
61549.00
61563.00
61527.00
61494.00
61546.00
61615.00
61643.00
61608.00
61589.00
61646.00
61756.00
61821.00
61832.00
61849.00
61919.00
62051.00
62151.00
62150.00
62138.00
62166.00
62262.00
62324.00
62303.00
62254.00
62274.00
62333.00
62380.00
62338.00
62304.00
62310.00
62360.00
62388.00
62368.00
62309.00
62301.00
62345.00
62377.00
62345.00
62302.00
62277.00
62299.00
62341.00
62313.00
62232.00
62187.00
62188.00
62195.00
62141.00
62044.00
61978.00
61957.00
61949.00
61883.00
61782.00
61704.00
61692.00
61704.00
61665.00
61609.00
61557.00
61559.00
61585.00
61576.00
61539.00
61488.00
61507.00
61544.00
61540.00
61512.00
61483.00
61488.00
61520.00
61532.00
61494.00
61453.00
61453.00
61498.00
61501.00
61479.00
61439.00
61450.00
61480.00
61504.00
61470.00
61427.00
61437.00
61478.00
61505.00
61482.00
61455.00
61449.00
61483.00
61527.00
61506.00
61474.00
61474.00
61501.00
61518.00
61507.00
61468.00
61453.00
61481.00
61512.00
61488.00
61447.00
61429.00
61463.00
61505.00
61485.00
61434.00
61410.00
61451.00
61509.00
61516.00
61475.00
61464.00
61518.00
61616.00
61649.00
61650.00
61659.00
61732.00
61863.00
61924.00
61940.00
61944.00
62024.00
62160.00
62197.00
62181.00
62151.00
62183.00
62255.00
62279.00
62249.00
62222.00
62243.00
62314.00
62349.00
62297.00
62254.00
62266.00
62320.00
62350.00
62323.00
62271.00
62279.00
62317.00
62340.00
62289.00
62240.00
62219.00
62247.00
62282.00
62245.00
62184.00
62137.00
62155.00
62159.00
62090.00
62007.00
61940.00
61920.00
61897.00
61829.00
61716.00
61660.00
61661.00
61667.00
61631.00
61573.00
61524.00
61536.00
61566.00
61554.00
61521.00
61495.00
61503.00
61539.00
61545.00
61520.00
61498.00
61511.00
61543.00
61542.00
61504.00
61470.00
61482.00
61521.00
61528.00
61498.00
61465.00
61469.00
61481.00
61515.00
61470.00
61439.00
61437.00
61481.00
61508.00
61470.00
61434.00
61434.00
61475.00
61498.00
61484.00
61435.00
61436.00
61475.00
61502.00
61500.00
61455.00
61455.00
61490.00
61521.00
61492.00
61444.00
61438.00
61458.00
61489.00
61459.00
61429.00
61407.00
61430.00
61469.00
61444.00
61403.00
61375.00
61400.00
61445.00
61448.00
61405.00
61383.00
61442.00
61524.00
61563.00
61553.00
61578.00
61665.00
61794.00
61864.00
61887.00
61922.00
62020.00
62153.00
62210.00
62198.00
62170.00
62193.00
62273.00
62288.00
62247.00
62178.00
62197.00
62254.00
62277.00
62259.00
62218.00
62238.00
62293.00
62319.00
62291.00
62245.00
62239.00
62305.00
62339.00
62301.00
62245.00
62245.00
62283.00
62310.00
62260.00
62171.00
62124.00
62136.00
62143.00
62070.00
61958.00
61894.00
61894.00
61900.00
61822.00
61723.00
61658.00
61651.00
61654.00
61616.00
61546.00
61499.00
61500.00
61536.00
61519.00
61468.00
61436.00
61453.00
61494.00
61480.00
61453.00
61430.00
61424.00
61467.00
61478.00
61442.00
61394.00
61398.00
61425.00
61439.00
61401.00
61367.00
61367.00
61426.00
61420.00
61401.00
61364.00
61373.00
61409.00
61434.00
61405.00
61377.00
61384.00
61413.00
61444.00
61429.00
61394.00
61395.00
61446.00
61474.00
61439.00
61405.00
61391.00
61415.00
61434.00
61418.00
61385.00
61360.00
61395.00
61429.00
61408.00
61366.00
61342.00
61371.00
61423.00
61423.00
61396.00
61387.00
61446.00
61550.00
61588.00
61581.00
61587.00
61654.00
61775.00
61827.00
61843.00
61851.00
61937.00
62066.00
62139.00
62130.00
62107.00
62147.00
62228.00
62253.00
62218.00
62166.00
62178.00
62227.00
62254.00
62207.00
62176.00
62189.00
62243.00
62276.00
62243.00
62211.00
62209.00
62262.00
62292.00
62261.00
62234.00
62229.00
62258.00
62291.00
62256.00
62200.00
62172.00
62187.00
62215.00
62165.00
62051.00
61992.00
61979.00
61976.00
61905.00
61819.00
61747.00
61743.00
61754.00
61705.00
61629.00
61594.00
61592.00
61612.00
61594.00
61562.00
61527.00
61529.00
61555.00
61547.00
61504.00
61475.00
61488.00
61528.00
61522.00
61484.00
61442.00
61458.00
61498.00
61486.00
61465.00
61435.00
61447.00
61476.00
61494.00
61467.00
61424.00
61433.00
61473.00
61486.00
61459.00
61433.00
61417.00
61463.00
61476.00
61461.00
61436.00
61424.00
61460.00
61485.00
61467.00
61435.00
61402.00
61434.00
61476.00
61452.00
61402.00
61390.00
61434.00
61471.00
61451.00
61416.00
61400.00
61443.00
61498.00
61500.00
61491.00
61476.00
61533.00
61613.00
61637.00
61627.00
61652.00
61732.00
61848.00
61890.00
61884.00
61896.00
61969.00
62103.00
62140.00
62122.00
62088.00
62132.00
62190.00
62202.00
62167.00
62134.00
62180.00
62219.00
62240.00
62209.00
62163.00
62169.00
62234.00
62248.00
62217.00
62177.00
62164.00
62214.00
62233.00
62205.00
62150.00
62133.00
62162.00
62192.00
62156.00
62081.00
62040.00
62070.00
62077.00
62006.00
61932.00
61875.00
61868.00
61867.00
61821.00
61737.00
61696.00
61685.00
61681.00
61645.00
61574.00
61532.00
61534.00
61556.00
61536.00
61485.00
61461.00
61476.00
61499.00
61505.00
61476.00
61438.00
61450.00
61488.00
61486.00
61460.00
61416.00
61429.00
61459.00
61479.00
61435.00
61400.00
61416.00
61449.00
61463.00
61433.00
61400.00
61406.00
61450.00
61471.00
61438.00
61410.00
61411.00
61449.00
61468.00
61444.00
61417.00
61402.00
61436.00
61469.00
61463.00
61415.00
61409.00
61437.00
61469.00
61453.00
61415.00
61395.00
61421.00
61466.00
61432.00
61384.00
61370.00
61402.00
61459.00
61466.00
61429.00
61426.00
61482.00
61563.00
61593.00
61590.00
61599.00
61693.00
61830.00
61878.00
61886.00
61915.00
61994.00
62111.00
62138.00
62113.00
62088.00
62138.00
62215.00
62232.00
62212.00
62168.00
62176.00
62236.00
62253.00
62221.00
62174.00
62210.00
62268.00
62290.00
62254.00
62192.00
62194.00
62248.00
62271.00
62233.00
62173.00
62176.00
62199.00
62241.00
62182.00
62104.00
62059.00
62069.00
62081.00
62026.00
61938.00
61889.00
61866.00
61877.00
61822.00
61727.00
61677.00
61665.00
61663.00
61621.00
61538.00
61493.00
61502.00
61531.00
61528.00
61483.00
61463.00
61477.00
61521.00
61519.00
61483.00
61472.00
61481.00
61524.00
61529.00
61497.00
61459.00
61457.00
61494.00
61500.00
61470.00
61436.00
61438.00
61474.00
61491.00
61477.00
61434.00
61443.00
61486.00
61502.00
61474.00
61442.00
61451.00
61476.00
61504.00
61486.00
61447.00
61457.00
61496.00
61516.00
61501.00
61454.00
61439.00
61473.00
61500.00
61480.00
61433.00
61400.00
61440.00
61474.00
61436.00
61380.00
61366.00
61385.00
61430.00
61433.00
61388.00
61373.00
61423.00
61511.00
61547.00
61530.00
61526.00
61601.00
61724.00
61780.00
61791.00
61806.00
61906.00
62023.00
62067.00
62069.00
62052.00
62109.00
62195.00
62230.00
62199.00
62159.00
62155.00
62210.00
62238.00
62202.00
62163.00
62168.00
62239.00
62268.00
62229.00
62189.00
62181.00
62234.00
62270.00
62244.00
62175.00
62172.00
62216.00
62236.00
62191.00
62116.00
62092.00
62097.00
62113.00
62054.00
61967.00
61916.00
61909.00
61908.00
61828.00
61741.00
61672.00
61666.00
61675.00
61625.00
61556.00
61519.00
61519.00
61550.00
61536.00
61504.00
61470.00
61486.00
61534.00
61535.00
61512.00
61479.00
61487.00
61523.00
61533.00
61498.00
61449.00
61456.00
61499.00
61514.00
61486.00
61444.00
61447.00
61492.00
61519.00
61492.00
61459.00
61470.00
61494.00
61517.00
61494.00
61446.00
61445.00
61473.00
61499.00
61492.00
61459.00
61450.00
61492.00
61513.00
61495.00
61450.00
61432.00
61467.00
61504.00
61484.00
61432.00
61418.00
61443.00
61473.00
61460.00
61421.00
61406.00
61447.00
61509.00
61511.00
61487.00
61491.00
61563.00
61662.00
61694.00
61700.00
61703.00
61796.00
61926.00
61999.00
62008.00
62008.00
62086.00
62211.00
62257.00
62232.00
62180.00
62200.00
62263.00
62285.00
62252.00
62200.00
62220.00
62292.00
62316.00
62283.00
62247.00
62243.00
62292.00
62318.00
62279.00
62228.00
62228.00
62267.00
62291.00
62246.00
62187.00
62159.00
62186.00
62194.00
62121.00
62014.00
61971.00
61969.00
61986.00
61917.00
61822.00
61746.00
61738.00
61745.00
61685.00
61598.00
61559.00
61562.00
61588.00
61563.00
61522.00
61489.00
61512.00
61547.00
61530.00
61485.00
61469.00
61480.00
61526.00
61517.00
61479.00
61462.00
61472.00
61505.00
61505.00
61469.00
61427.00
61439.00
61469.00
61478.00
61452.00
61420.00
61425.00
61460.00
61484.00
61457.00
61429.00
61440.00
61465.00
61494.00
61472.00
61441.00
61452.00
61498.00
61512.00
61490.00
61460.00
61457.00
61486.00
61523.00
61507.00
61455.00
61452.00
61484.00
61525.00
61513.00
61459.00
61436.00
61458.00
61502.00
61470.00
61426.00
61397.00
61427.00
61494.00
61473.00
61454.00
61434.00
61483.00
61561.00
61578.00
61555.00
61565.00
61648.00
61762.00
61817.00
61795.00
61797.00
61872.00
62005.00
62072.00
62062.00
62042.00
62084.00
62167.00
62201.00
62163.00
62126.00
62150.00
62225.00
62245.00
62224.00
62179.00
62185.00
62240.00
62258.00
62223.00
62173.00
62179.00
62229.00
62239.00
62199.00
62124.00
62102.00
62122.00
62133.00
62051.00
61950.00
61901.00
61887.00
61913.00
61826.00
61741.00
61679.00
61684.00
61706.00
61654.00
61589.00
61542.00
61549.00
61577.00
61557.00
61507.00
61469.00
61489.00
61529.00
61513.00
61477.00
61459.00
61492.00
61532.00
61530.00
61496.00
61453.00
61466.00
61507.00
61511.00
61480.00
61448.00
61446.00
61490.00
61492.00
61464.00
61431.00
61434.00
61466.00
61488.00
61460.00
61439.00
61436.00
61491.00
61503.00
61476.00
61461.00
61458.00
61487.00
61528.00
61524.00
61487.00
61481.00
61501.00
61523.00
61492.00
61467.00
61458.00
61482.00
61504.00
61488.00
61461.00
61428.00
61461.00
61494.00
61495.00
61465.00
61442.00
61477.00
61517.00
61517.00
61495.00
61486.00
61549.00
61645.00
61658.00
61645.00
61647.00
61723.00
61839.00
61883.00
61882.00
61896.00
61973.00
62092.00
62126.00
62105.00
62066.00
62105.00
62171.00
62189.00
62164.00
62116.00
62134.00
62191.00
62228.00
62207.00
62153.00
62166.00
62216.00
62249.00
62197.00
62143.00
62130.00
62179.00
62201.00
62147.00
62073.00
62028.00
62034.00
62042.00
61965.00
61872.00
61804.00
61796.00
61788.00
61723.00
61631.00
61575.00
61591.00
61608.00
61566.00
61521.00
61495.00
61502.00
61547.00
61532.00
61489.00
61469.00
61497.00
61545.00
61541.00
61523.00
61486.00
61500.00
61534.00
61522.00
61487.00
61453.00
61437.00
61479.00
61482.00
61443.00
61416.00
61410.00
61446.00
61454.00
61421.00
61387.00
61397.00
61443.00
61452.00
61431.00
61394.00
61409.00
61449.00
61472.00
61444.00
61420.00
61430.00
61469.00
61486.00
61479.00
61443.00
61438.00
61470.00
61496.00
61481.00
61443.00
61433.00
61468.00
61485.00
61464.00
61416.00
61395.00
61415.00
61443.00
61427.00
61388.00
61355.00
61384.00
61425.00
61416.00
61377.00
61374.00
61441.00
61538.00
61567.00
61547.00
61566.00
61666.00
61798.00
61858.00
61855.00
61859.00
61972.00
62106.00
62167.00
62148.00
62110.00
62140.00
62211.00
62235.00
62187.00
62132.00
62151.00
62215.00
62237.00
62207.00
62166.00
62181.00
62251.00
62287.00
62250.00
62193.00
62187.00
62239.00
62261.00
62231.00
62165.00
62135.00
62153.00
62164.00
62106.00
62001.00
61948.00
61946.00
61938.00
61864.00
61774.00
61725.00
61720.00
61732.00
61670.00
61599.00
61549.00
61556.00
61587.00
61535.00
61499.00
61476.00
61498.00
61532.00
61525.00
61492.00
61466.00
61484.00
61529.00
61522.00
61497.00
61459.00
61460.00
61503.00
61510.00
61480.00
61445.00
61447.00
61481.00
61478.00
61457.00
61405.00
61427.00
61472.00
61489.00
61459.00
61427.00
61430.00
61459.00
61489.00
61462.00
61436.00
61448.00
61484.00
61511.00
61476.00
61444.00
61440.00
61466.00
61492.00
61461.00
61422.00
61419.00
61443.00
61479.00
61451.00
61397.00
61376.00
61412.00
61447.00
61424.00
61392.00
61355.00
61398.00
61467.00
61483.00
61462.00
61494.00
61599.00
61731.00
61759.00
61761.00
61783.00
61893.00
62034.00
62111.00
62109.00
62119.00
62182.00
62246.00
62264.00
62201.00
62164.00
62195.00
62243.00
62257.00
62203.00
62152.00
62165.00
62221.00
62233.00
62194.00
62136.00
62156.00
62208.00
62236.00
62205.00
62160.00
62159.00
62198.00
62204.00
62161.00
62095.00
62056.00
62088.00
62103.00
62035.00
61949.00
61898.00
61905.00
61904.00
61841.00
61740.00
61681.00
61654.00
61660.00
61607.00
61550.00
61501.00
61520.00
61547.00
61523.00
61479.00
61467.00
61481.00
61520.00
61507.00
61464.00
61454.00
61460.00
61500.00
61473.00
61445.00
61403.00
61424.00
61457.00
61453.00
61403.00
61367.00
61380.00
61428.00
61428.00
61392.00
61358.00
61366.00
61403.00
61420.00
61387.00
61354.00
61365.00
61407.00
61428.00
61416.00
61393.00
61394.00
61438.00
61463.00
61435.00
61416.00
61424.00
61456.00
61484.00
61467.00
61431.00
61417.00
61448.00
61480.00
61465.00
61409.00
61408.00
61423.00
61453.00
61447.00
61396.00
61379.00
61395.00
61461.00
61460.00
61426.00
61428.00
61482.00
61573.00
61585.00
61589.00
61583.00
61676.00
61795.00
61837.00
61831.00
61840.00
61926.00
62076.00
62123.00
62104.00
62078.00
62113.00
62199.00
62207.00
62175.00
62139.00
62165.00
62225.00
62250.00
62211.00
62157.00
62166.00
62249.00
62253.00
62223.00
62170.00
62159.00
62214.00
62239.00
62198.00
62128.00
62116.00
62138.00
62164.00
62113.00
62015.00
61968.00
61976.00
61975.00
61905.00
61816.00
61764.00
61769.00
61777.00
61722.00
61647.00
61599.00
61616.00
61637.00
61599.00
61545.00
61501.00
61516.00
61547.00
61525.00
61483.00
61470.00
61486.00
61514.00
61512.00
61475.00
61459.00
61474.00
61512.00
61506.00
61484.00
61450.00
61461.00
61495.00
61487.00
61460.00
61420.00
61412.00
61474.00
61465.00
61442.00
61411.00
61419.00
61465.00
61479.00
61451.00
61413.00
61429.00
61471.00
61488.00
61470.00
61457.00
61453.00
61493.00
61517.00
61500.00
61466.00
61452.00
61489.00
61508.00
61489.00
61438.00
61421.00
61447.00
61487.00
61455.00
61397.00
61361.00
61395.00
61437.00
61416.00
61370.00
61362.00
61401.00
61473.00
61486.00
61474.00
61481.00
61564.00
61674.00
61716.00
61704.00
61718.00
61827.00
61937.00
61983.00
61991.00
61991.00
62053.00
62145.00
62151.00
62115.00
62087.00
62132.00
62211.00
62243.00
62205.00
62153.00
62164.00
62215.00
62228.00
62177.00
62112.00
62120.00
62170.00
62198.00
62147.00
62097.00
62073.00
62104.00
62093.00
62021.00
61923.00
61887.00
61898.00
61898.00
61816.00
61721.00
61696.00
61702.00
61700.00
61653.00
61583.00
61532.00
61545.00
61558.00
61541.00
61485.00
61479.00
61508.00
61539.00
61540.00
61509.00
61487.00
61518.00
61555.00
61566.00
61516.00
61498.00
61512.00
61552.00
61547.00
61512.00
61480.00
61484.00
61522.00
61509.00
61486.00
61455.00
61459.00
61501.00
61500.00
61485.00
61451.00
61461.00
61497.00
61514.00
61488.00
61472.00
61480.00
61529.00
61554.00
61529.00
61487.00
61495.00
61524.00
61530.00
61510.00
61472.00
61454.00
61491.00
61505.00
61484.00
61434.00
61414.00
61465.00
61486.00
61452.00
61391.00
61366.00
61393.00
61448.00
61419.00
61380.00
61355.00
61409.00
61483.00
61494.00
61474.00
61489.00
61560.00
61661.00
61682.00
61666.00
61694.00
61786.00
61911.00
61961.00
61947.00
61941.00
62007.00
62111.00
62136.00
62094.00
62066.00
62093.00
62147.00
62153.00
62118.00
62069.00
62089.00
62140.00
62151.00
62114.00
62051.00
62054.00
62090.00
62090.00
62036.00
61954.00
61937.00
61952.00
61951.00
61890.00
61802.00
61764.00
61771.00
61772.00
61701.00
61630.00
61598.00
61616.00
61634.00
61586.00
61528.00
61510.00
61531.00
61564.00
61543.00
61499.00
61485.00
61521.00
61554.00
61535.00
61511.00
61485.00
61498.00
61534.00
61529.00
61494.00
61469.00
61489.00
61507.00
61507.00
61466.00
61435.00
61461.00
61495.00
61494.00
61459.00
61430.00
61446.00
61482.00
61491.00
61462.00
61439.00
61444.00
61493.00
61501.00
61482.00
61458.00
61470.00
61497.00
61506.00
61491.00
61458.00
61462.00
61480.00
61515.00
61483.00
61442.00
61435.00
61470.00
61482.00
61466.00
61407.00
61410.00
61436.00
61470.00
61441.00
61385.00
61379.00
61409.00
61446.00
61442.00
61379.00
61371.00
61417.00
61483.00
61474.00
61428.00
61432.00
61500.00
61606.00
61631.00
61610.00
61629.00
61721.00
61840.00
61877.00
61903.00
61919.00
62012.00
62141.00
62165.00
62144.00
62125.00
62182.00
62278.00
62299.00
62275.00
62223.00
62255.00
62337.00
62352.00
62301.00
62241.00
62245.00
62307.00
62320.00
62253.00
62189.00
62190.00
62265.00
62278.00
62218.00
62150.00
62143.00
62175.00
62164.00
62081.00
62001.00
61946.00
61952.00
61941.00
61871.00
61771.00
61730.00
61725.00
61728.00
61668.00
61596.00
61545.00
61555.00
61566.00
61546.00
61493.00
61461.00
61472.00
61511.00
61493.00
61472.00
61439.00
61463.00
61500.00
61478.00
61443.00
61428.00
61437.00
61477.00
61460.00
61420.00
61390.00
61405.00
61451.00
61446.00
61413.00
61379.00
61393.00
61437.00
61447.00
61411.00
61388.00
61406.00
61444.00
61452.00
61424.00
61400.00
61407.00
61453.00
61475.00
61451.00
61422.00
61443.00
61459.00
61465.00
61451.00
61418.00
61426.00
61456.00
61475.00
61448.00
61398.00
61394.00
61419.00
61447.00
61423.00
61371.00
61362.00
61398.00
61444.00
61425.00
61380.00
61396.00
61464.00
61533.00
61538.00
61515.00
61538.00
61608.00
61698.00
61729.00
61728.00
61748.00
61838.00
61946.00
61968.00
61960.00
61986.00
62040.00
62130.00
62131.00
62083.00
62049.00
62072.00
62141.00
62146.00
62089.00
62031.00
62060.00
62097.00
62099.00
62041.00
61990.00
61989.00
62042.00
62028.00
61976.00
61899.00
61885.00
61891.00
61880.00
61813.00
61749.00
61720.00
61719.00
61708.00
61640.00
61577.00
61551.00
61555.00
61566.00
61535.00
61497.00
61497.00
61522.00
61552.00
61529.00
61495.00
61479.00
61523.00
61541.00
61536.00
61492.00
61472.00
61506.00
61538.00
61521.00
61473.00
61454.00
61483.00
61526.00
61510.00
61476.00
61446.00
61462.00
61518.00
61502.00
61466.00
61437.00
61457.00
61505.00
61504.00
61467.00
61444.00
61473.00
61513.00
61515.00
61480.00
61451.00
61478.00
61520.00
61519.00
61488.00
61458.00
61480.00
61530.00
61545.00
61525.00
61502.00
61507.00
61549.00
61558.00
61531.00
61499.00
61496.00
61526.00
61550.00
61525.00
61476.00
61475.00
61505.00
61521.00
61501.00
61456.00
61445.00
61473.00
61501.00
61477.00
61427.00
61396.00
61442.00
61488.00
61459.00
61401.00
61387.00
61428.00
61522.00
61537.00
61505.00
61494.00
61565.00
61650.00
61686.00
61683.00
61697.00
61776.00
61889.00
61924.00
61922.00
61911.00
61975.00
62062.00
62077.00
62055.00
62028.00
62071.00
62138.00
62144.00
62101.00
62060.00
62071.00
62128.00
62134.00
62082.00
62026.00
62037.00
62096.00
62107.00
62056.00
61989.00
61991.00
61998.00
61992.00
61932.00
61852.00
61822.00
61830.00
61812.00
61730.00
61667.00
61626.00
61639.00
61633.00
61586.00
61526.00
61507.00
61535.00
61546.00
61525.00
61494.00
61490.00
61533.00
61553.00
61542.00
61515.00
61509.00
61524.00
61565.00
61541.00
61510.00
61490.00
61496.00
61535.00
61524.00
61479.00
61467.00
61476.00
61529.00
61529.00
61491.00
61467.00
61477.00
61533.00
61534.00
61502.00
61474.00
61491.00
61534.00
61549.00
61528.00
61494.00
61506.00
61562.00
61587.00
61563.00
61534.00
61543.00
61576.00
61590.00
61567.00
61518.00
61525.00
61551.00
61574.00
61534.00
61499.00
61494.00
61524.00
61553.00
61506.00
61439.00
61430.00
61449.00
61478.00
61444.00
61384.00
61365.00
61407.00
61447.00
61433.00
61408.00
61400.00
61475.00
61561.00
61565.00
61558.00
61599.00
61689.00
61805.00
61823.00
61797.00
61807.00
61910.00
62022.00
62037.00
61982.00
61964.00
62013.00
62092.00
62085.00
62042.00
62004.00
62036.00
62093.00
62093.00
62037.00
61985.00
61996.00
62046.00
62044.00
61998.00
61940.00
61948.00
61991.00
61980.00
61921.00
61826.00
61802.00
61821.00
61810.00
61740.00
61662.00
61643.00
61655.00
61644.00
61595.00
61529.00
61509.00
61542.00
61577.00
61536.00
61499.00
61520.00
61557.00
61586.00
61573.00
61552.00
61537.00
61574.00
61597.00
61579.00
61539.00
61531.00
61546.00
61577.00
61561.00
61514.00
61496.00
61526.00
61558.00
61554.00
61513.00
61500.00
61526.00
61570.00
61564.00
61527.00
61505.00
61534.00
61574.00
61570.00
61539.00
61511.00
61538.00
61584.00
61585.00
61553.00
61548.00
61561.00
61603.00
61603.00
61577.00
61536.00
61543.00
61575.00
61563.00
61518.00
61479.00
61490.00
61515.00
61521.00
61479.00
61415.00
61393.00
61446.00
61474.00
61439.00
61385.00
61401.00
61479.00
61546.00
61540.00
61512.00
61550.00
61652.00
61756.00
61781.00
61785.00
61826.00
61920.00
62010.00
62018.00
61986.00
61981.00
62038.00
62083.00
62053.00
61998.00
61973.00
62017.00
62060.00
62052.00
62008.00
61989.00
62020.00
62085.00
62056.00
62017.00
61977.00
61995.00
62035.00
62014.00
61948.00
61879.00
61864.00
61887.00
61866.00
61788.00
61721.00
61703.00
61719.00
61659.00
61610.00
61544.00
61541.00
61563.00
61560.00
61512.00
61470.00
61508.00
61568.00
61601.00
61589.00
61560.00
61575.00
61615.00
61642.00
61611.00
61575.00
61578.00
61607.00
61636.00
61603.00
61565.00
61545.00
61572.00
61610.00
61578.00
61528.00
61532.00
61566.00
61592.00
61566.00
61521.00
61505.00
61529.00
61572.00
61542.00
61506.00
61497.00
61513.00
61565.00
61552.00
61517.00
61503.00
61530.00
61572.00
61568.00
61546.00
61537.00
61569.00
61605.00
61606.00
61575.00
61564.00
61588.00
61634.00
61634.00
61584.00
61546.00
61565.00
61608.00
61600.00
61563.00
61512.00
61522.00
61557.00
61557.00
61506.00
61452.00
61451.00
61487.00
61482.00
61437.00
61383.00
61391.00
61456.00
61498.00
61487.00
61460.00
61490.00
61586.00
61668.00
61667.00
61653.00
61696.00
61829.00
61945.00
61957.00
61926.00
61931.00
61986.00
62041.00
62024.00
61982.00
61969.00
62033.00
62100.00
62071.00
62016.00
61992.00
62038.00
62100.00
62083.00
62025.00
62004.00
62053.00
62098.00
62047.00
61971.00
61899.00
61890.00
61914.00
61859.00
61793.00
61712.00
61704.00
61723.00
61691.00
61613.00
61565.00
61548.00
61576.00
61564.00
61533.00
61492.00
61500.00
61549.00
61559.00
61528.00
61518.00
61537.00
61568.00
61590.00
61559.00
61535.00
61542.00
61573.00
61590.00
61562.00
61522.00
61518.00
61555.00
61576.00
61538.00
61495.00
61493.00
61518.00
61553.00
61531.00
61485.00
61485.00
61518.00
61556.00
61537.00
61490.00
61486.00
61525.00
61561.00
61538.00
61514.00
61496.00
61532.00
61568.00
61543.00
61519.00
61499.00
61529.00
61571.00
61551.00
61528.00
61507.00
61520.00
61541.00
61547.00
61520.00
61469.00
61478.00
61505.00
61495.00
61450.00
61415.00
61436.00
61458.00
61441.00
61406.00
61366.00
61364.00
61417.00
61411.00
61389.00
61346.00
61374.00
61475.00
61515.00
61514.00
61499.00
61558.00
61673.00
61750.00
61766.00
61767.00
61821.00
61898.00
61964.00
61953.00
61937.00
61962.00
62046.00
62094.00
62083.00
62019.00
62005.00
62047.00
62089.00
62052.00
61996.00
61978.00
62020.00
62058.00
62023.00
61953.00
61911.00
61932.00
61950.00
61905.00
61812.00
61768.00
61761.00
61768.00
61725.00
61647.00
61591.00
61600.00
61620.00
61587.00
61527.00
61482.00
61494.00
61539.00
61531.00
61501.00
61480.00
61509.00
61551.00
61561.00
61540.00
61505.00
61514.00
61562.00
61570.00
61543.00
61511.00
61531.00
61560.00
61586.00
61539.00
61517.00
61516.00
61555.00
61580.00
61547.00
61520.00
61508.00
61557.00
61575.00
61544.00
61513.00
61514.00
61558.00
61585.00
61551.00
61536.00
61531.00
61580.00
61616.00
61608.00
61571.00
61566.00
61608.00
61641.00
61623.00
61587.00
61567.00
61591.00
61618.00
61597.00
61548.00
61522.00
61540.00
61574.00
61551.00
61502.00
61485.00
61487.00
61534.00
61521.00
61469.00
61419.00
61446.00
61486.00
61472.00
61444.00
61400.00
61430.00
61508.00
61538.00
61514.00
61512.00
61575.00
61685.00
61741.00
61760.00
61754.00
61825.00
61934.00
61980.00
61969.00
61951.00
61992.00
62063.00
62087.00
62058.00
62014.00
62026.00
62068.00
62090.00
62051.00
62016.00
62006.00
62057.00
62088.00
62023.00
61975.00
61944.00
61964.00
61974.00
61927.00
61846.00
61804.00
61795.00
61798.00
61734.00
61651.00
61616.00
61626.00
61647.00
61613.00
61549.00
61525.00
61541.00
61583.00
61576.00
61538.00
61527.00
61557.00
61605.00
61600.00
61573.00
61547.00
61567.00
61617.00
61618.00
61584.00
61566.00
61578.00
61613.00
61607.00
61572.00
61540.00
61547.00
61591.00
61595.00
61573.00
61543.00
61561.00
61600.00
61599.00
61567.00
61534.00
61534.00
61575.00
61588.00
61568.00
61536.00
61541.00
61588.00
61601.00
61578.00
61544.00
61558.00
61594.00
61620.00
61597.00
61578.00
61582.00
61616.00
61637.00
61608.00
61584.00
61570.00
61598.00
61614.00
61579.00
61537.00
61526.00
61551.00
61580.00
61539.00
61486.00
61462.00
61484.00
61494.00
61467.00
61407.00
61390.00
61413.00
61469.00
61450.00
61425.00
61398.00
61458.00
61539.00
61567.00
61552.00
61548.00
61641.00
61737.00
61777.00
61781.00
61787.00
61848.00
61961.00
62008.00
61999.00
61975.00
62012.00
62089.00
62106.00
62065.00
62016.00
62041.00
62109.00
62125.00
62100.00
62054.00
62056.00
62135.00
62152.00
62095.00
62031.00
62022.00
62070.00
62073.00
62005.00
61952.00
61931.00
61953.00
61950.00
61880.00
61801.00
61777.00
61789.00
61791.00
61720.00
61644.00
61610.00
61614.00
61624.00
61572.00
61517.00
61487.00
61513.00
61539.00
61533.00
61496.00
61506.00
61550.00
61580.00
61569.00
61546.00
61542.00
61567.00
61616.00
61605.00
61567.00
61543.00
61570.00
61604.00
61602.00
61563.00
61538.00
61558.00
61600.00
61599.00
61554.00
61518.00
61549.00
61591.00
61594.00
61569.00
61530.00
61560.00
61605.00
61611.00
61577.00
61533.00
61554.00
61602.00
61608.00
61585.00
61560.00
61573.00
61609.00
61632.00
61599.00
61575.00
61590.00
61619.00
61634.00
61615.00
61582.00
61588.00
61620.00
61628.00
61603.00
61564.00
61554.00
61568.00
61587.00
61545.00
61496.00
61482.00
61508.00
61525.00
61482.00
61418.00
61401.00
61424.00
61456.00
61419.00
61373.00
61360.00
61396.00
61481.00
61482.00
61459.00
61461.00
61558.00
61671.00
61691.00
61696.00
61694.00
61776.00
61884.00
61919.00
61902.00
61910.00
61977.00
62056.00
62045.00
62002.00
61980.00
62029.00
62089.00
62096.00
62045.00
62005.00
62031.00
62093.00
62093.00
62036.00
61974.00
61981.00
62035.00
62036.00
61976.00
61908.00
61902.00
61916.00
61894.00
61818.00
61754.00
61737.00
61769.00
61755.00
61702.00
61622.00
61601.00
61625.00
61617.00
61555.00
61492.00
61489.00
61521.00
61558.00
61531.00
61513.00
61512.00
61565.00
61595.00
61585.00
61562.00
61570.00
61603.00
61629.00
61608.00
61563.00
61564.00
61592.00
61635.00
61613.00
61565.00
61549.00
61581.00
61620.00
61594.00
61553.00
61517.00
61548.00
61598.00
61586.00
61538.00
61509.00
61547.00
61584.00
61571.00
61533.00
61515.00
61536.00
61590.00
61580.00
61567.00
61534.00
61564.00
61608.00
61604.00
61573.00
61549.00
61561.00
61597.00
61614.00
61571.00
61551.00
61560.00
61593.00
61596.00
61568.00
61535.00
61544.00
61569.00
61594.00
61546.00
61500.00
61503.00
61532.00
61533.00
61483.00
61445.00
61432.00
61466.00
61483.00
61431.00
61379.00
61384.00
61438.00
61477.00
61458.00
61434.00
61451.00
61523.00
61600.00
61599.00
61577.00
61625.00
61718.00
61829.00
61845.00
61830.00
61871.00
61964.00
62067.00
62064.00
62017.00
62018.00
62084.00
62162.00
62147.00
62095.00
62077.00
62127.00
62171.00
62158.00
62089.00
62067.00
62094.00
62143.00
62118.00
62040.00
61984.00
62012.00
62058.00
62018.00
61950.00
61872.00
61876.00
61914.00
61887.00
61808.00
61741.00
61727.00
61738.00
61706.00
61637.00
61577.00
61572.00
61596.00
61596.00
61544.00
61501.00
61514.00
61568.00
61580.00
61566.00
61539.00
61560.00
61596.00
61629.00
61605.00
61572.00
61574.00
61608.00
61625.00
61592.00
61563.00
61564.00
61599.00
61616.00
61595.00
61553.00
61559.00
61593.00
61617.00
61592.00
61547.00
61534.00
61557.00
61592.00
61571.00
61525.00
61515.00
61549.00
61594.00
61569.00
61521.00
61513.00
61539.00
61584.00
61585.00
61539.00
61520.00
61556.00
61607.00
61597.00
61572.00
61562.00
61591.00
61633.00
61620.00
61592.00
61574.00
61610.00
61635.00
61627.00
61588.00
61567.00
61570.00
61609.00
61584.00
61529.00
61491.00
61507.00
61536.00
61512.00
61463.00
61399.00
61398.00
61429.00
61430.00
61397.00
61371.00
61392.00
61474.00
61511.00
61502.00
61490.00
61550.00
61656.00
61724.00
61719.00
61695.00
61753.00
61868.00
61931.00
61920.00
61892.00
61919.00
61992.00
62040.00
62003.00
61955.00
61953.00
62005.00
62038.00
62011.00
61963.00
61950.00
62004.00
62052.00
62021.00
61954.00
61939.00
61973.00
61998.00
61954.00
61878.00
61853.00
61862.00
61882.00
61819.00
61740.00
61707.00
61696.00
61705.00
61669.00
61603.00
61565.00
61578.00
61608.00
61576.00
61539.00
61531.00
61563.00
61600.00
61590.00
61573.00
61560.00
61585.00
61630.00
61626.00
61590.00
61566.00
61587.00
61635.00
61626.00
61593.00
61567.00
61578.00
61625.00
61628.00
61598.00
61551.00
61579.00
61613.00
61616.00
61581.00
61553.00
61572.00
61620.00
61629.00
61597.00
61570.00
61575.00
61633.00
61646.00
61614.00
61581.00
61591.00
61627.00
61642.00
61615.00
61583.00
61575.00
61593.00
61611.00
61580.00
61537.00
61529.00
61552.00
61568.00
61541.00
61502.00
61485.00
61491.00
61499.00
61469.00
61427.00
61401.00
61428.00
61461.00
61445.00
61386.00
61374.00
61431.00
61512.00
61518.00
61509.00
61531.00
61620.00
61724.00
61759.00
61757.00
61790.00
61878.00
61999.00
62007.00
61980.00
61971.00
62035.00
62115.00
62109.00
62065.00
62048.00
62083.00
62158.00
62156.00
62096.00
62063.00
62103.00
62159.00
62135.00
62089.00
62044.00
62050.00
62117.00
62093.00
62015.00
61941.00
61931.00
61962.00
61930.00
61858.00
61792.00
61774.00
61787.00
61764.00
61690.00
61616.00
61580.00
61606.00
61597.00
61561.00
61514.00
61525.00
61571.00
61593.00
61565.00
61540.00
61547.00
61590.00
61601.00
61592.00
61548.00
61548.00
61581.00
61604.00
61578.00
61536.00
61530.00
61561.00
61602.00
61572.00
61534.00
61531.00
61571.00
61601.00
61586.00
61559.00
61542.00
61578.00
61624.00
61605.00
61565.00
61545.00
61585.00
61631.00
61625.00
61593.00
61571.00
61604.00
61638.00
61634.00
61615.00
61595.00
61616.00
61643.00
61645.00
61607.00
61582.00
61591.00
61611.00
61604.00
61560.00
61506.00
61512.00
61553.00
61526.00
61473.00
61430.00
61436.00
61471.00
61469.00
61419.00
61374.00
61388.00
61446.00
61482.00
61467.00
61456.00
61510.00
61632.00
61688.00
61670.00
61668.00
61726.00
61856.00
61926.00
61934.00
61919.00
61960.00
62034.00
62089.00
62053.00
62006.00
62005.00
62068.00
62124.00
62088.00
62044.00
62035.00
62091.00
62136.00
62102.00
62034.00
62012.00
62060.00
62098.00
62047.00
61960.00
61929.00
61933.00
61945.00
61886.00
61808.00
61747.00
61756.00
61760.00
61710.00
61636.00
61586.00
61591.00
61621.00
61595.00
61559.00
61528.00
61564.00
61605.00
61614.00
61582.00
61560.00
61590.00
61634.00
61651.00
61628.00
61600.00
61616.00
61654.00
61652.00
61604.00
61575.00
61599.00
61641.00
61634.00
61617.00
61576.00
61603.00
61646.00
61653.00
61623.00
61589.00
61592.00
61657.00
61675.00
61656.00
61601.00
61621.00
61677.00
61699.00
61679.00
61619.00
61629.00
61670.00
