43626.00
43631.00
43676.00
43720.00
43684.00
43641.00
43641.00
43673.00
43718.00
43692.00
43645.00
43641.00
43676.00
43710.00
43694.00
43641.00
43617.00
43668.00
43712.00
43697.00
43658.00
43636.00
43671.00
43717.00
43701.00
43656.00
43635.00
43647.00
43729.00
43694.00
43669.00
43638.00
43659.00
43718.00
43711.00
43656.00
43625.00
43655.00
43708.00
43701.00
43659.00
43629.00
43654.00
43715.00
43714.00
43641.00
43614.00
43650.00
43705.00
43716.00
43675.00
43635.00
43665.00
43712.00
43717.00
43680.00
43633.00
43652.00
43714.00
43711.00
43664.00
43632.00
43631.00
43692.00
43703.00
43680.00
43623.00
43623.00
43694.00
43716.00
43692.00
43631.00
43637.00
43675.00
43724.00
43679.00
43627.00
43631.00
43679.00
43705.00
43683.00
43625.00
43611.00
43672.00
43701.00
43682.00
43636.00
43630.00
43673.00
43709.00
43690.00
43642.00
43626.00
43675.00
43720.00
43703.00
43635.00
43632.00
43675.00
43710.00
43690.00
43643.00
43630.00
43653.00
43709.00
43687.00
43644.00
43612.00
43660.00
43711.00
43689.00
43621.00
43619.00
43648.00
43703.00
43691.00
43653.00
43599.00
43643.00
43705.00
43696.00
43644.00
43600.00
43644.00
43688.00
43699.00
43635.00
43619.00
43633.00
43684.00
43669.00
43652.00
43597.00
43619.00
43701.00
43700.00
43652.00
43616.00
43633.00
43688.00
43713.00
43659.00
43602.00
43635.00
43676.00
43703.00
43655.00
43614.00
43628.00
43682.00
43708.00
43659.00
43627.00
43630.00
43690.00
43692.00
43665.00
43618.00
43620.00
43672.00
43704.00
43682.00
43628.00
43621.00
43686.00
43718.00
43700.00
43638.00
43644.00
43674.00
43705.00
43677.00
43648.00
43641.00
43667.00
43712.00
43689.00
43630.00
43636.00
43683.00
43718.00
43708.00
43649.00
43634.00
43646.00
43720.00
43700.00
43657.00
43613.00
43662.00
43723.00
43706.00
43643.00
43623.00
43662.00
43715.00
43708.00
43648.00
43628.00
43671.00
43725.00
43697.00
43657.00
43625.00
43653.00
43704.00
43704.00
43639.00
43600.00
43642.00
43702.00
43690.00
43661.00
43620.00
43634.00
43692.00
43708.00
43655.00
43620.00
43654.00
43703.00
43715.00
43651.00
43626.00
43638.00
43695.00
43703.00
43672.00
43625.00
43628.00
43678.00
43693.00
43658.00
43615.00
43620.00
43669.00
43712.00
43671.00
43616.00
43618.00
43667.00
43703.00
43663.00
43613.00
43617.00
43669.00
43698.00
43667.00
43607.00
43614.00
43659.00
43702.00
43677.00
43623.00
43619.00
43669.00
43720.00
43685.00
43652.00
43621.00
43656.00
43706.00
43692.00
43628.00
43629.00
43661.00
43710.00
43678.00
43632.00
43613.00
43652.00
43702.00
43688.00
43640.00
43619.00
43658.00
43699.00
43702.00
43646.00
43619.00
43646.00
43699.00
43692.00
43643.00
43589.00
43640.00
43702.00
43687.00
43643.00
43612.00
43625.00
43681.00
43680.00
43635.00
43597.00
43623.00
43678.00
43679.00
43632.00
43609.00
43620.00
43661.00
43679.00
43650.00
43607.00
43621.00
43674.00
43692.00
43651.00
43585.00
43636.00
43672.00
43687.00
43662.00
43599.00
43611.00
43665.00
43694.00
43653.00
43595.00
43624.00
43670.00
43691.00
43669.00
43622.00
43615.00
43657.00
43707.00
43661.00
43612.00
43620.00
43657.00
43691.00
43664.00
43612.00
43622.00
43651.00
43705.00
43659.00
43626.00
43620.00
43653.00
43706.00
43668.00
43619.00
43628.00
43652.00
43719.00
43695.00
43633.00
43621.00
43655.00
43720.00
43691.00
43636.00
43614.00
43655.00
43689.00
43680.00
43639.00
43609.00
43642.00
43700.00
43682.00
43618.00
43603.00
43629.00
43694.00
43690.00
43641.00
43601.00
43628.00
43687.00
43676.00
43633.00
43576.00
43615.00
43678.00
43674.00
43630.00
43588.00
43616.00
43661.00
43669.00
43632.00
43593.00
43605.00
43683.00
43671.00
43643.00
43595.00
43615.00
43669.00
43685.00
43648.00
43598.00
43608.00
43662.00
43689.00
43648.00
43601.00
43609.00
43648.00
43700.00
43659.00
43618.00
43616.00
43663.00
43698.00
43664.00
43613.00
43620.00
43668.00
43701.00
43658.00
43608.00
43615.00
43662.00
43691.00
43682.00
43608.00
43613.00
43661.00
43707.00
43668.00
43619.00
43607.00
43635.00
43692.00
43668.00
43639.00
43607.00
43649.00
43697.00
43670.00
43611.00
43619.00
43646.00
43706.00
43688.00
43636.00
43610.00
43637.00
43707.00
43680.00
43624.00
43603.00
43636.00
43698.00
43683.00
43641.00
43607.00
43634.00
43695.00
43687.00
43629.00
43616.00
43624.00
43684.00
43689.00
43639.00
43630.00
43629.00
43681.00
43680.00
43635.00
43611.00
43615.00
43678.00
43697.00
43639.00
43600.00
43621.00
43675.00
43675.00
43646.00
43613.00
43616.00
43674.00
43696.00
43643.00
43591.00
43615.00
43651.00
43701.00
43647.00
43607.00
43606.00
43680.00
43696.00
43660.00
43603.00
43599.00
43654.00
43681.00
43651.00
43604.00
43597.00
43630.00
43682.00
43644.00
43606.00
43600.00
43635.00
43667.00
43631.00
43592.00
43578.00
43621.00
43656.00
43619.00
43573.00
43559.00
43618.00
43658.00
43643.00
43580.00
43570.00
43604.00
43661.00
43660.00
43587.00
43561.00
43607.00
43645.00
43644.00
43594.00
43580.00
43601.00
43670.00
43642.00
43603.00
43583.00
43621.00
43669.00
43650.00
43601.00
43573.00
43601.00
43664.00
43655.00
43614.00
43579.00
43604.00
43647.00
43664.00
43626.00
43582.00
43604.00
43651.00
43655.00
43632.00
43579.00
43604.00
43662.00
43665.00
43628.00
43575.00
43608.00
43651.00
43682.00
43634.00
43575.00
43599.00
43654.00
43683.00
43655.00
43593.00
43602.00
43646.00
43665.00
43647.00
43590.00
43591.00
43651.00
43681.00
43644.00
43589.00
43591.00
43633.00
43679.00
43651.00
43579.00
43598.00
43637.00
43671.00
43636.00
43603.00
43576.00
43629.00
43670.00
43643.00
43599.00
43576.00
43631.00
43664.00
43663.00
43601.00
43588.00
43629.00
43679.00
43664.00
43616.00
43591.00
43619.00
43671.00
43676.00
43625.00
43583.00
43628.00
43689.00
43668.00
43603.00
43596.00
43624.00
43683.00
43675.00
43633.00
43590.00
43635.00
43682.00
43684.00
43633.00
43626.00
43620.00
43677.00
43683.00
43620.00
43583.00
43596.00
43672.00
43670.00
43617.00
43602.00
43614.00
43667.00
43670.00
43632.00
43578.00
43599.00
43658.00
43669.00
43632.00
43582.00
43609.00
43643.00
43682.00
43630.00
43588.00
43596.00
43653.00
43679.00
43648.00
43588.00
43602.00
43657.00
43687.00
43640.00
43595.00
43600.00
43665.00
43691.00
43659.00
43618.00
43619.00
43658.00
43685.00
43661.00
43607.00
43603.00
43642.00
43693.00
43664.00
43613.00
43603.00
43639.00
43702.00
43669.00
43618.00
43595.00
43628.00
43684.00
43669.00
43611.00
43585.00
43631.00
43696.00
43673.00
43608.00
43587.00
43610.00
43686.00
43645.00
43613.00
43601.00
43621.00
43675.00
43670.00
43627.00
43591.00
43625.00
43664.00
43672.00
43623.00
43590.00
43621.00
43683.00
43696.00
43638.00
43614.00
43619.00
43695.00
43684.00
43637.00
43595.00
43605.00
43676.00
43680.00
43623.00
43589.00
43604.00
43660.00
43682.00
43630.00
43590.00
43613.00
43650.00
43684.00
43631.00
43615.00
43604.00
43669.00
43672.00
43647.00
43593.00
43615.00
43657.00
43678.00
43649.00
43596.00
43605.00
43655.00
43685.00
43662.00
43607.00
43610.00
43639.00
43687.00
43662.00
43607.00
43605.00
43646.00
43697.00
43657.00
43601.00
43598.00
43636.00
43671.00
43657.00
43604.00
43587.00
43631.00
43678.00
43665.00
43607.00
43591.00
43628.00
43686.00
43684.00
43615.00
43595.00
43627.00
43677.00
43673.00
43620.00
43591.00
43620.00
43674.00
43662.00
43611.00
43588.00
43609.00
43657.00
43659.00
43610.00
43587.00
43599.00
43674.00
43666.00
43619.00
43587.00
43608.00
43671.00
43676.00
43628.00
43592.00
43612.00
43666.00
43686.00
43662.00
43597.00
43612.00
43649.00
43667.00
43636.00
43609.00
43618.00
43662.00
43679.00
43645.00
43603.00
43605.00
43660.00
43698.00
43636.00
43599.00
43595.00
43648.00
43680.00
43649.00
43605.00
43609.00
43646.00
43680.00
43663.00
43593.00
43607.00
43643.00
43680.00
43662.00
43601.00
43599.00
43647.00
43675.00
43644.00
43599.00
43593.00
43635.00
43681.00
43669.00
43607.00
43584.00
43647.00
43686.00
43666.00
43623.00
43603.00
43621.00
43678.00
43663.00
43622.00
43600.00
43626.00
43695.00
43673.00
43628.00
43608.00
43636.00
43704.00
43682.00
43637.00
43611.00
43636.00
43689.00
43682.00
43631.00
43582.00
43624.00
43690.00
43686.00
43637.00
43591.00
43632.00
43674.00
43672.00
43638.00
43615.00
43623.00
43673.00
43690.00
43651.00
43601.00
43625.00
43665.00
43674.00
43647.00
43605.00
43607.00
43662.00
43689.00
43642.00
43604.00
43593.00
43657.00
43672.00
43645.00
43606.00
43616.00
43665.00
43684.00
43641.00
43599.00
43586.00
43651.00
43688.00
43652.00
43595.00
43602.00
43656.00
43678.00
43661.00
43601.00
43605.00
43644.00
43693.00
43672.00
43614.00
43614.00
43665.00
43702.00
43673.00
43627.00
43595.00
43637.00
43681.00
43679.00
43628.00
43602.00
43640.00
43681.00
43666.00
43614.00
43598.00
43630.00
43687.00
43676.00
43630.00
43593.00
43637.00
43688.00
43660.00
43629.00
43591.00
43637.00
43690.00
43680.00
43640.00
43597.00
43623.00
43674.00
43682.00
43628.00
43587.00
43615.00
43660.00
43657.00
43619.00
43576.00
43606.00
43652.00
43667.00
43631.00
43586.00
43602.00
43657.00
43662.00
43626.00
43580.00
43588.00
43639.00
43659.00
43640.00
43594.00
43591.00
43642.00
43657.00
43628.00
43590.00
43599.00
43645.00
43681.00
43645.00
43596.00
43596.00
43636.00
43674.00
43644.00
43602.00
43596.00
43635.00
43667.00
43661.00
43599.00
43594.00
43620.00
43676.00
43663.00
43616.00
43598.00
43631.00
43675.00
43645.00
43600.00
43580.00
43620.00
43673.00
43662.00
43595.00
43562.00
43613.00
43663.00
43653.00
43604.00
43573.00
43615.00
43673.00
43662.00
43621.00
43581.00
43608.00
43654.00
43654.00
43621.00
43576.00
43607.00
43657.00
43647.00
43615.00
43576.00
43599.00
43672.00
43653.00
43644.00
43586.00
43591.00
43634.00
43657.00
43607.00
43568.00
43585.00
43639.00
43670.00
43635.00
43581.00
43590.00
43637.00
43663.00
43648.00
43600.00
43603.00
43653.00
43680.00
43643.00
43607.00
43602.00
43650.00
43690.00
43652.00
43611.00
43600.00
43646.00
43683.00
43650.00
43594.00
43591.00
43643.00
43689.00
43660.00
43608.00
43596.00
43643.00
43671.00
43659.00
43588.00
43594.00
43632.00
43688.00
43659.00
43604.00
43603.00
43641.00
43682.00
43664.00
43613.00
43576.00
43632.00
43687.00
43670.00
43603.00
43591.00
43632.00
43673.00
43666.00
43621.00
43593.00
43612.00
43669.00
43675.00
43624.00
43591.00
43610.00
43673.00
43684.00
43642.00
43602.00
43610.00
43671.00
43682.00
43632.00
43591.00
43612.00
43677.00
43677.00
43623.00
43598.00
43596.00
43654.00
43678.00
43626.00
43594.00
43588.00
43646.00
43674.00
43645.00
43595.00
43619.00
43654.00
43694.00
43644.00
43589.00
43592.00
43643.00
43689.00
43661.00
43598.00
43606.00
43633.00
43682.00
43652.00
43610.00
43611.00
43644.00
43678.00
43661.00
43597.00
43601.00
43638.00
43678.00
43671.00
43603.00
43588.00
43632.00
43690.00
43670.00
43618.00
43593.00
43637.00
43695.00
43685.00
43613.00
43602.00
43633.00
43702.00
43670.00
43622.00
43599.00
43636.00
43692.00
43681.00
43627.00
43602.00
43630.00
43687.00
43677.00
43643.00
43605.00
43647.00
43683.00
43700.00
43638.00
43615.00
43626.00
43663.00
43690.00
43649.00
43593.00
43612.00
43665.00
43686.00
43645.00
43610.00
43608.00
43660.00
43687.00
43642.00
43607.00
43604.00
43672.00
43703.00
43678.00
43614.00
43607.00
43664.00
43708.00
43673.00
43629.00
43606.00
43658.00
43705.00
43660.00
43626.00
43621.00
43670.00
43699.00
43676.00
43621.00
43617.00
43656.00
43699.00
43667.00
43616.00
43613.00
43645.00
43696.00
43686.00
43627.00
43606.00
43634.00
43677.00
43677.00
43630.00
43595.00
43627.00
43682.00
43681.00
43633.00
43610.00
43626.00
43675.00
43664.00
43636.00
43617.00
43619.00
43686.00
43685.00
43633.00
43600.00
43620.00
43695.00
43694.00
43632.00
43599.00
43639.00
43678.00
43689.00
43652.00
43610.00
43624.00
43682.00
43697.00
43647.00
43616.00
43610.00
43680.00
43683.00
43656.00
43600.00
43620.00
43677.00
43695.00
43659.00
43610.00
43613.00
43654.00
43686.00
43667.00
43597.00
43608.00
43667.00
43694.00
43660.00
43609.00
43621.00
43665.00
43711.00
43668.00
43602.00
43607.00
43644.00
43688.00
43664.00
43619.00
43614.00
43640.00
43699.00
43666.00
43635.00
43615.00
43647.00
43693.00
43672.00
43642.00
43608.00
43649.00
43698.00
43684.00
43629.00
43602.00
43627.00
43678.00
43671.00
43623.00
43599.00
43628.00
43688.00
43669.00
43645.00
43613.00
43627.00
43685.00
43682.00
43632.00
43601.00
43611.00
43672.00
43688.00
43646.00
43604.00
43624.00
43682.00
43684.00
43664.00
43606.00
43623.00
43669.00
43693.00
43652.00
43610.00
43609.00
43657.00
43694.00
43656.00
43613.00
43623.00
43685.00
43718.00
43703.00
43660.00
43665.00
43734.00
43782.00
43766.00
43729.00
43732.00
43788.00
43853.00
43844.00
43833.00
43838.00
43920.00
44011.00
44044.00
44042.00
44065.00
44177.00
44284.00
44339.00
44368.00
44405.00
44502.00
44630.00
44689.00
44709.00
44751.00
44860.00
44991.00
45068.00
45092.00
45139.00
45255.00
45399.00
45508.00
45549.00
45588.00
45718.00
45855.00
45950.00
45972.00
46017.00
46140.00
46268.00
46354.00
46375.00
46398.00
46492.00
46613.00
46682.00
46686.00
46674.00
46732.00
46834.00
46885.00
46868.00
46826.00
46843.00
46913.00
46959.00
46905.00
46844.00
46844.00
46910.00
46937.00
46873.00
46825.00
46814.00
46868.00
46917.00
46852.00
46786.00
46777.00
46833.00
46876.00
46840.00
46750.00
46742.00
46798.00
46858.00
46806.00
46747.00
46728.00
46760.00
46824.00
46805.00
46732.00
46708.00
46738.00
46800.00
46776.00
46716.00
46672.00
46717.00
46772.00
46757.00
46696.00
46678.00
46698.00
46757.00
46753.00
46682.00
46655.00
46676.00
46744.00
46736.00
46695.00
46632.00
46658.00
46716.00
46716.00
46672.00
46609.00
46633.00
46706.00
46727.00
46661.00
46609.00
46623.00
46685.00
46713.00
46662.00
46597.00
46616.00
46670.00
46704.00
46673.00
46606.00
46609.00
46670.00
46701.00
46670.00
46605.00
46616.00
46647.00
46710.00
46657.00
46608.00
46593.00
46659.00
46713.00
46670.00
46601.00
46592.00
46658.00
46708.00
46682.00
46609.00
46599.00
46643.00
46706.00
46679.00
46617.00
46598.00
46651.00
46710.00
46682.00
46628.00
46597.00
46640.00
46688.00
46674.00
46617.00
46581.00
46615.00
46687.00
46678.00
46604.00
46582.00
46598.00
46658.00
46647.00
46610.00
46557.00
46572.00
46636.00
46649.00
46603.00
46545.00
46573.00
46618.00
46634.00
46587.00
46534.00
46556.00
46607.00
46640.00
46581.00
46531.00
46550.00
46607.00
46627.00
46583.00
46538.00
46545.00
46608.00
46636.00
46580.00
46524.00
46532.00
46572.00
46611.00
46573.00
46528.00
46522.00
46577.00
46611.00
46587.00
46533.00
46499.00
46562.00
46601.00
46579.00
46518.00
46490.00
46544.00
46590.00
46582.00
46513.00
46497.00
46543.00
46582.00
46582.00
46508.00
46474.00
46515.00
46578.00
46555.00
46496.00
46453.00
46493.00
46566.00
46557.00
46498.00
46456.00
46480.00
46565.00
46545.00
46490.00
46450.00
46483.00
46553.00
46554.00
46498.00
46449.00
46472.00
46545.00
46554.00
46508.00
46455.00
46473.00
46530.00
46555.00
46510.00
46457.00
46455.00
46531.00
46544.00
46502.00
46450.00
46443.00
46498.00
46537.00
46497.00
46438.00
46425.00
46492.00
46518.00
46491.00
46411.00
46427.00
46455.00
46520.00
46475.00
46421.00
46401.00
46446.00
46505.00
46472.00
46414.00
46397.00
46433.00
46500.00
46463.00
46399.00
46370.00
46431.00
46460.00
46468.00
46389.00
46370.00
46413.00
46468.00
46439.00
46398.00
46346.00
46392.00
46445.00
46429.00
46374.00
46334.00
46368.00
46445.00
46437.00
46377.00
46346.00
46373.00
46434.00
46438.00
46386.00
46351.00
46362.00
46419.00
46449.00
46398.00
46339.00
46350.00
46409.00
46424.00
46388.00
46322.00
46336.00
46384.00
46418.00
46381.00
46315.00
46314.00
46379.00
46400.00
46354.00
46304.00
46304.00
46377.00
46399.00
46367.00
46297.00
46300.00
46370.00
46394.00
46362.00
46307.00
46291.00
46338.00
46406.00
46371.00
46319.00
46294.00
46338.00
46403.00
46373.00
46298.00
46303.00
46326.00
46384.00
46369.00
46297.00
46295.00
46325.00
46383.00
46375.00
46316.00
46289.00
46314.00
46383.00
46363.00
46318.00
46263.00
46292.00
46358.00
46361.00
46297.00
46258.00
46300.00
46356.00
46370.00
46311.00
46270.00
46273.00
46336.00
46348.00
46303.00
46253.00
46265.00
46321.00
46350.00
46306.00
46247.00
46257.00
46318.00
46353.00
46305.00
46247.00
46255.00
46322.00
46352.00
46309.00
46260.00
46258.00
46304.00
46354.00
46332.00
46264.00
46264.00
46295.00
46349.00
46315.00
46249.00
46230.00
46289.00
46338.00
46297.00
46240.00
46227.00
46283.00
46332.00
46310.00
46256.00
46228.00
46271.00
46337.00
46309.00
46247.00
46226.00
46272.00
46322.00
46320.00
46244.00
46224.00
46257.00
46337.00
46311.00
46246.00
46213.00
46234.00
46301.00
46292.00
46226.00
46183.00
46197.00
46266.00
46275.00
46204.00
46164.00
46184.00
46227.00
46239.00
46199.00
46138.00
46149.00
46209.00
46232.00
46180.00
46118.00
46146.00
46210.00
46217.00
46179.00
46120.00
46130.00
46192.00
46225.00
46160.00
46116.00
46132.00
46185.00
46220.00
46188.00
46138.00
46132.00
46186.00
46227.00
46199.00
46137.00
46142.00
46170.00
46225.00
46199.00
46148.00
46132.00
46196.00
46244.00
46249.00
46198.00
46206.00
46286.00
46386.00
46411.00
46411.00
46457.00
46571.00
46736.00
46804.00
46825.00
46924.00
47061.00
47257.00
47378.00
47440.00
47550.00
47740.00
47952.00
48099.00
48200.00
48289.00
48491.00
48734.00
48891.00
49011.00
49137.00
49323.00
49585.00
49778.00
49921.00
50063.00
50289.00
50535.00
50731.00
50842.00
50935.00
51127.00
51322.00
51472.00
51543.00
51592.00
51731.00
51901.00
52035.00
52064.00
52078.00
52176.00
52315.00
52398.00
52407.00
52381.00
52403.00
52488.00
52555.00
52538.00
52477.00
52471.00
52537.00
52568.00
52539.00
52461.00
52467.00
52523.00
52588.00
52559.00
52495.00
52484.00
52532.00
52607.00
52582.00
52503.00
52477.00
52538.00
52607.00
52579.00
52521.00
52489.00
52545.00
52613.00
52589.00
52543.00
52511.00
52558.00
52634.00
52626.00
52560.00
52545.00
52570.00
52663.00
52664.00
52610.00
52564.00
52601.00
52678.00
52678.00
52615.00
52568.00
52601.00
52667.00
52664.00
52616.00
52579.00
52606.00
52669.00
52693.00
52655.00
52594.00
52627.00
52699.00
52718.00
52682.00
52610.00
52627.00
52697.00
52729.00
52684.00
52621.00
52630.00
52684.00
52739.00
52689.00
52638.00
52633.00
52693.00
52752.00
52699.00
52635.00
52636.00
52693.00
52764.00
52715.00
52644.00
52659.00
52713.00
52761.00
52729.00
52674.00
52654.00
52715.00
52772.00
52741.00
52677.00
52656.00
52717.00
52785.00
52755.00
52685.00
52655.00
52717.00
52787.00
52767.00
52705.00
52680.00
52723.00
52797.00
52789.00
52728.00
52693.00
52735.00
52808.00
52805.00
52748.00
52684.00
52737.00
52805.00
52818.00
52736.00
52702.00
52727.00
52808.00
52821.00
52761.00
52707.00
52742.00
52812.00
52822.00
52769.00
52711.00
52737.00
52824.00
52827.00
52770.00
52707.00
52736.00
52807.00
52830.00
52780.00
52726.00
52743.00
52817.00
52857.00
52812.00
52751.00
52749.00
52817.00
52869.00
52821.00
52747.00
52755.00
52815.00
52857.00
52823.00
52761.00
52753.00
52814.00
52859.00
52828.00
52738.00
52735.00
52802.00
52858.00
52833.00
52768.00
52744.00
52801.00
52862.00
52854.00
52770.00
52749.00
52816.00
52879.00
52859.00
52794.00
52771.00
52812.00
52890.00
52877.00
52786.00
52748.00
52809.00
52880.00
52872.00
52803.00
52765.00
52807.00
52889.00
52868.00
52821.00
52773.00
52811.00
52896.00
52888.00
52823.00
52769.00
52806.00
52887.00
52893.00
52820.00
52776.00
52810.00
52890.00
52904.00
52849.00
52796.00
52809.00
52883.00
52912.00
52853.00
52796.00
52817.00
52885.00
52907.00
52868.00
52805.00
52807.00
52897.00
52914.00
52872.00
52814.00
52822.00
52890.00
52935.00
52898.00
52814.00
52829.00
52879.00
52937.00
52909.00
52837.00
52823.00
52891.00
52947.00
52909.00
52852.00
52839.00
52890.00
52954.00
52919.00
52846.00
52825.00
52882.00
52935.00
52931.00
52854.00
52834.00
52873.00
52948.00
52929.00
52867.00
52824.00
52876.00
52956.00
52947.00
52873.00
52832.00
52881.00
52957.00
52943.00
52890.00
52835.00
52882.00
52962.00
52961.00
52891.00
52844.00
52881.00
52956.00
52969.00
52898.00
52854.00
52882.00
52956.00
52972.00
52915.00
52850.00
52875.00
52940.00
52958.00
52910.00
52850.00
52863.00
52937.00
52971.00
52918.00
52846.00
52865.00
52933.00
52971.00
52919.00
52857.00
52872.00
52938.00
52980.00
52937.00
52878.00
52868.00
52942.00
52992.00
52951.00
52877.00
52876.00
52936.00
52984.00
52964.00
52883.00
52870.00
52934.00
52991.00
52951.00
52888.00
52864.00
52929.00
52989.00
52973.00
52897.00
52881.00
52932.00
52998.00
52984.00
52911.00
52873.00
52936.00
52987.00
52970.00
52925.00
52875.00
52921.00
52999.00
52982.00
52924.00
52880.00
52907.00
52981.00
52979.00
52923.00
52860.00
52892.00
52977.00
52973.00
52915.00
52855.00
52880.00
52949.00
52962.00
52920.00
52842.00
52872.00
52951.00
52971.00
52920.00
52860.00
52867.00
52950.00
52979.00
52913.00
52850.00
52858.00
52942.00
52965.00
52920.00
52847.00
52845.00
52919.00
52967.00
52924.00
52847.00
52850.00
52916.00
52968.00
52926.00
52851.00
52839.00
52917.00
52961.00
52930.00
52862.00
52844.00
52912.00
52969.00
52926.00
52869.00
52849.00
52895.00
52962.00
52923.00
52860.00
52841.00
52890.00
52967.00
52941.00
52887.00
52842.00
52884.00
52973.00
52946.00
52886.00
52840.00
52884.00
52960.00
52944.00
52888.00
52839.00
52884.00
52960.00
52957.00
52893.00
52842.00
52880.00
52944.00
52961.00
52898.00
52841.00
52861.00
52940.00
52961.00
52907.00
52843.00
52857.00
52950.00
52967.00
52912.00
52850.00
52862.00
52938.00
52963.00
52923.00
52849.00
52858.00
52950.00
52982.00
52938.00
52866.00
52860.00
52936.00
52974.00
52938.00
52861.00
52868.00
52933.00
52979.00
52938.00
52856.00
52853.00
52916.00
52985.00
52943.00
52867.00
52860.00
52927.00
53002.00
52982.00
52891.00
52871.00
52922.00
53016.00
52988.00
52936.00
52914.00
52990.00
53077.00
53086.00
53052.00
53055.00
53158.00
53280.00
53340.00
53353.00
53394.00
53506.00
53673.00
53743.00
53774.00
53827.00
53945.00
54116.00
54211.00
54269.00
54305.00
54420.00
54584.00
54691.00
54733.00
54774.00
54859.00
54995.00
55076.00
55091.00
55069.00
55133.00
55241.00
55281.00
55263.00
55222.00
55252.00
55321.00
55368.00
55340.00
55278.00
55300.00
55376.00
55426.00
55384.00
55321.00
55308.00
55366.00
55388.00
55348.00
55252.00
55240.00
55279.00
55305.00
55272.00
55204.00
55183.00
55223.00
55267.00
55245.00
55188.00
55162.00
55204.00
55254.00
55235.00
55187.00
55162.00
55202.00
55268.00
55249.00
55184.00
55151.00
55190.00
55259.00
55257.00
55201.00
55165.00
55194.00
55255.00
55244.00
55198.00
55152.00
55176.00
55255.00
55251.00
55215.00
55168.00
55188.00
55256.00
55261.00
55209.00
55163.00
55191.00
55249.00
55271.00
55228.00
55175.00
55191.00
55234.00
55262.00
55219.00
55162.00
55174.00
55240.00
55272.00
55214.00
55170.00
55165.00
55236.00
55251.00
55224.00
55174.00
55164.00
55228.00
55260.00
55227.00
55170.00
55155.00
55216.00
55280.00
55243.00
55171.00
55171.00
55203.00
55262.00
55235.00
55167.00
55155.00
55191.00
55248.00
55240.00
55179.00
55151.00
55182.00
55253.00
55244.00
55189.00
55146.00
55183.00
55239.00
55229.00
55182.00
55128.00
55166.00
55230.00
55231.00
55172.00
55126.00
55159.00
55227.00
55232.00
55174.00
55117.00
55138.00
55223.00
55235.00
55186.00
55127.00
55162.00
55219.00
55251.00
55207.00
55147.00
55152.00
55219.00
55243.00
55199.00
55149.00
55145.00
55208.00
55242.00
55206.00
55156.00
55151.00
55206.00
55270.00
55221.00
55163.00
55154.00
55204.00
55259.00
55226.00
55158.00
55144.00
55204.00
55252.00
55220.00
55160.00
55142.00
55205.00
55259.00
55239.00
55179.00
55148.00
55190.00
55264.00
55243.00
55186.00
55168.00
55199.00
55265.00
55259.00
55195.00
55161.00
55195.00
55249.00
55256.00
55194.00
55169.00
55175.00
55256.00
55257.00
55217.00
55164.00
55185.00
55267.00
55273.00
55212.00
55174.00
55193.00
55251.00
55279.00
55225.00
55176.00
55185.00
55255.00
55283.00
55243.00
55183.00
55211.00
55269.00
55304.00
55253.00
55201.00
55204.00
55268.00
55315.00
55273.00
55213.00
55213.00
55256.00
55312.00
55277.00
55205.00
55201.00
55261.00
55314.00
55279.00
55216.00
55194.00
55249.00
55293.00
55285.00
55219.00
55205.00
55254.00
55318.00
55294.00
55238.00
55212.00
55251.00
55314.00
55300.00
55242.00
55202.00
55231.00
55312.00
55307.00
55258.00
55219.00
55239.00
55328.00
55319.00
55267.00
55223.00
55249.00
55331.00
55321.00
55270.00
55229.00
55246.00
55324.00
55326.00
55291.00
55236.00
55240.00
55317.00
55335.00
55299.00
55228.00
55254.00
55316.00
55354.00
55319.00
55249.00
55243.00
55308.00
55352.00
55302.00
55250.00
55250.00
55301.00
55356.00
55322.00
55244.00
55249.00
55312.00
55357.00
55323.00
55263.00
55254.00
55301.00
55355.00
55335.00
55270.00
55234.00
55285.00
55354.00
55346.00
55277.00
55251.00
55290.00
55351.00
55340.00
55284.00
55253.00
55289.00
55360.00
55345.00
55293.00
55251.00
55298.00
55352.00
55349.00
55291.00
55259.00
55280.00
55364.00
55365.00
55310.00
55260.00
55293.00
55354.00
55351.00
55318.00
55255.00
55294.00
55348.00
55363.00
55322.00
55262.00
55272.00
55343.00
55372.00
55319.00
55271.00
55293.00
55358.00
55379.00
55334.00
55295.00
55279.00
55335.00
55372.00
55343.00
55271.00
55281.00
55333.00
55381.00
55343.00
55267.00
55269.00
55329.00
55370.00
55347.00
55281.00
55263.00
55319.00
55381.00
55358.00
55280.00
55274.00
55313.00
55382.00
55356.00
55301.00
55264.00
55314.00
55378.00
55367.00
55303.00
55272.00
55294.00
55387.00
55359.00
55309.00
55280.00
55302.00
55378.00
55371.00
55316.00
55277.00
55303.00
55358.00
55381.00
55329.00
55256.00
55288.00
55364.00
55380.00
55330.00
55271.00
55307.00
55361.00
55382.00
55339.00
55283.00
55291.00
55360.00
55392.00
55353.00
55288.00
55299.00
55351.00
55403.00
55345.00
55301.00
55303.00
55352.00
55404.00
55366.00
55305.00
55302.00
55357.00
55400.00
55377.00
55305.00
55298.00
55348.00
55409.00
55384.00
55314.00
55299.00
55340.00
55411.00
55383.00
55325.00
55309.00
55340.00
55409.00
55390.00
55327.00
55294.00
55343.00
55397.00
55389.00
55333.00
55293.00
55338.00
55405.00
55395.00
55335.00
55302.00
55333.00
55409.00
55406.00
55347.00
55304.00
55327.00
55391.00
55408.00
55357.00
55301.00
55328.00
55380.00
55403.00
55350.00
55305.00
55319.00
55380.00
55403.00
55351.00
55296.00
55318.00
55396.00
55427.00
55397.00
55373.00
55401.00
55510.00
55592.00
55613.00
55613.00
55659.00
55791.00
55895.00
55952.00
55965.00
56034.00
56157.00
56252.00
56288.00
56276.00
56287.00
56375.00
56423.00
56418.00
56354.00
56339.00
56359.00
56385.00
56336.00
56244.00
56178.00
56184.00
56197.00
56135.00
56050.00
55989.00
55983.00
56023.00
55984.00
55904.00
55850.00
55871.00
55905.00
55904.00
55836.00
55775.00
55791.00
55848.00
55841.00
55784.00
55753.00
55777.00
55834.00
55836.00
55790.00
55739.00
55760.00
55829.00
55835.00
55798.00
55753.00
55778.00
55836.00
55849.00
55817.00
55764.00
55775.00
55820.00
55862.00
55827.00
55776.00
55780.00
55828.00
55871.00
55837.00
55783.00
55780.00
55815.00
55880.00
55823.00
55785.00
55763.00
55820.00
55854.00
55830.00
55760.00
55759.00
55813.00
55857.00
55831.00
55775.00
55750.00
55801.00
55842.00
55823.00
55776.00
55745.00
55790.00
55848.00
55837.00
55787.00
55752.00
55788.00
55843.00
55821.00
55784.00
55741.00
55775.00
55826.00
55823.00
55775.00
55730.00
55753.00
55814.00
55824.00
55759.00
55720.00
55740.00
55801.00
55800.00
55764.00
55708.00
55733.00
55782.00
55798.00
55731.00
55691.00
55699.00
55754.00
55784.00
55742.00
55674.00
55685.00
55736.00
55752.00
55725.00
55659.00
55664.00
55731.00
55752.00
55708.00
55644.00
55640.00
55697.00
55726.00
55701.00
55640.00
55630.00
55668.00
55718.00
55692.00
55627.00
55611.00
55668.00
55713.00
55676.00
55627.00
55610.00
55651.00
55715.00
55694.00
55621.00
55615.00
55651.00
55708.00
55693.00
55636.00
55615.00
55648.00
55716.00
55685.00
55635.00
55611.00
55623.00
55696.00
55695.00
55650.00
55607.00
55626.00
55695.00
55692.00
55643.00
55601.00
55619.00
55675.00
55689.00
55649.00
55602.00
55608.00
55673.00
55681.00
55647.00
55584.00
55613.00
55671.00
55681.00
55647.00
55582.00
55598.00
55662.00
55693.00
55647.00
55598.00
55604.00
55647.00
55680.00
55632.00
55601.00
55588.00
55645.00
55678.00
55637.00
55589.00
55588.00
55642.00
55681.00
55653.00
55586.00
55591.00
55635.00
55690.00
55662.00
55606.00
55590.00
55624.00
55679.00
55669.00
55600.00
55581.00
55621.00
55686.00
55667.00
55601.00
55576.00
55618.00
55677.00
55657.00
55607.00
55588.00
55604.00
55677.00
55665.00
55612.00
55589.00
55615.00
55664.00
55667.00
55613.00
55575.00
55593.00
55651.00
55658.00
55626.00
55584.00
55599.00
55661.00
55670.00
55622.00
55573.00
55598.00
55654.00
55683.00
55631.00
55581.00
55591.00
55633.00
55670.00
55636.00
55585.00
55588.00
55646.00
55673.00
55640.00
55587.00
55587.00
55640.00
55679.00
55652.00
55587.00
55581.00
55627.00
55670.00
55645.00
55588.00
55575.00
55618.00
55675.00
55655.00
55593.00
55586.00
55620.00
55675.00
55651.00
55593.00
55585.00
55607.00
55672.00
55648.00
55592.00
55580.00
55612.00
55667.00
55646.00
55588.00
55566.00
55591.00
55656.00
55649.00
55593.00
55559.00
55592.00
55642.00
55647.00
55593.00
55552.00
55577.00
55647.00
55651.00
55605.00
55562.00
55584.00
55638.00
55648.00
55612.00
55559.00
55577.00
55635.00
55656.00
55604.00
55555.00
55570.00
55635.00
55646.00
55617.00
55558.00
55572.00
55635.00
55659.00
55618.00
55573.00
55577.00
55624.00
55666.00
55619.00
55551.00
55555.00
55612.00
55656.00
55633.00
55573.00
55561.00
55599.00
55656.00
55620.00
55567.00
55554.00
55606.00
55646.00
55626.00
55574.00
55550.00
55600.00
55654.00
55634.00
55582.00
55556.00
55595.00
55649.00
55627.00
55591.00
55553.00
55580.00
55643.00
55647.00
55582.00
55555.00
55583.00
55649.00
55633.00
55583.00
55569.00
55596.00
55648.00
55643.00
55601.00
55564.00
55579.00
55653.00
55653.00
55606.00
55551.00
55587.00
55643.00
55646.00
55619.00
55567.00
55578.00
55632.00
55656.00
55614.00
55559.00
55573.00
55625.00
55660.00
55629.00
55558.00
55571.00
55616.00
55669.00
55625.00
55568.00
55562.00
55616.00
55662.00
55620.00
55577.00
55572.00
55617.00
55661.00
55630.00
55568.00
55563.00
55608.00
55654.00
55625.00
55575.00
55557.00
55601.00
55657.00
55638.00
55579.00
55559.00
55607.00
55656.00
55637.00
55596.00
55562.00
55598.00
55651.00
55634.00
55602.00
55559.00
55598.00
55659.00
55648.00
55589.00
55565.00
55578.00
55642.00
55650.00
55592.00
55550.00
55577.00
55631.00
55649.00
55594.00
55557.00
55570.00
55630.00
55654.00
55605.00
55549.00
55586.00
55636.00
55647.00
55605.00
55557.00
55570.00
55625.00
55648.00
55608.00
55564.00
55569.00
55619.00
55661.00
55613.00
55560.00
55568.00
55620.00
55657.00
55618.00
55573.00
55563.00
55620.00
55658.00
55625.00
55569.00
55563.00
55607.00
55651.00
55623.00
55569.00
55546.00
55577.00
55614.00
55574.00
55494.00
55458.00
55458.00
55487.00
55453.00
55351.00
55287.00
55271.00
55284.00
55221.00
55115.00
55037.00
55032.00
55044.00
54990.00
54888.00
54810.00
54796.00
54825.00
54790.00
54697.00
54616.00
54606.00
54652.00
54616.00
54546.00
54478.00
54484.00
54531.00
54531.00
54478.00
54400.00
54415.00
54481.00
54504.00
54434.00
54378.00
54392.00
54461.00
54485.00
54443.00
54367.00
54382.00
54443.00
54486.00
54453.00
54389.00
54380.00
54444.00
54491.00
54452.00
54409.00
54405.00
54458.00
54511.00
54487.00
54416.00
54412.00
54478.00
54524.00
54513.00
54452.00
54428.00
54488.00
54547.00
54534.00
54457.00
54434.00
54475.00
54545.00
54532.00
54473.00
54439.00
54472.00
54552.00
54524.00
54464.00
54425.00
54477.00
54547.00
54538.00
54472.00
54434.00
54469.00
54535.00
54538.00
54479.00
54431.00
54449.00
54539.00
54539.00
54484.00
54444.00
54459.00
54538.00
54557.00
54497.00
54458.00
54459.00
54544.00
54550.00
54505.00
54444.00
54447.00
54509.00
54541.00
54502.00
54441.00
54439.00
54528.00
54553.00
54512.00
54449.00
54455.00
54515.00
54560.00
54531.00
54464.00
54453.00
54515.00
54559.00
54528.00
54472.00
54454.00
54503.00
54563.00
54532.00
54477.00
54459.00
54512.00
54579.00
54552.00
54490.00
54463.00
54515.00
54576.00
54559.00
54506.00
54470.00
54509.00
54579.00
54564.00
54501.00
54484.00
54515.00
54597.00
54593.00
54537.00
54498.00
54539.00
54615.00
54606.00
54561.00
54515.00
54539.00
54611.00
54616.00
54562.00
54506.00
54531.00
54587.00
54612.00
54557.00
54516.00
54523.00
54585.00
54622.00
54579.00
54512.00
54531.00
54591.00
54626.00
54578.00
54518.00
54523.00
54591.00
54633.00
54593.00
54508.00
54512.00
54573.00
54616.00
54588.00
54529.00
54522.00
54563.00
54623.00
54593.00
54536.00
54504.00
54551.00
54626.00
54591.00
54523.00
54507.00
54538.00
54622.00
54596.00
54532.00
54498.00
54535.00
54603.00
54595.00
54530.00
54494.00
54528.00
54602.00
54583.00
54535.00
54496.00
54519.00
54606.00
54594.00
54545.00
54489.00
54515.00
54589.00
54609.00
54548.00
54490.00
54510.00
54579.00
54599.00
54547.00
54493.00
54516.00
54568.00
54596.00
54554.00
54495.00
54502.00
54554.00
54596.00
54557.00
54497.00
54506.00
54567.00
54594.00
54571.00
54505.00
54499.00
54549.00
54599.00
54563.00
54505.00
54497.00
54555.00
54604.00
54591.00
54516.00
54506.00
54549.00
54614.00
54585.00
54522.00
54493.00
54552.00
54603.00
54593.00
54537.00
54502.00
54544.00
54611.00
54603.00
54541.00
54515.00
54564.00
54628.00
54636.00
54573.00
54550.00
54571.00
54650.00
54655.00
54600.00
54558.00
54580.00
54663.00
54676.00
54628.00
54570.00
54597.00
54672.00
54691.00
54641.00
54585.00
54622.00
54686.00
54697.00
54670.00
54603.00
54618.00
54688.00
54722.00
54673.00
54620.00
54623.00
54685.00
54737.00
54700.00
54621.00
54630.00
54680.00
54731.00
54696.00
54643.00
54615.00
54678.00
54725.00
54696.00
54636.00
54625.00
54675.00
54756.00
54716.00
54650.00
54638.00
54672.00
54751.00
54725.00
54670.00
54631.00
54672.00
54748.00
54739.00
54665.00
54634.00
54666.00
54736.00
54730.00
54677.00
54627.00
54644.00
54719.00
54731.00
54682.00
54628.00
54645.00
54732.00
54729.00
54688.00
54631.00
54656.00
54716.00
54733.00
54683.00
54623.00
54637.00
54697.00
54727.00
54691.00
54614.00
54635.00
54687.00
54725.00
54683.00
54627.00
54615.00
54682.00
54720.00
54680.00
54618.00
54610.00
54680.00
54723.00
54690.00
54616.00
54598.00
54656.00
54714.00
54689.00
54617.00
54589.00
54638.00
54715.00
54697.00
54623.00
54600.00
54645.00
54703.00
54674.00
54635.00
54588.00
54632.00
54699.00
54697.00
54635.00
54594.00
54630.00
54703.00
54702.00
54654.00
54592.00
54626.00
54690.00
54706.00
54640.00
54593.00
54622.00
54689.00
54705.00
54648.00
54598.00
54612.00
54671.00
54703.00
54659.00
54593.00
54608.00
54671.00
54701.00
54656.00
54582.00
54604.00
54665.00
54712.00
54647.00
54599.00
54591.00
54636.00
54706.00
54656.00
54595.00
54588.00
54648.00
54705.00
54665.00
54599.00
54598.00
54637.00
54706.00
54675.00
54610.00
54593.00
54627.00
54706.00
54672.00
54610.00
54587.00
54628.00
54695.00
54678.00
54621.00
54584.00
54619.00
54681.00
54684.00
54629.00
54583.00
54612.00
54672.00
54687.00
54638.00
54581.00
54618.00
54693.00
54685.00
54638.00
54591.00
54603.00
54666.00
54699.00
54640.00
54581.00
54599.00
54664.00
54698.00
54647.00
54584.00
54592.00
54658.00
54706.00
54667.00
54597.00
54601.00
54651.00
54705.00
54665.00
54592.00
54596.00
54642.00
54694.00
54674.00
54602.00
54578.00
54633.00
54677.00
54653.00
54565.00
54534.00
54560.00
54601.00
54548.00
54444.00
54378.00
54365.00
54361.00
54287.00
54123.00
54007.00
53949.00
53909.00
53798.00
53632.00
53478.00
53389.00
53387.00
53291.00
53150.00
53007.00
52954.00
52949.00
52881.00
52761.00
52632.00
52588.00
52610.00
52571.00
52475.00
52386.00
52357.00
52402.00
52401.00
52309.00
52210.00
52191.00
52241.00
52239.00
52183.00
52087.00
52056.00
52113.00
52137.00
52081.00
52000.00
51971.00
52013.00
52059.00
52017.00
51934.00
51902.00
51960.00
52014.00
51965.00
51886.00
51862.00
51899.00
51972.00
51933.00
51857.00
51823.00
51863.00
51922.00
51896.00
51827.00
51770.00
51815.00
51869.00
51862.00
51773.00
51729.00
51750.00
51827.00
51812.00
51750.00
51704.00
51716.00
51797.00
51786.00
51726.00
51683.00
51699.00
51750.00
51769.00
51724.00
51661.00
51686.00
51746.00
51781.00
51721.00
51645.00
51652.00
51728.00
51758.00
51709.00
51635.00
51635.00
51710.00
51746.00
51678.00
51622.00
51620.00
51685.00
51730.00
51694.00
51627.00
51616.00
51659.00
51738.00
51694.00
51617.00
51606.00
51641.00
51711.00
51686.00
51617.00
51586.00
51624.00
51689.00
51662.00
51598.00
51574.00
51606.00
51684.00
51671.00
51602.00
51557.00
51583.00
51677.00
51652.00
51600.00
51548.00
51573.00
51652.00
51656.00
51600.00
51542.00
51564.00
51645.00
51647.00
51586.00
51521.00
51537.00
51611.00
51618.00
51581.00
51487.00
51502.00
51576.00
51603.00
51546.00
51477.00
51482.00
51529.00
51573.00
51519.00
51433.00
51439.00
51481.00
51546.00
51505.00
51432.00
51420.00
51481.00
51535.00
51488.00
51422.00
51408.00
51463.00
51532.00
51502.00
51428.00
51401.00
51456.00
51522.00
51510.00
51442.00
51394.00
51460.00
51526.00
51510.00
51441.00
51409.00
51447.00
51521.00
51514.00
51456.00
51409.00
51438.00
51513.00
51516.00
51450.00
51409.00
51433.00
51510.00
51525.00
51464.00
51402.00
51419.00
51506.00
51524.00
51463.00
51418.00
51409.00
51483.00
51523.00
51473.00
51400.00
51403.00
51485.00
51514.00
51474.00
51402.00
51402.00
51465.00
51519.00
51475.00
51413.00
51403.00
51457.00
51503.00
51470.00
51411.00
51388.00
51453.00
51509.00
51478.00
51425.00
51391.00
51443.00
51520.00
51482.00
51420.00
51387.00
51423.00
51508.00
51485.00
51423.00
51392.00
51406.00
51482.00
51495.00
51429.00
51384.00
51418.00
51495.00
51498.00
51441.00
51390.00
51408.00
51485.00
51497.00
51429.00
51375.00
51390.00
51477.00
51484.00
51444.00
51377.00
51397.00
51457.00
51507.00
51449.00
51385.00
51378.00
51452.00
51495.00
51437.00
51371.00
51362.00
51433.00
51484.00
51434.00
51379.00
51368.00
51415.00
51477.00
51446.00
51374.00
51355.00
51411.00
51485.00
51432.00
51356.00
51342.00
51390.00
51451.00
51426.00
51353.00
51334.00
51375.00
51450.00
51432.00
51367.00
51322.00
51373.00
51443.00
51427.00
51357.00
51322.00
51356.00
51438.00
51428.00
51368.00
51318.00
51356.00
51435.00
51437.00
51382.00
51334.00
51340.00
51416.00
51432.00
51373.00
51315.00
51337.00
51404.00
51429.00
51392.00
51322.00
51335.00
51404.00
51436.00
51391.00
51329.00
51327.00
51391.00
51439.00
51399.00
51331.00
51323.00
51374.00
51437.00
51406.00
51326.00
51327.00
51368.00
51432.00
51384.00
51334.00
51315.00
51341.00
51429.00
51394.00
51342.00
51302.00
51359.00
51419.00
51410.00
51338.00
51302.00
51347.00
51418.00
51405.00
51351.00
51299.00
51338.00
51410.00
51415.00
51350.00
51309.00
51327.00
51406.00
51419.00
51364.00
51306.00
51328.00
51402.00
51408.00
51361.00
51289.00
51327.00
51396.00
51412.00
51358.00
51311.00
51319.00
51391.00
51414.00
51378.00
51304.00
51307.00
51380.00
51426.00
51377.00
51301.00
51296.00
51362.00
51424.00
51391.00
51315.00
51305.00
51343.00
51416.00
51387.00
51306.00
51300.00
51348.00
51404.00
51378.00
51309.00
51288.00
51318.00
51411.00
51380.00
51310.00
51269.00
51322.00
51390.00
51394.00
51326.00
51286.00
51345.00
51399.00
51398.00
51332.00
51278.00
51315.00
51386.00
51408.00
51334.00
51290.00
51301.00
51377.00
51400.00
51346.00
51288.00
51306.00
51392.00
51410.00
51350.00
51272.00
51312.00
51374.00
51396.00
51360.00
51281.00
51275.00
51352.00
51402.00
51353.00
51284.00
51260.00
51326.00
51369.00
51303.00
51216.00
51174.00
51189.00
51201.00
51089.00
50940.00
50805.00
50748.00
50683.00
50570.00
50388.00
50269.00
50225.00
50207.00
50131.00
49998.00
49910.00
49901.00
49953.00
49906.00
49825.00
49774.00
49792.00
49852.00
49860.00
49793.00
49758.00
49781.00
49884.00
49886.00
49832.00
49785.00
49816.00
49876.00
49897.00
49824.00
49770.00
49748.00
49790.00
49792.00
49707.00
49600.00
49560.00
49569.00
49566.00
49492.00
49366.00
49303.00
49304.00
49286.00
49179.00
49053.00
48984.00
48992.00
48985.00
48885.00
48771.00
48711.00
48707.00
48688.00
48616.00
48502.00
48431.00
48436.00
48423.00
48369.00
48254.00
48198.00
48172.00
48201.00
48127.00
48014.00
47944.00
47916.00
47921.00
47874.00
47753.00
47675.00
47654.00
47689.00
47618.00
47529.00
47416.00
47427.00
47425.00
47399.00
47289.00
47206.00
47173.00
47209.00
47170.00
47067.00
46982.00
46950.00
46972.00
46950.00
46869.00
46760.00
46732.00
46754.00
46736.00
46645.00
46534.00
46517.00
46531.00
46532.00
46478.00
46363.00
46320.00
46346.00
46372.00
46283.00
46194.00
46154.00
46177.00
46217.00
46165.00
46069.00
46057.00
46098.00
46135.00
46102.00
46016.00
45994.00
46026.00
46084.00
46045.00
45975.00
45958.00
45983.00
46052.00
46035.00
45982.00
45957.00
45994.00
46069.00
46052.00
46013.00
45960.00
45971.00
46044.00
46048.00
45972.00
45943.00
45954.00
46010.00
46010.00
45941.00
45911.00
45929.00
45961.00
45978.00
45935.00
45870.00
45873.00
45931.00
45959.00
45895.00
45847.00
45848.00
45884.00
45914.00
45869.00
45811.00
45788.00
45824.00
45877.00
45836.00
45765.00
45762.00
45811.00
45845.00
45793.00
45725.00
45714.00
45763.00
45803.00
45781.00
45711.00
45675.00
45710.00
45750.00
45735.00
45684.00
45649.00
45676.00
45724.00
45711.00
45657.00
45624.00
45639.00
45692.00
45687.00
45613.00
45556.00
45598.00
45645.00
45638.00
45574.00
45534.00
45552.00
45602.00
45602.00
45564.00
45511.00
45533.00
45592.00
45592.00
45546.00
45497.00
45496.00
45568.00
45574.00
45535.00
45473.00
45486.00
45560.00
45589.00
45537.00
45485.00
45477.00
45526.00
45564.00
45520.00
45480.00
45433.00
45499.00
45542.00
45505.00
45455.00
45431.00
45481.00
45523.00
45503.00
45419.00
45404.00
45453.00
45503.00
45481.00
45422.00
45388.00
45412.00
45479.00
45464.00
45420.00
45397.00
45410.00
45466.00
45467.00
45411.00
45365.00
45395.00
45449.00
45458.00
45399.00
45370.00
45383.00
45453.00
45441.00
45406.00
45365.00
45377.00
45434.00
45446.00
45404.00
45361.00
45362.00
45416.00
45436.00
45407.00
45343.00
45343.00
45421.00
45428.00
45408.00
45355.00
45353.00
45405.00
45438.00
45409.00
45330.00
45333.00
45372.00
45425.00
45386.00
45335.00
45322.00
45356.00
45419.00
45383.00
45325.00
45326.00
45349.00
45395.00
45389.00
45318.00
45301.00
45349.00
45386.00
45371.00
45320.00
45291.00
45325.00
45374.00
45378.00
45319.00
45285.00
45317.00
45380.00
45385.00
45313.00
45289.00
45303.00
45369.00
45354.00
45316.00
45270.00
45298.00
45347.00
45362.00
45326.00
45254.00
45271.00
45325.00
45342.00
45314.00
45243.00
45258.00
45311.00
45327.00
45288.00
45251.00
45256.00
45301.00
45322.00
45295.00
45249.00
45239.00
45261.00
45316.00
45300.00
45239.00
45206.00
45262.00
45309.00
45286.00
45212.00
45210.00
45247.00
45296.00
45259.00
45217.00
45186.00
45232.00
45282.00
45267.00
45214.00
45182.00
45227.00
45272.00
45262.00
45218.00
45174.00
45201.00
45269.00
45262.00
45216.00
45177.00
45204.00
45259.00
45266.00
45210.00
45164.00
45188.00
45253.00
45271.00
45221.00
45163.00
45173.00
45237.00
45257.00
45211.00
45160.00
45170.00
45246.00
45255.00
45222.00
45164.00
45170.00
45219.00
45245.00
45222.00
45149.00
45148.00
45209.00
45245.00
45214.00
45167.00
45155.00
45190.00
45235.00
45220.00
45156.00
45130.00
45181.00
45229.00
45209.00
45148.00
45129.00
45163.00
45220.00
45213.00
45148.00
45131.00
45171.00
45213.00
45195.00
45134.00
45110.00
45137.00
45202.00
45189.00
45146.00
45098.00
45121.00
45189.00
45186.00
45147.00
45086.00
45120.00
45162.00
45179.00
45134.00
45075.00
45102.00
45177.00
45193.00
45146.00
45069.00
45115.00
45168.00
45188.00
45152.00
45097.00
45105.00
45160.00
45180.00
45158.00
45100.00
45103.00
45152.00
45188.00
45159.00
45097.00
45085.00
45134.00
45180.00
45144.00
45075.00
45069.00
45127.00
45164.00
45137.00
45072.00
45054.00
45090.00
45143.00
45112.00
45075.00
45056.00
45087.00
45144.00
45138.00
45081.00
45045.00
45092.00
45153.00
45140.00
45088.00
45042.00
45088.00
45133.00
45123.00
45082.00
45026.00
45068.00
45133.00
45132.00
45089.00
45034.00
45060.00
45115.00
45135.00
45065.00
45028.00
45055.00
45117.00
45129.00
