18190.00
18166.00
18161.00
18184.00
18201.00
18178.00
18141.00
18142.00
18183.00
18195.00
18200.00
18176.00
18155.00
18196.00
18206.00
18184.00
18152.00
18143.00
18172.00
18200.00
18175.00
18149.00
18157.00
18182.00
18204.00
18190.00
18149.00
18155.00
18182.00
18187.00
18202.00
18164.00
18158.00
18180.00
18218.00
18200.00
18169.00
18166.00
18188.00
18201.00
18205.00
18154.00
18170.00
18185.00
18215.00
18200.00
18179.00
18159.00
18174.00
18206.00
18214.00
18168.00
18162.00
18171.00
18208.00
18225.00
18184.00
18165.00
18192.00
18206.00
18210.00
18188.00
18171.00
18186.00
18210.00
18218.00
18201.00
18173.00
18197.00
18210.00
18217.00
18188.00
18178.00
18190.00
18210.00
18236.00
18223.00
18181.00
18194.00
18209.00
18227.00
18198.00
18178.00
18184.00
18229.00
18230.00
18208.00
18195.00
18203.00
18219.00
18226.00
18209.00
18178.00
18187.00
18204.00
18219.00
18210.00
18177.00
18181.00
18200.00
18216.00
18202.00
18173.00
18168.00
18192.00
18216.00
18202.00
18175.00
18178.00
18193.00
18225.00
18200.00
18165.00
18195.00
18180.00
18224.00
18194.00
18169.00
18165.00
18206.00
18232.00
18218.00
18185.00
18180.00
18202.00
18205.00
18200.00
18167.00
18152.00
18191.00
18212.00
18195.00
18173.00
18158.00
18175.00
18187.00
18203.00
18181.00
18138.00
18171.00
18227.00
18194.00
18163.00
18147.00
18183.00
18193.00
18201.00
18175.00
18132.00
18176.00
18202.00
18201.00
18176.00
18166.00
18177.00
18192.00
18200.00
18178.00
18150.00
18166.00
18204.00
18204.00
18191.00
18181.00
18178.00
18217.00
18207.00
18194.00
18161.00
18171.00
18198.00
18209.00
18197.00
18153.00
18173.00
18193.00
18193.00
18196.00
18167.00
18179.00
18188.00
18202.00
18186.00
18162.00
18156.00
18215.00
18225.00
18184.00
18171.00
18165.00
18199.00
18211.00
18181.00
18167.00
18174.00
18205.00
18212.00
18192.00
18170.00
18177.00
18185.00
18212.00
18196.00
18164.00
18178.00
18208.00
18227.00
18220.00
18177.00
18172.00
18190.00
18225.00
18198.00
18170.00
18174.00
18204.00
18204.00
18191.00
18180.00
18179.00
18192.00
18233.00
18218.00
18192.00
18162.00
18195.00
18219.00
18225.00
18182.00
18184.00
18196.00
18242.00
18208.00
18171.00
18186.00
18198.00
18227.00
18217.00
18202.00
18185.00
18192.00
18227.00
18209.00
18185.00
18182.00
18219.00
18228.00
18238.00
18205.00
18201.00
18209.00
18229.00
18233.00
18203.00
18180.00
18197.00
18212.00
18217.00
18195.00
18194.00
18196.00
18228.00
18236.00
18206.00
18183.00
18181.00
18213.00
18228.00
18191.00
18180.00
18198.00
18231.00
18242.00
18219.00
18179.00
18170.00
18207.00
18215.00
18209.00
18178.00
18184.00
18213.00
18225.00
18211.00
18171.00
18160.00
18201.00
18214.00
18203.00
18176.00
18176.00
18204.00
18225.00
18220.00
18174.00
18186.00
18194.00
18205.00
18190.00
18169.00
18171.00
18199.00
18222.00
18214.00
18178.00
18160.00
18189.00
18209.00
18184.00
18153.00
18152.00
18194.00
18195.00
18191.00
18164.00
18161.00
18170.00
18181.00
18201.00
18169.00
18153.00
18186.00
18216.00
18202.00
18175.00
18150.00
18176.00
18202.00
18196.00
18161.00
18167.00
18175.00
18214.00
18213.00
18167.00
18157.00
18159.00
18200.00
18200.00
18187.00
18144.00
18173.00
18186.00
18213.00
18175.00
18169.00
18182.00
18216.00
18207.00
18193.00
18161.00
18174.00
18201.00
18205.00
18206.00
18169.00
18184.00
18201.00
18232.00
18190.00
18181.00
18168.00
18217.00
18209.00
18208.00
18174.00
18194.00
18222.00
18233.00
18215.00
18167.00
18181.00
18192.00
18222.00
18209.00
18192.00
18197.00
18215.00
18233.00
18213.00
18200.00
18193.00
18205.00
18235.00
18212.00
18197.00
18181.00
18192.00
18206.00
18196.00
18169.00
18172.00
18198.00
18211.00
18210.00
18174.00
18173.00
18195.00
18225.00
18210.00
18179.00
18181.00
18209.00
18219.00
18226.00
18201.00
18175.00
18211.00
18232.00
18238.00
18217.00
18207.00
18216.00
18251.00
18247.00
18202.00
18197.00
18213.00
18239.00
18226.00
18219.00
18187.00
18192.00
18231.00
18223.00
18215.00
18203.00
18209.00
18228.00
18240.00
18211.00
18179.00
18187.00
18209.00
18226.00
18232.00
18189.00
18204.00
18242.00
18239.00
18222.00
18175.00
18220.00
18233.00
18239.00
18228.00
18196.00
18179.00
18222.00
18225.00
18213.00
18188.00
18199.00
18241.00
18257.00
18236.00
18201.00
18214.00
18228.00
18245.00
18229.00
18188.00
18185.00
18204.00
18246.00
18234.00
18201.00
18183.00
18202.00
18227.00
18216.00
18185.00
18182.00
18199.00
18241.00
18233.00
18205.00
18196.00
18206.00
18254.00
18233.00
18215.00
18185.00
18197.00
18234.00
18235.00
18216.00
18187.00
18215.00
18243.00
18244.00
18205.00
18198.00
18219.00
18246.00
18250.00
18229.00
18207.00
18218.00
18253.00
18210.00
18179.00
18154.00
18175.00
18202.00
18203.00
18212.00
18190.00
18212.00
18239.00
18245.00
18228.00
18201.00
18191.00
18209.00
18229.00
18202.00
18190.00
18183.00
18236.00
18225.00
18216.00
18187.00
18184.00
18214.00
18211.00
18200.00
18162.00
18180.00
18205.00
18216.00
18204.00
18187.00
18181.00
18203.00
18208.00
18193.00
18162.00
18160.00
18188.00
18242.00
18220.00
18177.00
18173.00
18197.00
18213.00
18212.00
18180.00
18176.00
18186.00
18215.00
18196.00
18159.00
18174.00
18196.00
18189.00
18202.00
18170.00
18156.00
18176.00
18196.00
18178.00
18169.00
18146.00
18166.00
18202.00
18221.00
18180.00
18153.00
18168.00
18208.00
18220.00
18202.00
18189.00
18202.00
18220.00
18217.00
18182.00
18167.00
18178.00
18200.00
18210.00
18191.00
18163.00
18183.00
18224.00
18204.00
18192.00
18172.00
18165.00
18191.00
18194.00
18181.00
18162.00
18186.00
18217.00
18229.00
18212.00
18190.00
18191.00
18216.00
18226.00
18221.00
18185.00
18203.00
18233.00
18230.00
18215.00
18173.00
18185.00
18224.00
18232.00
18198.00
18184.00
18174.00
18223.00
18234.00
18225.00
18186.00
18185.00
18215.00
18230.00
18212.00
18176.00
18183.00
18198.00
18220.00
18222.00
18200.00
18189.00
18218.00
18240.00
18227.00
18206.00
18182.00
18184.00
18214.00
18211.00
18214.00
18184.00
18197.00
18223.00
18218.00
18178.00
18184.00
18190.00
18219.00
18222.00
18205.00
18184.00
18188.00
18220.00
18222.00
18201.00
18167.00
18188.00
18211.00
18221.00
18186.00
18158.00
18196.00
18221.00
18214.00
18176.00
18166.00
18149.00
18202.00
18217.00
18194.00
18172.00
18191.00
18220.00
18218.00
18201.00
18183.00
18186.00
18205.00
18234.00
18210.00
18186.00
18191.00
18225.00
18233.00
18228.00
18200.00
18213.00
18211.00
18230.00
18212.00
18170.00
18189.00
18224.00
18223.00
18211.00
18178.00
18194.00
18205.00
18219.00
18200.00
18171.00
18172.00
18201.00
18234.00
18211.00
18182.00
18188.00
18213.00
18231.00
18220.00
18183.00
18213.00
18207.00
18234.00
18244.00
18200.00
18189.00
18220.00
18228.00
18219.00
18194.00
18172.00
18200.00
18232.00
18225.00
18196.00
18201.00
18228.00
18240.00
18233.00
18209.00
18191.00
18204.00
18238.00
18239.00
18204.00
18220.00
18214.00
18249.00
18251.00
18211.00
18204.00
18221.00
18227.00
18234.00
18209.00
18194.00
18199.00
18229.00
18241.00
18195.00
18170.00
18162.00
18207.00
18251.00
18209.00
18186.00
18199.00
18235.00
18243.00
18200.00
18182.00
18183.00
18227.00
18225.00
18197.00
18176.00
18199.00
18221.00
18234.00
18228.00
18179.00
18191.00
18213.00
18225.00
18217.00
18183.00
18193.00
18234.00
18230.00
18211.00
18188.00
18202.00
18218.00
18243.00
18229.00
18197.00
18209.00
18230.00
18238.00
18243.00
18196.00
18205.00
18229.00
18228.00
18220.00
18192.00
18198.00
18229.00
18236.00
18248.00
18185.00
18196.00
18221.00
18236.00
18224.00
18188.00
18191.00
18207.00
18239.00
18220.00
18196.00
18184.00
18221.00
18249.00
18246.00
18197.00
18190.00
18207.00
18229.00
18226.00
18198.00
18195.00
18186.00
18229.00
18227.00
18186.00
18167.00
18181.00
18238.00
18224.00
18200.00
18198.00
18207.00
18236.00
18239.00
18198.00
18181.00
18188.00
18216.00
18233.00
18207.00
18182.00
18197.00
18234.00
18225.00
18196.00
18174.00
18184.00
18227.00
18214.00
18198.00
18177.00
18197.00
18222.00
18240.00
18213.00
18176.00
18192.00
18210.00
18236.00
18202.00
18175.00
18177.00
18206.00
18240.00
18201.00
18172.00
18174.00
18189.00
18222.00
18214.00
18179.00
18183.00
18215.00
18229.00
18219.00
18175.00
18188.00
18206.00
18237.00
18205.00
18189.00
18185.00
18206.00
18240.00
18217.00
18197.00
18185.00
18200.00
18220.00
18226.00
18199.00
18184.00
18188.00
18238.00
18244.00
18222.00
18188.00
18212.00
18232.00
18236.00
18233.00
18195.00
18218.00
18261.00
18250.00
18222.00
18220.00
18228.00
18240.00
18243.00
18204.00
18189.00
18202.00
18241.00
18228.00
18213.00
18177.00
18189.00
18235.00
18213.00
18216.00
18202.00
18210.00
18257.00
18249.00
18236.00
18223.00
18239.00
18256.00
18256.00
18235.00
18204.00
18203.00
18258.00
18234.00
18221.00
18189.00
18216.00
18258.00
18265.00
18237.00
18206.00
18214.00
18225.00
18233.00
18237.00
18192.00
18215.00
18231.00
18235.00
18223.00
18211.00
18192.00
18248.00
18244.00
18215.00
18179.00
18201.00
18233.00
18244.00
18248.00
18196.00
18203.00
18219.00
18264.00
18237.00
18208.00
18219.00
18231.00
18247.00
18254.00
18230.00
18228.00
18219.00
18258.00
18246.00
18207.00
18211.00
18229.00
18259.00
18255.00
18227.00
18222.00
18251.00
18263.00
18256.00
18219.00
18207.00
18231.00
18256.00
18272.00
18239.00
18234.00
18222.00
18262.00
18259.00
18231.00
18202.00
18206.00
18243.00
18256.00
18242.00
18205.00
18207.00
18245.00
18259.00
18224.00
18194.00
18207.00
18236.00
18247.00
18231.00
18210.00
18214.00
18241.00
18264.00
18218.00
18212.00
18192.00
18235.00
18233.00
18210.00
18186.00
18203.00
18234.00
18249.00
18239.00
18196.00
18199.00
18228.00
18247.00
18238.00
18199.00
18217.00
18244.00
18268.00
18244.00
18204.00
18207.00
18230.00
18242.00
18240.00
18196.00
18185.00
18216.00
18245.00
18233.00
18219.00
18196.00
18211.00
18242.00
18231.00
18188.00
18183.00
18238.00
18245.00
18259.00
18220.00
18212.00
18207.00
18258.00
18234.00
18223.00
18207.00
18229.00
18257.00
18259.00
18239.00
18212.00
18241.00
18261.00
18262.00
18248.00
18212.00
18238.00
18263.00
18263.00
18247.00
18248.00
18241.00
18272.00
18271.00
18253.00
18220.00
18236.00
18250.00
18264.00
18246.00
18224.00
18237.00
18260.00
18268.00
18247.00
18222.00
18225.00
18253.00
18243.00
18244.00
18219.00
18236.00
18268.00
18273.00
18253.00
18233.00
18249.00
18266.00
18268.00
18256.00
18221.00
18235.00
18246.00
18276.00
18262.00
18239.00
18233.00
18262.00
18280.00
18265.00
18236.00
18244.00
18259.00
18282.00
18281.00
18247.00
18225.00
18242.00
18293.00
18265.00
18227.00
18226.00
18251.00
18280.00
18261.00
18230.00
18227.00
18238.00
18260.00
18245.00
18221.00
18202.00
18231.00
18255.00
18257.00
18223.00
18225.00
18227.00
18248.00
18245.00
18226.00
18208.00
18233.00
18247.00
18259.00
18238.00
18217.00
18211.00
18236.00
18240.00
18211.00
18194.00
18205.00
18244.00
18234.00
18232.00
18211.00
18232.00
18260.00
18250.00
18238.00
18201.00
18211.00
18243.00
18257.00
18229.00
18213.00
18229.00
18245.00
18288.00
18246.00
18222.00
18224.00
18258.00
18274.00
18244.00
18211.00
18219.00
18257.00
18264.00
18242.00
18220.00
18234.00
18258.00
18278.00
18251.00
18232.00
18239.00
18278.00
18285.00
18267.00
18220.00
18217.00
18241.00
18269.00
18261.00
18244.00
18229.00
18247.00
18268.00
18265.00
18232.00
18220.00
18250.00
18255.00
18256.00
18219.00
18218.00
18239.00
18253.00
18248.00
18244.00
18234.00
18227.00
18269.00
18266.00
18238.00
18219.00
18248.00
18265.00
18276.00
18252.00
18234.00
18262.00
18288.00
18288.00
18273.00
18243.00
18248.00
18280.00
18274.00
18269.00
18242.00
18249.00
18257.00
18260.00
18240.00
18217.00
18223.00
18254.00
18265.00
18237.00
18237.00
18251.00
18255.00
18273.00
18250.00
18220.00
18230.00
18234.00
18265.00
18250.00
18235.00
18236.00
18256.00
18287.00
18254.00
18226.00
18262.00
18258.00
18271.00
18254.00
18227.00
18231.00
18272.00
18290.00
18256.00
18257.00
18237.00
18269.00
18260.00
18254.00
18205.00
18235.00
18250.00
18282.00
18263.00
18229.00
18217.00
18225.00
18276.00
18260.00
18230.00
18212.00
18258.00
18260.00
18268.00
18246.00
18232.00
18247.00
18258.00
18266.00
18229.00
18215.00
18249.00
18268.00
18267.00
18232.00
18216.00
18247.00
18261.00
18269.00
18236.00
18207.00
18220.00
18249.00
18255.00
18248.00
18200.00
18237.00
18257.00
18265.00
18241.00
18212.00
18206.00
18262.00
18247.00
18264.00
18230.00
18241.00
18267.00
18258.00
18237.00
18220.00
18234.00
18268.00
18260.00
18241.00
18218.00
18218.00
18257.00
18270.00
18239.00
18206.00
18204.00
18225.00
18232.00
18227.00
18204.00
18229.00
18240.00
18247.00
18253.00
18229.00
18219.00
18269.00
18269.00
18240.00
18214.00
18228.00
18234.00
18265.00
18260.00
18226.00
18216.00
18248.00
18258.00
18248.00
18223.00
18227.00
18230.00
18267.00
18239.00
18216.00
18216.00
18226.00
18250.00
18243.00
18205.00
18215.00
18213.00
18240.00
18244.00
18204.00
18201.00
18230.00
18253.00
18240.00
18206.00
18181.00
18199.00
18227.00
18227.00
18193.00
18171.00
18200.00
18225.00
18203.00
18183.00
18164.00
18181.00
18207.00
18200.00
18184.00
18180.00
18166.00
18209.00
18186.00
18166.00
18150.00
18170.00
18206.00
18198.00
18162.00
18163.00
18178.00
18211.00
18194.00
18178.00
18159.00
18182.00
18211.00
18223.00
18180.00
18168.00
18187.00
18219.00
18223.00
18193.00
18172.00
18178.00
18196.00
18218.00
18202.00
18175.00
18170.00
18211.00
18240.00
18231.00
18183.00
18195.00
18225.00
18244.00
18226.00
18212.00
18217.00
18244.00
18257.00
18256.00
18226.00
18237.00
18251.00
18304.00
18277.00
18256.00
18255.00
18309.00
18322.00
18314.00
18296.00
18292.00
18316.00
18341.00
18335.00
18316.00
18306.00
18345.00
18371.00
18353.00
18340.00
18356.00
18365.00
18388.00
18395.00
18370.00
18352.00
18392.00
18419.00
18389.00
18356.00
18366.00
18376.00
18404.00
18414.00
18380.00
18373.00
18391.00
18412.00
18428.00
18386.00
18388.00
18392.00
18414.00
18427.00
18378.00
18354.00
18388.00
18389.00
18414.00
18407.00
18356.00
18353.00
18374.00
18347.00
18341.00
18311.00
18304.00
18322.00
18308.00
18278.00
18229.00
18216.00
18213.00
18181.00
18130.00
18062.00
18018.00
18014.00
17977.00
17889.00
17834.00
17775.00
17745.00
17698.00
17600.00
17498.00
17413.00
17343.00
17268.00
17170.00
17046.00
16953.00
16883.00
16771.00
16607.00
16443.00
16301.00
16169.00
15997.00
15806.00
15567.00
15399.00
15214.00
15061.00
14847.00
14604.00
14438.00
14303.00
14135.00
13931.00
13720.00
13556.00
13433.00
13312.00
13167.00
12983.00
12842.00
12729.00
12624.00
12485.00
12329.00
12191.00
12080.00
11970.00
11816.00
11660.00
11530.00
11452.00
11383.00
11263.00
11127.00
11005.00
10930.00
10875.00
10801.00
10701.00
10604.00
10555.00
10499.00
10438.00
10350.00
10268.00
10233.00
10197.00
10143.00
10064.00
10011.00
9981.00
9973.00
9942.00
9884.00
9854.00
9856.00
9865.00
9840.00
9819.00
9791.00
9815.00
9847.00
9844.00
9812.00
9777.00
9801.00
9830.00
9823.00
9794.00
9768.00
9780.00
9801.00
9809.00
9775.00
9752.00
9771.00
9798.00
9794.00
9755.00
9750.00
9752.00
9778.00
9780.00
9754.00
9715.00
9743.00
9743.00
9765.00
9736.00
9711.00
9723.00
9771.00
9795.00
9790.00
9751.00
9784.00
9824.00
9883.00
9900.00
9909.00
9951.00
10040.00
10124.00
10166.00
10196.00
10260.00
10383.00
10492.00
10607.00
10690.00
10801.00
10946.00
11104.00
11233.00
11423.00
11604.00
11808.00
12026.00
12241.00
12417.00
12592.00
12769.00
12942.00
13102.00
13209.00
13335.00
13466.00
13639.00
13786.00
13937.00
14132.00
14339.00
14559.00
14712.00
14808.00
14927.00
15083.00
15271.00
15409.00
15545.00
15661.00
15783.00
15921.00
16028.00
16118.00
16187.00
16281.00
16369.00
16431.00
16433.00
16470.00
16526.00
16610.00
16679.00
16715.00
16756.00
16806.00
16869.00
16896.00
16922.00
16932.00
16976.00
17049.00
17112.00
17107.00
17133.00
17150.00
17195.00
17237.00
17236.00
17215.00
17254.00
17284.00
17323.00
17322.00
17326.00
17354.00
17395.00
17397.00
17405.00
17389.00
17391.00
17414.00
17443.00
17452.00
17440.00
17449.00
17463.00
17489.00
17487.00
17443.00
17473.00
17494.00
17511.00
17498.00
17478.00
17478.00
17508.00
17529.00
17515.00
17487.00
17488.00
17518.00
17534.00
17528.00
17511.00
17513.00
17539.00
17567.00
17562.00
17533.00
17525.00
17540.00
17565.00
17579.00
17547.00
17535.00
17554.00
17589.00
17600.00
17576.00
17551.00
17563.00
17594.00
17582.00
17550.00
17551.00
17565.00
17581.00
17590.00
17589.00
17562.00
17578.00
17605.00
17607.00
17582.00
17572.00
17583.00
17616.00
17600.00
17610.00
17565.00
17594.00
17620.00
17630.00
17618.00
17579.00
17574.00
17615.00
17643.00
17613.00
17592.00
17604.00
17638.00
17625.00
17606.00
17566.00
17595.00
17630.00
17634.00
17623.00
17603.00
17597.00
17650.00
17648.00
17646.00
17593.00
17606.00
17632.00
17645.00
17635.00
17613.00
17626.00
17645.00
17648.00
17638.00
17608.00
17632.00
17637.00
17657.00
17635.00
17621.00
17626.00
17643.00
17670.00
17672.00
17630.00
17640.00
17671.00
17686.00
17658.00
17633.00
17625.00
17672.00
17701.00
17691.00
17644.00
17643.00
17654.00
17698.00
17677.00
17642.00
17635.00
17670.00
17703.00
17709.00
17669.00
17663.00
17681.00
17712.00
17702.00
17670.00
17675.00
17699.00
17732.00
17702.00
17693.00
17689.00
17713.00
17727.00
17705.00
17676.00
17659.00
17685.00
17703.00
17715.00
17696.00
17679.00
17678.00
17708.00
17692.00
17667.00
17652.00
17671.00
17709.00
17705.00
17676.00
17673.00
17690.00
17703.00
17706.00
17690.00
17649.00
17665.00
17690.00
17677.00
17672.00
17662.00
17675.00
17709.00
17728.00
17708.00
17689.00
17690.00
17708.00
17714.00
17703.00
17669.00
17671.00
17708.00
17706.00
17700.00
17677.00
17695.00
17719.00
17738.00
17716.00
17691.00
17682.00
17717.00
17722.00
17709.00
17695.00
17695.00
17701.00
17732.00
17728.00
17686.00
17704.00
17713.00
17733.00
17713.00
17696.00
17688.00
17732.00
17753.00
17734.00
17696.00
17692.00
17706.00
17729.00
17713.00
17676.00
17689.00
17708.00
17749.00
17750.00
17703.00
17692.00
17699.00
17721.00
17718.00
17678.00
17663.00
17689.00
17717.00
17732.00
17690.00
17678.00
17723.00
17738.00
17731.00
17700.00
17670.00
17687.00
17711.00
17717.00
17671.00
17668.00
17670.00
17711.00
17703.00
17673.00
17660.00
17666.00
17692.00
17682.00
17663.00
17627.00
17613.00
17612.00
17604.00
17562.00
17507.00
17490.00
17483.00
17469.00
17410.00
17364.00
17329.00
17316.00
17276.00
17223.00
17148.00
17140.00
17140.00
17097.00
17043.00
16987.00
16961.00
16939.00
16907.00
16848.00
16754.00
16722.00
16680.00
16654.00
16608.00
16548.00
16500.00
16458.00
16439.00
16377.00
16296.00
16245.00
16228.00
16186.00
16140.00
16059.00
16036.00
16016.00
15976.00
15937.00
15861.00
15838.00
15821.00
15797.00
15735.00
15685.00
15663.00
15635.00
15620.00
15597.00
15527.00
15484.00
15486.00
15481.00
15457.00
15416.00
15379.00
15381.00
15409.00
15381.00
15365.00
15349.00
15358.00
15370.00
15353.00
15336.00
15312.00
15335.00
15353.00
15365.00
15330.00
15317.00
15334.00
15370.00
15364.00
15344.00
15332.00
15344.00
15379.00
15364.00
15361.00
15340.00
15341.00
15376.00
15378.00
15352.00
15319.00
15329.00
15366.00
15345.00
15338.00
15322.00
15332.00
15359.00
15376.00
15342.00
15312.00
15311.00
15354.00
15352.00
15311.00
15304.00
15301.00
15340.00
15334.00
15322.00
15292.00
15288.00
15326.00
15313.00
15325.00
15287.00
15304.00
15332.00
15336.00
15322.00
15295.00
15284.00
15329.00
15328.00
15317.00
15276.00
15283.00
15323.00
15339.00
15325.00
15289.00
15283.00
15296.00
15322.00
15313.00
15281.00
15282.00
15307.00
15316.00
15308.00
15285.00
15277.00
15288.00
15294.00
15299.00
15258.00
15260.00
15286.00
15283.00
15298.00
15262.00
15244.00
15263.00
15282.00
15286.00
15248.00
15235.00
15255.00
15288.00
15277.00
15261.00
15244.00
15264.00
15282.00
15273.00
15248.00
15214.00
15236.00
15251.00
15259.00
15241.00
15220.00
15236.00
15263.00
15260.00
15228.00
15205.00
15238.00
15247.00
15240.00
15228.00
15209.00
15214.00
15268.00
15265.00
15206.00
15223.00
15216.00
15247.00
15261.00
15243.00
15203.00
15217.00
15243.00
15249.00
15239.00
15213.00
15226.00
15234.00
15248.00
15226.00
15200.00
15197.00
15224.00
15248.00
15240.00
15213.00
15222.00
15242.00
15248.00
15235.00
15194.00
15201.00
15228.00
15245.00
15240.00
15204.00
15203.00
15232.00
15246.00
15237.00
15202.00
15203.00
15225.00
15263.00
15216.00
15209.00
15204.00
15229.00
15269.00
15232.00
15218.00
15192.00
15231.00
15241.00
15237.00
15217.00
15190.00
15218.00
15238.00
15229.00
15205.00
15178.00
15197.00
15227.00
15239.00
15223.00
15221.00
15228.00
15264.00
15268.00
15231.00
15201.00
15215.00
15233.00
15247.00
15233.00
15209.00
15229.00
15267.00
15261.00
15252.00
15218.00
15222.00
15233.00
15247.00
15221.00
15194.00
15196.00
15238.00
15251.00
15231.00
15195.00
15216.00
15240.00
15249.00
15230.00
15189.00
15203.00
15226.00
15240.00
15235.00
15211.00
15223.00
15243.00
15251.00
15223.00
15198.00
15189.00
15218.00
15234.00
15230.00
15199.00
15210.00
15244.00
15252.00
15225.00
15200.00
15193.00
15224.00
15241.00
15223.00
15202.00
15204.00
15226.00
15245.00
15246.00
15184.00
15190.00
15218.00
15248.00
15225.00
15179.00
15190.00
15202.00
15231.00
15243.00
15205.00
15195.00
15194.00
15231.00
15217.00
15199.00
15175.00
15229.00
15236.00
15239.00
15214.00
15174.00
15201.00
15221.00
15213.00
15188.00
15171.00
15200.00
15223.00
15234.00
15220.00
15186.00
15201.00
15212.00
15219.00
15189.00
15175.00
15170.00
15203.00
15214.00
15191.00
15173.00
15172.00
15204.00
15210.00
15199.00
15168.00
15158.00
15212.00
15216.00
15189.00
15162.00
15170.00
15182.00
15206.00
15184.00
15154.00
15157.00
15186.00
15215.00
15197.00
15176.00
15164.00
15188.00
15202.00
15179.00
15164.00
15147.00
15173.00
15203.00
15183.00
15156.00
15169.00
15191.00
15214.00
15208.00
15174.00
15163.00
15179.00
15209.00
15205.00
15178.00
15160.00
15198.00
15219.00
15220.00
15184.00
15174.00
15200.00
15216.00
15213.00
15177.00
15170.00
15193.00
15218.00
15216.00
15201.00
15174.00
15196.00
15215.00
15214.00
15202.00
15173.00
15201.00
15216.00
15231.00
15208.00
15178.00
15210.00
15240.00
15232.00
15197.00
15174.00
15184.00
15225.00
15240.00
15209.00
15203.00
15204.00
15222.00
15232.00
15207.00
15179.00
15163.00
15186.00
15183.00
15137.00
15072.00
15060.00
15082.00
15065.00
15029.00
14933.00
14894.00
14866.00
14822.00
14741.00
14660.00
14636.00
14612.00
14570.00
14522.00
14428.00
14389.00
14365.00
14342.00
14283.00
14210.00
14153.00
14134.00
14089.00
14038.00
13952.00
13898.00
13871.00
13825.00
13741.00
13653.00
13574.00
13546.00
13517.00
13443.00
13335.00
13269.00
13237.00
13176.00
13081.00
12970.00
12885.00
12830.00
12771.00
12695.00
12602.00
12507.00
12440.00
12397.00
12326.00
12203.00
12107.00
12033.00
12000.00
11923.00
11832.00
11734.00
11680.00
11636.00
11556.00
11459.00
11361.00
11302.00
11259.00
11212.00
11125.00
11044.00
11002.00
10974.00
10924.00
10830.00
10763.00
10706.00
10690.00
10630.00
10568.00
10496.00
10462.00
10449.00
10429.00
10366.00
10294.00
10272.00
10260.00
10237.00
10196.00
10130.00
10110.00
10113.00
10104.00
10084.00
10035.00
10036.00
10044.00
10044.00
9993.00
9951.00
9936.00
9966.00
9975.00
9936.00
9890.00
9885.00
9886.00
9903.00
9869.00
9838.00
9819.00
9839.00
9877.00
9848.00
9802.00
9781.00
9803.00
9817.00
9818.00
9761.00
9754.00
9781.00
9797.00
9794.00
9760.00
9761.00
9786.00
9790.00
9775.00
9735.00
9730.00
9753.00
9768.00
9776.00
9751.00
9730.00
9756.00
9768.00
9754.00
9715.00
9722.00
9730.00
9762.00
9756.00
9733.00
9705.00
9728.00
9741.00
9752.00
9698.00
9705.00
9703.00
9750.00
9739.00
9726.00
9695.00
9706.00
9734.00
9730.00
9696.00
9679.00
9699.00
9718.00
9722.00
9711.00
9689.00
9703.00
9728.00
9732.00
9714.00
9681.00
9686.00
9719.00
9737.00
9712.00
9677.00
9692.00
9733.00
9737.00
9717.00
9681.00
9672.00
9703.00
9737.00
9726.00
9689.00
9693.00
9726.00
9734.00
9713.00
9674.00
9682.00
9699.00
9736.00
9708.00
9688.00
9682.00
9717.00
9720.00
9699.00
9675.00
9662.00
9697.00
9716.00
9702.00
9677.00
9672.00
9704.00
9733.00
9714.00
9680.00
9669.00
9685.00
9714.00
9704.00
9672.00
9669.00
9688.00
9717.00
9704.00
9677.00
9661.00
9682.00
9696.00
9708.00
9689.00
9668.00
9678.00
9705.00
9712.00
9670.00
9654.00
9662.00
9694.00
9696.00
9669.00
9656.00
9640.00
9687.00
9705.00
9668.00
9640.00
9660.00
9672.00
9680.00
9669.00
9657.00
9644.00
9673.00
9695.00
9669.00
9640.00
9650.00
9673.00
9688.00
9658.00
9620.00
9623.00
9667.00
9674.00
9658.00
9620.00
9629.00
9657.00
9664.00
9646.00
9608.00
9619.00
9655.00
9656.00
9664.00
9613.00
9614.00
9643.00
9644.00
9639.00
9612.00
9604.00
9636.00
9664.00
9650.00
9617.00
9594.00
9628.00
9644.00
9632.00
9588.00
9590.00
9628.00
9659.00
9646.00
9600.00
9600.00
9627.00
9638.00
9639.00
9600.00
9569.00
9606.00
9643.00
9641.00
9616.00
9602.00
9603.00
9640.00
9628.00
9599.00
9581.00
9616.00
9636.00
9638.00
9601.00
9572.00
9592.00
9621.00
9624.00
9589.00
9573.00
9579.00
9621.00
9615.00
9596.00
9566.00
9574.00
9597.00
9602.00
9579.00
9558.00
9569.00
9589.00
9603.00
9571.00
9552.00
9549.00
9583.00
9580.00
9562.00
9538.00
9555.00
9570.00
9586.00
9572.00
9541.00
9549.00
9577.00
9597.00
9595.00
9548.00
9552.00
9578.00
9593.00
9587.00
9555.00
9567.00
9568.00
9593.00
9562.00
9543.00
9539.00
9560.00
9603.00
9592.00
9553.00
9548.00
9576.00
9591.00
9598.00
9541.00
9538.00
9568.00
9590.00
9598.00
9572.00
9556.00
9575.00
9605.00
9611.00
9577.00
9562.00
9577.00
9594.00
9599.00
9565.00
9556.00
9571.00
9603.00
9609.00
9563.00
9558.00
9564.00
9575.00
9592.00
9579.00
9554.00
9563.00
9592.00
9593.00
9590.00
9557.00
9563.00
9577.00
9595.00
9581.00
9563.00
9570.00
9589.00
9602.00
9580.00
9555.00
9567.00
9583.00
9611.00
9598.00
9555.00
9563.00
9581.00
9604.00
9573.00
9546.00
9541.00
9576.00
9589.00
9579.00
9542.00
9545.00
9562.00
9582.00
9559.00
9507.00
9471.00
9480.00
9451.00
9396.00
9323.00
9294.00
9274.00
9262.00
9215.00
9147.00
9112.00
9086.00
9074.00
9048.00
8977.00
8932.00
8917.00
8895.00
8852.00
8790.00
8723.00
8718.00
8707.00
8670.00
8628.00
8559.00
8563.00
8543.00
8520.00
8454.00
8404.00
8373.00
8386.00
8364.00
8304.00
8262.00
8257.00
8288.00
8258.00
8216.00
8168.00
8153.00
8173.00
8145.00
8090.00
8066.00
8057.00
8074.00
8048.00
8016.00
7991.00
7975.00
7993.00
7995.00
7956.00
7919.00
7923.00
7936.00
7928.00
7905.00
7858.00
7858.00
7864.00
7881.00
7866.00
7828.00
7826.00
7831.00
7834.00
7818.00
7785.00
7790.00
7795.00
7819.00
7799.00
7758.00
7761.00
7768.00
7788.00
7765.00
7708.00
7726.00
7737.00
7736.00
7729.00
7674.00
7668.00
7678.00
7691.00
7684.00
7646.00
7620.00
7649.00
7666.00
7657.00
7630.00
7615.00
7635.00
7655.00
7650.00
7617.00
7589.00
7598.00
7630.00
7639.00
7608.00
7591.00
7611.00
7625.00
7618.00
7579.00
7551.00
7565.00
7589.00
7579.00
7550.00
7529.00
7544.00
7567.00
7544.00
7519.00
7496.00
7505.00
7524.00
7525.00
7499.00
7469.00
7482.00
7519.00
7511.00
7499.00
7468.00
7470.00
7500.00
7509.00
7513.00
7478.00
7479.00
7504.00
7527.00
7510.00
7479.00
7492.00
7503.00
7518.00
7504.00
7487.00
7489.00
7502.00
7539.00
7513.00
7477.00
7484.00
7504.00
7524.00
7520.00
7489.00
7496.00
7524.00
7531.00
7510.00
7478.00
7487.00
7506.00
7495.00
7512.00
7475.00
7448.00
7496.00
7517.00
7495.00
7479.00
7463.00
7469.00
7491.00
7505.00
7476.00
7461.00
7479.00
7509.00
7490.00
7457.00
7428.00
7448.00
7477.00
7470.00
7457.00
7439.00
7442.00
7483.00
7473.00
7448.00
7429.00
7447.00
7466.00
7461.00
7435.00
7411.00
7430.00
7461.00
7460.00
7434.00
7403.00
7433.00
7448.00
7461.00
7425.00
7402.00
7412.00
7429.00
7450.00
7423.00
7393.00
7403.00
7438.00
7432.00
7430.00
7399.00
7392.00
7421.00
7441.00
7420.00
7382.00
7384.00
7405.00
7419.00
7405.00
7383.00
7376.00
7403.00
7440.00
7410.00
7371.00
7369.00
7389.00
7397.00
7394.00
7356.00
7361.00
7355.00
7411.00
7395.00
7367.00
7353.00
7384.00
7391.00
7399.00
7350.00
7341.00
7371.00
7401.00
7391.00
7359.00
7349.00
7366.00
7389.00
7388.00
7356.00
7336.00
7364.00
7398.00
7393.00
7359.00
7329.00
7361.00
7375.00
7372.00
7346.00
7334.00
7368.00
7394.00
7399.00
7372.00
7338.00
7352.00
7385.00
7378.00
7360.00
7346.00
7348.00
7383.00
7391.00
7357.00
7321.00
7340.00
7365.00
7369.00
7349.00
7328.00
7320.00
7348.00
7368.00
7347.00
7306.00
7315.00
7351.00
7361.00
7343.00
7304.00
7309.00
7341.00
7345.00
7347.00
7313.00
7299.00
7328.00
7345.00
7318.00
7306.00
7302.00
7323.00
7330.00
7325.00
7289.00
7294.00
7306.00
7329.00
7306.00
7284.00
7280.00
7290.00
7310.00
7295.00
7266.00
7264.00
7281.00
7298.00
7284.00
7266.00
7254.00
7284.00
7305.00
7292.00
7264.00
7249.00
7262.00
7288.00
7272.00
7252.00
7240.00
7260.00
7275.00
7282.00
7259.00
7216.00
7250.00
7260.00
7276.00
7257.00
7232.00
7260.00
7284.00
7285.00
7260.00
7229.00
7241.00
7286.00
7280.00
7261.00
7235.00
7259.00
7270.00
7287.00
7247.00
7227.00
7239.00
7263.00
7261.00
7257.00
7216.00
7244.00
7270.00
7285.00
7256.00
7221.00
7221.00
7256.00
7270.00
7242.00
7217.00
7220.00
7253.00
7259.00
7250.00
7221.00
7229.00
7247.00
7259.00
7254.00
7225.00
7207.00
7246.00
7262.00
7247.00
7218.00
7218.00
7241.00
7266.00
7253.00
7208.00
7215.00
7247.00
7254.00
7244.00
7189.00
7214.00
7226.00
7271.00
7246.00
7226.00
7184.00
7214.00
7247.00
7245.00
7227.00
7198.00
7208.00
7237.00
7243.00
7219.00
7195.00
7197.00
7232.00
7234.00
7205.00
7199.00
7210.00
7243.00
7239.00
7211.00
7191.00
7213.00
7252.00
7239.00
7208.00
7178.00
7193.00
7219.00
7227.00
7191.00
7162.00
7183.00
7228.00
7236.00
7209.00
7187.00
7192.00
7231.00
7230.00
7213.00
7177.00
7191.00
7221.00
7240.00
7216.00
7187.00
7197.00
7232.00
7225.00
7222.00
7191.00
7194.00
7225.00
7234.00
7231.00
7190.00
7202.00
7220.00
7240.00
7221.00
7195.00
7224.00
7244.00
7272.00
7249.00
7223.00
7221.00
7256.00
7257.00
7270.00
7234.00
7243.00
7272.00
7325.00
7332.00
7325.00
7327.00
7363.00
7398.00
7414.00
7408.00
7434.00
7479.00
7538.00
7575.00
7560.00
7570.00
7637.00
7696.00
7721.00
7723.00
7737.00
7779.00
7838.00
7867.00
7865.00
7889.00
7939.00
7990.00
8049.00
8055.00
8075.00
8138.00
8198.00
8241.00
8245.00
8267.00
8316.00
8379.00
8409.00
8415.00
8424.00
8474.00
8515.00
8536.00
8554.00
8562.00
8598.00
8641.00
8658.00
8680.00
8701.00
8721.00
8765.00
8797.00
8802.00
8800.00
8858.00
8923.00
8958.00
8962.00
8944.00
8968.00
9020.00
9052.00
9067.00
9045.00
9064.00
9114.00
9153.00
9155.00
9150.00
9158.00
9194.00
9229.00
9240.00
9209.00
9239.00
9276.00
9301.00
9296.00
9274.00
9277.00
9294.00
9336.00
9329.00
9308.00
9326.00
9339.00
9370.00
9374.00
9328.00
9321.00
9348.00
9380.00
9372.00
9343.00
9347.00
9376.00
9398.00
9389.00
9356.00
9352.00
9369.00
9385.00
9384.00
9365.00
9337.00
9374.00
9430.00
9415.00
9383.00
9358.00
9374.00
9413.00
9412.00
9369.00
9372.00
9369.00
9414.00
9424.00
9396.00
9370.00
9382.00
9416.00
9404.00
9393.00
9353.00
9383.00
9415.00
9422.00
9384.00
9372.00
9376.00
9404.00
9416.00
9408.00
9377.00
9392.00
9417.00
9426.00
9419.00
9386.00
9396.00
9434.00
9450.00
9419.00
9395.00
9393.00
9432.00
9436.00
9440.00
9411.00
9408.00
9428.00
9438.00
9418.00
9386.00
9389.00
9419.00
9427.00
9416.00
9377.00
9367.00
9395.00
9401.00
9385.00
9344.00
9348.00
9365.00
9366.00
9338.00
9285.00
9277.00
9287.00
9300.00
9292.00
9248.00
9254.00
9286.00
9281.00
9279.00
9237.00
9215.00
9245.00
9271.00
9276.00
9226.00
9223.00
9238.00
9280.00
9281.00
9246.00
9227.00
9249.00
9276.00
9278.00
9254.00
9208.00
9258.00
9284.00
9280.00
9246.00
9226.00
9245.00
9258.00
9272.00
9248.00
9220.00
9242.00
9281.00
9280.00
9254.00
9242.00
9253.00
9279.00
9286.00
9269.00
9226.00
9248.00
9285.00
9296.00
9269.00
9227.00
9241.00
9279.00
9285.00
9259.00
9238.00
9246.00
9272.00
9297.00
9275.00
9247.00
9253.00
9278.00
9291.00
9285.00
9251.00
9260.00
9287.00
9331.00
9299.00
9260.00
9272.00
9293.00
9320.00
9302.00
9268.00
9270.00
9299.00
9329.00
9307.00
9266.00
9264.00
9288.00
9335.00
9311.00
9281.00
9291.00
9310.00
9351.00
9333.00
9309.00
9290.00
9312.00
9351.00
9369.00
9321.00
9307.00
9333.00
9369.00
9362.00
9338.00
9325.00
9344.00
9373.00
9375.00
9346.00
9330.00
9357.00
9386.00
9385.00
9360.00
9335.00
9353.00
9384.00
9389.00
9358.00
9339.00
9368.00
9406.00
9425.00
9391.00
9362.00
9369.00
9405.00
9418.00
9391.00
9362.00
9379.00
9400.00
9433.00
9413.00
9361.00
9382.00
9424.00
9439.00
9407.00
9382.00
9388.00
9420.00
9432.00
9412.00
9371.00
9403.00
9432.00
9446.00
9421.00
9387.00
9394.00
9432.00
9447.00
9435.00
9396.00
9403.00
9427.00
9449.00
9444.00
9395.00
9400.00
9423.00
9464.00
9460.00
9405.00
9415.00
9439.00
9461.00
9453.00
9415.00
9415.00
9424.00
9466.00
9454.00
9416.00
9427.00
9447.00
9471.00
9443.00
9408.00
9400.00
9424.00
9455.00
9456.00
9430.00
9413.00
9415.00
9447.00
9444.00
9396.00
9393.00
9413.00
9449.00
9442.00
9414.00
9404.00
9407.00
9441.00
9443.00
9416.00
9397.00
9417.00
9448.00
9453.00
9432.00
9406.00
9407.00
9427.00
9433.00
9409.00
9377.00
9394.00
9413.00
9425.00
9414.00
9370.00
9386.00
9416.00
9410.00
9387.00
9373.00
9375.00
9395.00
9417.00
9409.00
9384.00
9414.00
9435.00
9454.00
9433.00
9402.00
9405.00
9428.00
9445.00
9420.00
9377.00
9390.00
9429.00
9445.00
9425.00
9386.00
9401.00
9431.00
9462.00
9447.00
9423.00
9413.00
9447.00
9455.00
9431.00
9413.00
9406.00
9446.00
9467.00
9458.00
9444.00
9429.00
9467.00
9472.00
9474.00
9448.00
9433.00
9460.00
9498.00
9491.00
9450.00
9460.00
9489.00
9500.00
9504.00
9474.00
9445.00
9478.00
9513.00
9493.00
9462.00
9456.00
9482.00
9512.00
9518.00
9499.00
9484.00
9491.00
9541.00
9525.00
9509.00
9490.00
9517.00
9524.00
9546.00
9525.00
9499.00
9508.00
9560.00
9543.00
9515.00
9496.00
9516.00
9549.00
9550.00
9525.00
9496.00
9511.00
9533.00
9551.00
9524.00
9486.00
9517.00
9540.00
9550.00
9529.00
9500.00
9496.00
9540.00
9549.00
9530.00
9500.00
9502.00
9532.00
9541.00
9540.00
9519.00
9525.00
9556.00
9575.00
9553.00
9555.00
9561.00
9617.00
9647.00
9636.00
9627.00
9642.00
9711.00
9747.00
9732.00
9730.00
9760.00
9807.00
9876.00
9906.00
9907.00
9939.00
10022.00
10084.00
10148.00
10131.00
10176.00
10288.00
10411.00
10478.00
10535.00
10610.00
10692.00
10816.00
10879.00
10937.00
11004.00
11119.00
11257.00
11304.00
11380.00
11457.00
11540.00
11652.00
11708.00
11762.00
11811.00
11908.00
12025.00
12141.00
12205.00
12267.00
12353.00
12490.00
12613.00
12662.00
12740.00
12847.00
12972.00
13104.00
13169.00
13237.00
13318.00
13410.00
13454.00
13483.00
13547.00
13623.00
13736.00
13809.00
13830.00
13847.00
13904.00
13981.00
14024.00
14071.00
14099.00
14171.00
13872.00
13853.00
13886.00
13904.00
13940.00
14029.00
14058.00
14092.00
14099.00
14115.00
14163.00
14187.00
14202.00
14201.00
14221.00
14248.00
14275.00
14266.00
14246.00
14253.00
14267.00
14290.00
14266.00
14251.00
14284.00
14317.00
14340.00
14346.00
14326.00
14313.00
14337.00
14356.00
14362.00
14324.00
14332.00
14351.00
14390.00
14387.00
14377.00
14385.00
14413.00
14446.00
14448.00
14425.00
14408.00
14435.00
14463.00
14497.00
14453.00
14439.00
14487.00
14511.00
14522.00
14511.00
14493.00
14509.00
14519.00
14543.00
14530.00
14525.00
14544.00
14572.00
14589.00
14577.00
14546.00
14566.00
14590.00
14616.00
14589.00
14576.00
14591.00
14637.00
14656.00
14651.00
14639.00
14648.00
14695.00
14691.00
14694.00
14659.00
14647.00
14673.00
14710.00
14698.00
14690.00
14714.00
14752.00
14771.00
14768.00
14759.00
14766.00
14800.00
14841.00
14842.00
14823.00
14824.00
14849.00
14871.00
14879.00
14873.00
14898.00
14941.00
15066.00
15098.00
15328.00
15375.00
15396.00
15419.00
15405.00
15340.00
15331.00
15363.00
15388.00
15377.00
15351.00
15356.00
15363.00
15414.00
15416.00
15399.00
15382.00
15401.00
15429.00
15432.00
15410.00
15403.00
15411.00
15438.00
15448.00
15424.00
15388.00
15409.00
15441.00
15437.00
15426.00
15416.00
15431.00
15462.00
15474.00
15429.00
15417.00
15440.00
15471.00
15469.00
15465.00
15430.00
15455.00
15459.00
15484.00
15471.00
15454.00
15481.00
15509.00
15507.00
15496.00
15453.00
15447.00
15483.00
15518.00
15486.00
15461.00
15488.00
15492.00
15523.00
15499.00
15483.00
15486.00
15532.00
15568.00
15539.00
15523.00
15520.00
15561.00
15561.00
15550.00
15526.00
15553.00
15556.00
15586.00
15552.00
15546.00
15540.00
15553.00
15593.00
15567.00
15542.00
15552.00
15562.00
15609.00
15593.00
15570.00
15556.00
15576.00
15613.00
15625.00
15614.00
15589.00
15610.00
15633.00
15641.00
15614.00
15598.00
15609.00
15634.00
15650.00
15621.00
15596.00
15628.00
15661.00
15657.00
15647.00
15621.00
15616.00
15652.00
15661.00
15652.00
15597.00
15629.00
15645.00
15656.00
15645.00
15608.00
15629.00
15661.00
15670.00
15649.00
15639.00
15649.00
15690.00
15690.00
15665.00
15630.00
15646.00
15672.00
15696.00
15667.00
15645.00
15640.00
15673.00
15698.00
15696.00
15672.00
15648.00
15659.00
15696.00
15674.00
15637.00
15639.00
15657.00
15693.00
15689.00
15664.00
15651.00
15658.00
15743.00
15736.00
15707.00
15704.00
15710.00
15739.00
15733.00
15717.00
15706.00
15709.00
15742.00
15739.00
15723.00
15680.00
15724.00
15755.00
15736.00
15712.00
15705.00
15736.00
15758.00
15770.00
15748.00
15711.00
15741.00
15774.00
15779.00
15757.00
15728.00
15747.00
15794.00
15789.00
15775.00
15762.00
15783.00
15818.00
15827.00
15797.00
15762.00
15766.00
15807.00
15821.00
15795.00
15771.00
15795.00
15804.00
15830.00
15803.00
15794.00
15793.00
15814.00
15828.00
15826.00
15793.00
15802.00
15814.00
15847.00
15825.00
15797.00
15780.00
15827.00
15830.00
15826.00
15821.00
15811.00
15835.00
15840.00
15845.00
15830.00
15811.00
15837.00
15847.00
15843.00
15809.00
15814.00
15826.00
15856.00
15864.00
15844.00
15830.00
15814.00
15844.00
15837.00
15815.00
15800.00
15831.00
15846.00
15820.00
15815.00
15798.00
15809.00
15844.00
15852.00
15844.00
15810.00
15821.00
15855.00
15855.00
15835.00
15805.00
15820.00
15853.00
15862.00
15840.00
15804.00
15829.00
15840.00
15849.00
15862.00
15834.00
15842.00
15869.00
15914.00
15894.00
15849.00
15853.00
15875.00
15891.00
15873.00
15856.00
15860.00
15872.00
15867.00
15859.00
15843.00
15847.00
15886.00
15889.00
15893.00
15850.00
15851.00
15881.00
15924.00
15921.00
15900.00
15899.00
15925.00
15924.00
15928.00
15905.00
15909.00
15934.00
15958.00
15949.00
15927.00
15922.00
15931.00
15949.00
15953.00
15920.00
15894.00
15915.00
15931.00
15942.00
15906.00
15907.00
15940.00
15956.00
15971.00
15935.00
15924.00
15940.00
15998.00
16017.00
16000.00
15999.00
16030.00
16082.00
16112.00
16120.00
16133.00
16167.00
16199.00
16224.00
16215.00
16214.00
16243.00
16312.00
16328.00
16360.00
16329.00
16368.00
16414.00
16437.00
16441.00
16421.00
16455.00
16502.00
16536.00
16532.00
16549.00
16573.00
16625.00
16664.00
16664.00
16666.00
16690.00
16752.00
16808.00
16835.00
16841.00
16869.00
16909.00
16915.00
16947.00
16938.00
16933.00
16982.00
17020.00
16996.00
16998.00
17016.00
17004.00
17100.00
17095.00
17066.00
17069.00
17106.00
17143.00
17159.00
17143.00
17117.00
17142.00
17189.00
17194.00
17193.00
17172.00
17182.00
17211.00
17216.00
17193.00
17176.00
17165.00
17216.00
17230.00
17207.00
17190.00
17210.00
17229.00
17239.00
17235.00
17210.00
17234.00
17267.00
17280.00
17264.00
17228.00
17261.00
17310.00
17330.00
17290.00
17287.00
17283.00
17315.00
17286.00
17308.00
17280.00
17267.00
17298.00
17322.00
17296.00
17276.00
17287.00
17303.00
17305.00
17303.00
17300.00
17303.00
17338.00
17357.00
17344.00
17309.00
17289.00
17308.00
17342.00
17348.00
17341.00
17326.00
17319.00
17373.00
17370.00
17344.00
17334.00
17336.00
17393.00
17386.00
17335.00
17326.00
17362.00
17395.00
17387.00
17378.00
17355.00
17371.00
17406.00
17410.00
17387.00
17368.00
17377.00
17438.00
17440.00
17419.00
17389.00
17413.00
17423.00
17447.00
17417.00
17393.00
17404.00
17433.00
17441.00
17439.00
17397.00
17419.00
17440.00
17450.00
17445.00
17406.00
17391.00
17439.00
17449.00
17450.00
17413.00
17412.00
17458.00
17478.00
17461.00
17434.00
17439.00
17456.00
17474.00
17457.00
17425.00
17432.00
17473.00
17491.00
17471.00
17451.00
17437.00
17449.00
17470.00
17479.00
17450.00
17445.00
17453.00
17496.00
17495.00
17452.00
17446.00
17462.00
17495.00
17488.00
17465.00
17445.00
17491.00
17505.00
17513.00
17483.00
17448.00
17435.00
17477.00
17497.00
17481.00
17437.00
17455.00
17482.00
17506.00
17483.00
17456.00
17464.00
17509.00
17495.00
17482.00
17440.00
17470.00
17489.00
17503.00
17515.00
17481.00
17480.00
17515.00
17527.00
17509.00
17496.00
17493.00
17519.00
17530.00
17514.00
17495.00
17481.00
17511.00
17533.00
17538.00
17495.00
17487.00
17516.00
17531.00
17522.00
17495.00
17494.00
17516.00
17558.00
17551.00
17525.00
17497.00
17512.00
17562.00
17546.00
17514.00
17499.00
17517.00
17546.00
17547.00
17508.00
17518.00
17538.00
17567.00
17558.00
17544.00
17515.00
17526.00
17553.00
17542.00
17540.00
17522.00
17542.00
17577.00
17559.00
17557.00
17513.00
17525.00
17565.00
17556.00
17554.00
17531.00
17541.00
17577.00
17567.00
17577.00
17547.00
17549.00
17569.00
17586.00
17568.00
17539.00
17546.00
17587.00
17603.00
17561.00
17555.00
17548.00
17569.00
17574.00
17577.00
17550.00
17532.00
17584.00
17598.00
17583.00
17563.00
17566.00
17597.00
17608.00
17589.00
17575.00
17560.00
17588.00
17638.00
17609.00
17592.00
17570.00
17602.00
17611.00
17613.00
17579.00
17598.00
17616.00
17633.00
17622.00
17638.00
17630.00
17599.00
17626.00
17626.00
17602.00
17575.00
17597.00
17604.00
17638.00
17594.00
17575.00
17591.00
17643.00
17642.00
17600.00
17581.00
17600.00
17625.00
17629.00
17613.00
17567.00
17595.00
17616.00
17628.00
17620.00
17578.00
17584.00
17600.00
17608.00
17604.00
17575.00
17595.00
17637.00
17628.00
17607.00
17571.00
17584.00
17579.00
17623.00
17600.00
17578.00
17597.00
17611.00
17628.00
17605.00
17589.00
17596.00
17609.00
17635.00
17617.00
17598.00
17608.00
17622.00
17655.00
17691.00
17660.00
17645.00
17662.00
17680.00
17676.00
17647.00
17650.00
17663.00
17686.00
17697.00
17667.00
17661.00
17676.00
17689.00
17680.00
17659.00
17645.00
17662.00
17700.00
17695.00
17675.00
17640.00
17666.00
17694.00
17693.00
17674.00
17647.00
17640.00
17681.00
17695.00
17660.00
17633.00
17671.00
17688.00
17689.00
17671.00
17633.00
17660.00
17682.00
17699.00
17681.00
17657.00
17656.00
17705.00
17720.00
17698.00
17652.00
17671.00
17707.00
17711.00
17699.00
17688.00
17684.00
17680.00
17720.00
17687.00
17656.00
17681.00
17698.00
17722.00
17687.00
17692.00
17655.00
17696.00
17725.00
17728.00
17683.00
17670.00
17692.00
17723.00
17709.00
17658.00
17647.00
17685.00
17707.00
17727.00
17687.00
17678.00
17693.00
17724.00
17715.00
17689.00
17677.00
17705.00
17736.00
17733.00
17710.00
