20744.00
20741.00
20712.00
20737.00
20728.00
20713.00
20689.00
20712.00
20723.00
20730.00
20731.00
20708.00
20716.00
20727.00
20741.00
20724.00
20716.00
20720.00
20745.00
20747.00
20742.00
20726.00
20743.00
20769.00
20788.00
20778.00
20749.00
20763.00
20762.00
20774.00
20779.00
20752.00
20748.00
20763.00
20779.00
20777.00
20761.00
20750.00
20762.00
20753.00
20749.00
20759.00
20756.00
20754.00
20758.00
20759.00
20738.00
20743.00
20744.00
20774.00
20768.00
20773.00
20747.00
20770.00
20763.00
20761.00
20760.00
20753.00
20754.00
20766.00
20783.00
20763.00
20754.00
20755.00
20771.00
20768.00
20774.00
20770.00
20769.00
20769.00
20767.00
20791.00
20761.00
20779.00
20803.00
20811.00
20793.00
20767.00
20792.00
20797.00
20799.00
20798.00
20759.00
20782.00
20809.00
20812.00
20802.00
20792.00
20791.00
20810.00
20801.00
20799.00
20772.00
20759.00
20781.00
20795.00
20784.00
20762.00
20776.00
20788.00
20772.00
20780.00
20757.00
20751.00
20776.00
20782.00
20777.00
20767.00
20759.00
20795.00
20790.00
20800.00
20786.00
20779.00
20793.00
20807.00
20780.00
20795.00
20793.00
20804.00
20789.00
20802.00
20771.00
20766.00
20777.00
20768.00
20771.00
20782.00
20757.00
20757.00
20778.00
20788.00
20778.00
20776.00
20772.00
20770.00
20790.00
20780.00
20784.00
20806.00
20807.00
20831.00
20823.00
20788.00
20797.00
20816.00
20783.00
20789.00
20765.00
20782.00
20799.00
20786.00
20772.00
20759.00
20769.00
20766.00
20787.00
20776.00
20750.00
20777.00
20773.00
20801.00
20790.00
20794.00
20774.00
20780.00
20780.00
20784.00
20790.00
20769.00
20770.00
20805.00
20779.00
20780.00
20795.00
20808.00
20785.00
20809.00
20805.00
20796.00
20804.00
20813.00
20767.00
20782.00
20784.00
20794.00
20813.00
20810.00
20793.00
20806.00
20816.00
20823.00
20813.00
20833.00
20798.00
20811.00
20843.00
20829.00
20813.00
20811.00
20829.00
20829.00
20810.00
20825.00
20804.00
20826.00
20826.00
20829.00
20823.00
20806.00
20801.00
20813.00
20823.00
20829.00
20794.00
20809.00
20822.00
20849.00
20857.00
20813.00
20806.00
20806.00
20806.00
20809.00
20786.00
20798.00
20800.00
20802.00
20789.00
20762.00
20779.00
20796.00
20807.00
20797.00
20776.00
20779.00
20775.00
20785.00
20803.00
20782.00
20799.00
20789.00
20794.00
20795.00
20788.00
20780.00
20804.00
20816.00
20803.00
20808.00
20782.00
20766.00
20812.00
20806.00
20788.00
20779.00
20800.00
20819.00
20812.00
20797.00
20766.00
20773.00
20794.00
20795.00
20772.00
20776.00
20788.00
20806.00
20804.00
20801.00
20788.00
20808.00
20818.00
20817.00
20800.00
20793.00
20792.00
20807.00
20803.00
20792.00
20785.00
20793.00
20790.00
20797.00
20788.00
20767.00
20772.00
20758.00
20772.00
20786.00
20793.00
20789.00
20802.00
20802.00
20779.00
20768.00
20768.00
20789.00
20797.00
20798.00
20785.00
20773.00
20778.00
20808.00
20815.00
20783.00
20786.00
20795.00
20822.00
20819.00
20803.00
20788.00
20792.00
20824.00
20813.00
20814.00
20807.00
20800.00
20805.00
20811.00
20818.00
20792.00
20810.00
20818.00
20809.00
20801.00
20782.00
20797.00
20793.00
20808.00
20802.00
20789.00
20808.00
20798.00
20816.00
20808.00
20780.00
20800.00
20812.00
20807.00
20791.00
20782.00
20804.00
20804.00
20831.00
20832.00
20804.00
20823.00
20832.00
20834.00
20823.00
20809.00
20790.00
20829.00
20839.00
20838.00
20796.00
20822.00
20846.00
20863.00
20824.00
20825.00
20820.00
20831.00
20865.00
20843.00
20837.00
20840.00
20854.00
20858.00
20853.00
20835.00
20848.00
20856.00
20860.00
20864.00
20821.00
20826.00
20873.00
20879.00
20868.00
20862.00
20839.00
20866.00
20891.00
20860.00
20825.00
20839.00
20849.00
20867.00
20871.00
20876.00
20874.00
20877.00
20882.00
20875.00
20848.00
20838.00
20831.00
20844.00
20834.00
20832.00
20825.00
20853.00
20851.00
20867.00
20866.00
20857.00
20845.00
20873.00
20894.00
20876.00
20855.00
20869.00
20871.00
20871.00
20847.00
20846.00
20852.00
20886.00
20902.00
20905.00
20858.00
20872.00
20870.00
20876.00
20895.00
20861.00
20837.00
20875.00
20870.00
20865.00
20852.00
20878.00
20867.00
20893.00
20863.00
20860.00
20841.00
20836.00
20874.00
20861.00
20865.00
20848.00
20858.00
20846.00
20868.00
20866.00
20833.00
20816.00
20828.00
20850.00
20833.00
20854.00
20871.00
20869.00
20837.00
20834.00
20810.00
20858.00
20855.00
20835.00
20822.00
20816.00
20812.00
20851.00
20835.00
20824.00
20810.00
20822.00
20827.00
20841.00
20824.00
20801.00
20786.00
20820.00
20804.00
20796.00
20803.00
20794.00
20815.00
20822.00
20809.00
20799.00
20776.00
20808.00
20815.00
20825.00
20809.00
20818.00
20811.00
20829.00
20803.00
20778.00
20791.00
20802.00
20818.00
20825.00
20818.00
20790.00
20779.00
20810.00
20798.00
20788.00
20798.00
20778.00
20806.00
20808.00
20787.00
20775.00
20794.00
20801.00
20802.00
20773.00
20785.00
20770.00
20789.00
20795.00
20781.00
20759.00
20773.00
20804.00
20799.00
20792.00
20806.00
20768.00
20791.00
20792.00
20804.00
20790.00
20778.00
20819.00
20820.00
20811.00
20772.00
20784.00
20797.00
20808.00
20804.00
20787.00
20799.00
20811.00
20812.00
20795.00
20818.00
20823.00
20808.00
20826.00
20839.00
20827.00
20825.00
20829.00
20815.00
20804.00
20808.00
20801.00
20799.00
20813.00
20791.00
20798.00
20817.00
20819.00
20826.00
20817.00
20798.00
20834.00
20826.00
20838.00
20821.00
20820.00
20820.00
20813.00
20822.00
20831.00
20805.00
20808.00
20806.00
20789.00
20806.00
20804.00
20777.00
20799.00
20795.00
20832.00
20795.00
20762.00
20793.00
20792.00
20785.00
20800.00
20777.00
20790.00
20827.00
20823.00
20806.00
20818.00
20822.00
20835.00
20827.00
20828.00
20803.00
20826.00
20820.00
20817.00
20807.00
20788.00
20792.00
20818.00
20836.00
20833.00
20846.00
20814.00
20839.00
20866.00
20826.00
20840.00
20822.00
20833.00
20842.00
20839.00
20791.00
20810.00
20836.00
20817.00
20824.00
20795.00
20803.00
20809.00
20835.00
20849.00
20811.00
20810.00
20809.00
20826.00
20814.00
20809.00
20815.00
20822.00
20841.00
20836.00
20821.00
20796.00
20801.00
20809.00
20800.00
20784.00
20769.00
20810.00
20834.00
20820.00
20806.00
20815.00
20831.00
20842.00
20835.00
20812.00
20780.00
20795.00
20813.00
20810.00
20815.00
20803.00
20792.00
20811.00
20793.00
20772.00
20792.00
20793.00
20782.00
20793.00
20774.00
20773.00
20786.00
20791.00
20796.00
20780.00
20764.00
20776.00
20801.00
20780.00
20797.00
20776.00
20762.00
20787.00
20786.00
20795.00
20779.00
20772.00
20781.00
20813.00
20788.00
20778.00
20782.00
20779.00
20811.00
20809.00
20782.00
20801.00
20779.00
20813.00
20783.00
20778.00
20780.00
20792.00
20795.00
20813.00
20779.00
20768.00
20794.00
20791.00
20803.00
20778.00
20781.00
20799.00
20784.00
20777.00
20797.00
20792.00
20814.00
20809.00
20822.00
20809.00
20803.00
20814.00
20824.00
20805.00
20796.00
20775.00
20784.00
20798.00
20812.00
20793.00
20775.00
20778.00
20768.00
20775.00
20775.00
20753.00
20750.00
20782.00
20784.00
20789.00
20761.00
20743.00
20784.00
20751.00
20770.00
20762.00
20758.00
20778.00
20789.00
20772.00
20745.00
20742.00
20748.00
20758.00
20768.00
20743.00
20755.00
20771.00
20788.00
20781.00
20777.00
20779.00
20796.00
20777.00
20780.00
20773.00
20765.00
20777.00
20778.00
20782.00
20775.00
20786.00
20789.00
20790.00
20783.00
20784.00
20773.00
20787.00
20793.00
20781.00
20775.00
20757.00
20770.00
20793.00
20772.00
20771.00
20768.00
20771.00
20788.00
20794.00
20804.00
20796.00
20813.00
20819.00
20809.00
20801.00
20791.00
20810.00
20808.00
20813.00
20794.00
20815.00
20809.00
20825.00
20830.00
20812.00
20800.00
20812.00
20829.00
20818.00
20818.00
20777.00
20799.00
20803.00
20809.00
20816.00
20795.00
20797.00
20817.00
20816.00
20813.00
20780.00
20799.00
20834.00
20837.00
20814.00
20798.00
20784.00
20785.00
20794.00
20797.00
20816.00
20777.00
20802.00
20819.00
20802.00
20796.00
20797.00
20804.00
20813.00
20801.00
20795.00
20788.00
20774.00
20802.00
20816.00
20792.00
20809.00
20816.00
20828.00
20826.00
20820.00
20816.00
20814.00
20873.00
20858.00
20860.00
20820.00
20853.00
20867.00
20889.00
20874.00
20883.00
20900.00
20919.00
20910.00
20901.00
20894.00
20904.00
20926.00
20933.00
20930.00
20883.00
20887.00
20929.00
20900.00
20856.00
20845.00
20865.00
20884.00
20948.00
20920.00
20879.00
20883.00
20884.00
20923.00
20895.00
20896.00
20924.00
20909.00
20925.00
20958.00
20916.00
20939.00
20922.00
20932.00
20914.00
20899.00
20881.00
20921.00
20914.00
20906.00
20930.00
20898.00
20930.00
20951.00
20924.00
20925.00
20936.00
20933.00
20927.00
20933.00
20942.00
20920.00
20918.00
20936.00
20940.00
20941.00
20922.00
20900.00
20941.00
20918.00
20915.00
20913.00
20943.00
20924.00
20926.00
20925.00
20910.00
20883.00
20933.00
20909.00
20926.00
20895.00
20897.00
20921.00
20943.00
20922.00
20907.00
20926.00
20927.00
20913.00
20904.00
20898.00
20895.00
20893.00
20897.00
20894.00
20901.00
20914.00
20915.00
20918.00
20926.00
20894.00
20904.00
20926.00
20913.00
20917.00
20916.00
20927.00
20927.00
20918.00
20929.00
20890.00
20868.00
20919.00
20901.00
20893.00
20873.00
20932.00
20938.00
20942.00
20934.00
20918.00
20912.00
20944.00
20941.00
20950.00
20920.00
20905.00
20946.00
20928.00
20954.00
20924.00
20930.00
20948.00
20970.00
20944.00
20920.00
20948.00
20945.00
20987.00
20948.00
20943.00
20940.00
20940.00
20959.00
20932.00
20943.00
20924.00
20961.00
20968.00
20956.00
20929.00
20935.00
20939.00
20955.00
20940.00
20906.00
20921.00
20926.00
20940.00
20949.00
20932.00
20938.00
20934.00
20908.00
20961.00
20935.00
20907.00
20919.00
20923.00
20944.00
20942.00
20954.00
20951.00
20971.00
20940.00
20945.00
20965.00
20918.00
20952.00
20967.00
20950.00
20945.00
20935.00
20940.00
20965.00
20962.00
20939.00
20961.00
20957.00
20990.00
20976.00
20951.00
20938.00
20962.00
20964.00
20963.00
20966.00
20936.00
20966.00
20951.00
20936.00
20945.00
20936.00
20927.00
20980.00
20970.00
20954.00
20946.00
20945.00
20966.00
20957.00
20937.00
20929.00
20934.00
20935.00
20960.00
20939.00
20933.00
20932.00
20931.00
20969.00
20942.00
20933.00
20945.00
20951.00
20984.00
20962.00
20935.00
20952.00
20976.00
20964.00
20964.00
20948.00
20928.00
20926.00
20962.00
20965.00
20951.00
20963.00
20986.00
20947.00
20940.00
20946.00
20944.00
20970.00
20958.00
20936.00
20957.00
20953.00
20967.00
20972.00
20954.00
20966.00
20953.00
20982.00
20978.00
20977.00
20974.00
20947.00
20955.00
20963.00
20946.00
20949.00
20938.00
20957.00
20963.00
20935.00
20927.00
20932.00
20920.00
20967.00
20945.00
20960.00
20924.00
20946.00
20943.00
20956.00
20941.00
20939.00
20946.00
20953.00
20943.00
20941.00
20922.00
20938.00
20981.00
20928.00
20929.00
20928.00
20951.00
20974.00
20938.00
20912.00
20926.00
20932.00
20957.00
20975.00
20960.00
20961.00
20943.00
20961.00
20955.00
20917.00
20915.00
20938.00
20964.00
20935.00
20917.00
20910.00
20906.00
20919.00
20934.00
20916.00
20916.00
20942.00
20958.00
20970.00
20934.00
20912.00
20903.00
20938.00
20930.00
20922.00
20939.00
20939.00
20937.00
20953.00
20930.00
20947.00
20934.00
20928.00
20910.00
20936.00
20923.00
20909.00
20917.00
20935.00
20940.00
20918.00
20927.00
20913.00
20945.00
20929.00
20924.00
20915.00
20940.00
20937.00
20941.00
20931.00
20930.00
20912.00
20914.00
20916.00
20910.00
20917.00
20921.00
20935.00
20930.00
20949.00
20945.00
20943.00
20942.00
20933.00
20933.00
20933.00
20929.00
20955.00
20933.00
20930.00
20931.00
20915.00
20956.00
20941.00
20924.00
20916.00
20934.00
20900.00
20914.00
20896.00
20897.00
20912.00
20935.00
20944.00
20934.00
20917.00
20929.00
20916.00
20929.00
20929.00
20932.00
20924.00
20931.00
20969.00
20937.00
20936.00
20923.00
20950.00
20951.00
20940.00
20927.00
20951.00
20961.00
20965.00
20960.00
20942.00
20925.00
20952.00
20971.00
20978.00
20931.00
20922.00
20954.00
20950.00
20950.00
20952.00
20985.00
20994.00
20976.00
20963.00
20966.00
20912.00
20947.00
20960.00
20953.00
20944.00
20949.00
20958.00
20968.00
20976.00
20921.00
20954.00
20938.00
20963.00
20956.00
20940.00
20939.00
20973.00
20965.00
20972.00
20964.00
20954.00
20933.00
20959.00
20964.00
20960.00
20960.00
20958.00
20984.00
20988.00
20954.00
20938.00
20944.00
20943.00
20939.00
20958.00
20936.00
20946.00
20959.00
20982.00
20954.00
20934.00
20940.00
20959.00
20961.00
20953.00
20926.00
20950.00
20951.00
20931.00
20939.00
20938.00
20918.00
20961.00
20959.00
20951.00
20936.00
20965.00
20965.00
21001.00
20953.00
20964.00
20964.00
20978.00
20983.00
20976.00
20951.00
20967.00
20983.00
20980.00
20964.00
20947.00
20928.00
20947.00
20940.00
20931.00
20929.00
20938.00
20942.00
20964.00
20961.00
20928.00
20946.00
20943.00
20943.00
20953.00
20921.00
20929.00
20945.00
20940.00
20958.00
20939.00
20915.00
20940.00
20925.00
20940.00
20898.00
20895.00
20908.00
20917.00
20923.00
20927.00
20923.00
20926.00
20963.00
20955.00
20954.00
20948.00
20968.00
20951.00
20954.00
20960.00
20978.00
20973.00
20990.00
21006.00
20955.00
20943.00
20936.00
20934.00
20939.00
20933.00
20936.00
20926.00
20930.00
20934.00
20919.00
20917.00
20901.00
20906.00
20911.00
20892.00
20875.00
20866.00
20888.00
20896.00
20868.00
20876.00
20849.00
20836.00
20852.00
20822.00
20824.00
20828.00
20834.00
20846.00
20839.00
20851.00
20817.00
20839.00
20811.00
20824.00
20783.00
20798.00
20797.00
20816.00
20814.00
20804.00
20829.00
20828.00
20845.00
20846.00
20820.00
20808.00
20818.00
20812.00
20824.00
20817.00
20803.00
20800.00
20836.00
20847.00
20831.00
20835.00
20843.00
20851.00
20840.00
20844.00
20836.00
20864.00
20862.00
20854.00
20841.00
20816.00
20843.00
20872.00
20866.00
20860.00
20844.00
20889.00
20870.00
20876.00
20838.00
20811.00
20843.00
20854.00
20863.00
20844.00
20825.00
20834.00
20865.00
20854.00
20840.00
20831.00
20838.00
20861.00
20827.00
20830.00
20814.00
20813.00
20839.00
20844.00
20850.00
20816.00
20829.00
20859.00
20846.00
20832.00
20802.00
20833.00
20843.00
20828.00
20827.00
20792.00
20768.00
20802.00
20783.00
20770.00
20764.00
20774.00
20792.00
20819.00
20808.00
20793.00
20761.00
20807.00
20800.00
20779.00
20752.00
20756.00
20800.00
20800.00
20781.00
20754.00
20776.00
20781.00
20809.00
20812.00
20786.00
20778.00
20803.00
20811.00
20784.00
20789.00
20786.00
20790.00
20800.00
20780.00
20764.00
20783.00
20752.00
20792.00
20776.00
20768.00
20773.00
20794.00
20804.00
20804.00
20768.00
20773.00
20790.00
20795.00
20789.00
20801.00
20822.00
20784.00
20816.00
20818.00
20812.00
20817.00
20836.00
20854.00
20821.00
20840.00
20831.00
20794.00
20847.00
20850.00
20820.00
20796.00
20801.00
20832.00
20863.00
20801.00
20807.00
20814.00
20858.00
20861.00
20836.00
20843.00
20870.00
20878.00
20856.00
20851.00
20866.00
20862.00
20861.00
20867.00
20864.00
20823.00
20834.00
20837.00
20837.00
20813.00
20813.00
20810.00
20851.00
20858.00
20858.00
20840.00
20829.00
20856.00
20847.00
20820.00
20789.00
20827.00
20847.00
20869.00
20818.00
20842.00
20859.00
20838.00
20855.00
20845.00
20859.00
20831.00
20852.00
20836.00
20855.00
20833.00
20845.00
20857.00
20844.00
20859.00
20830.00
20854.00
20888.00
20886.00
20872.00
20841.00
20842.00
20863.00
20874.00
20861.00
20841.00
20822.00
20850.00
20877.00
20845.00
20851.00
20850.00
20877.00
20895.00
20886.00
20847.00
20880.00
20856.00
20847.00
20838.00
20837.00
20828.00
20834.00
20835.00
20840.00
20817.00
20815.00
20829.00
20868.00
20869.00
20874.00
20862.00
20866.00
20851.00
20861.00
20818.00
20841.00
20838.00
20849.00
20858.00
20848.00
20843.00
20835.00
20845.00
20832.00
20815.00
20810.00
20831.00
20818.00
20808.00
20823.00
20812.00
20796.00
20835.00
20823.00
20813.00
20815.00
20822.00
20828.00
20826.00
20823.00
20830.00
20818.00
20845.00
20863.00
20820.00
20814.00
20817.00
20841.00
20856.00
20829.00
20830.00
20844.00
20823.00
20828.00
20818.00
20817.00
20837.00
20862.00
20836.00
20818.00
20802.00
20798.00
20836.00
20869.00
20852.00
20824.00
20804.00
20817.00
20830.00
20826.00
20817.00
20785.00
20821.00
20817.00
20816.00
20812.00
20817.00
20821.00
20832.00
20818.00
20822.00
20826.00
20836.00
20849.00
20843.00
20816.00
20789.00
20856.00
20864.00
20860.00
20853.00
20862.00
20880.00
20857.00
20853.00
20828.00
20832.00
20857.00
20847.00
20855.00
20845.00
20809.00
20846.00
20850.00
20823.00
20818.00
20829.00
20831.00
20861.00
20822.00
20822.00
20825.00
20862.00
20869.00
20860.00
20815.00
20793.00
20810.00
20835.00
20839.00
20819.00
20832.00
20833.00
20834.00
20835.00
20836.00
20841.00
20845.00
20848.00
20861.00
20860.00
20834.00
20848.00
20864.00
20841.00
20847.00
20838.00
20848.00
20885.00
20859.00
20830.00
20812.00
20847.00
20861.00
20859.00
20813.00
20819.00
20821.00
20850.00
20837.00
20811.00
20813.00
20824.00
20836.00
20817.00
20804.00
20799.00
20798.00
20819.00
20803.00
20805.00
20800.00
20797.00
20848.00
20849.00
20812.00
20804.00
20815.00
20837.00
20833.00
20816.00
20799.00
20811.00
20822.00
20817.00
20797.00
20809.00
20811.00
20829.00
20821.00
20807.00
20812.00
20819.00
20830.00
20833.00
20813.00
20814.00
20809.00
20822.00
20837.00
20832.00
20802.00
20804.00
20817.00
20827.00
20811.00
20800.00
20805.00
20824.00
20823.00
20805.00
20818.00
20806.00
20803.00
20812.00
20810.00
20774.00
20801.00
20821.00
20818.00
20812.00
20784.00
20791.00
20808.00
20823.00
20805.00
20778.00
20782.00
20791.00
20796.00
20792.00
20759.00
20772.00
20788.00
20798.00
20789.00
20788.00
20801.00
20788.00
20813.00
20822.00
20817.00
20808.00
20830.00
20827.00
20808.00
20804.00
20820.00
20802.00
20820.00
20824.00
20805.00
20831.00
20817.00
20832.00
20815.00
20826.00
20816.00
20828.00
20815.00
20814.00
20811.00
20803.00
20814.00
20836.00
20834.00
20826.00
20823.00
20823.00
20815.00
20818.00
20809.00
20824.00
20798.00
20815.00
20823.00
20806.00
20807.00
20806.00
20826.00
20823.00
20794.00
20809.00
20828.00
20851.00
20819.00
20808.00
20795.00
20827.00
20820.00
20835.00
20832.00
20807.00
20829.00
20834.00
20829.00
20819.00
20814.00
20835.00
20810.00
20825.00
20817.00
20819.00
20808.00
20828.00
20818.00
20825.00
20819.00
20839.00
20843.00
20830.00
20825.00
20820.00
20831.00
20816.00
20838.00
20862.00
20847.00
20854.00
20849.00
20833.00
20835.00
20797.00
20831.00
20850.00
20865.00
20861.00
20851.00
20869.00
20832.00
20842.00
20832.00
20813.00
20825.00
20842.00
20838.00
20822.00
20823.00
20802.00
20818.00
20812.00
20812.00
20786.00
20781.00
20790.00
20799.00
20772.00
20804.00
20804.00
20806.00
20824.00
20821.00
20824.00
20799.00
20803.00
20811.00
20810.00
20779.00
20788.00
20813.00
20835.00
20808.00
20812.00
20789.00
20799.00
20836.00
20791.00
20780.00
20801.00
20806.00
20809.00
20821.00
20788.00
20799.00
20813.00
20818.00
20823.00
20773.00
20794.00
20815.00
20810.00
20803.00
20809.00
20793.00
20797.00
20810.00
20820.00
20793.00
20804.00
20793.00
20772.00
20769.00
20785.00
20771.00
20779.00
20802.00
20793.00
20756.00
20741.00
20789.00
20781.00
20764.00
20729.00
20737.00
20746.00
20745.00
20730.00
20707.00
20690.00
20676.00
20692.00
20681.00
20697.00
20667.00
20655.00
20656.00
20671.00
20654.00
20628.00
20633.00
20635.00
20613.00
20622.00
20617.00
20605.00
20621.00
20606.00
20594.00
20578.00
20585.00
20591.00
20593.00
20576.00
20561.00
20561.00
20583.00
20572.00
20556.00
20545.00
20576.00
20555.00
20589.00
20586.00
20550.00
20554.00
20577.00
20545.00
20546.00
20561.00
20578.00
20593.00
20581.00
20611.00
20574.00
20597.00
20595.00
20600.00
20618.00
20575.00
20588.00
20581.00
20555.00
20567.00
20549.00
20543.00
20582.00
20583.00
20585.00
20564.00
20567.00
20581.00
20590.00
20574.00
20582.00
20577.00
20563.00
20583.00
20554.00
20556.00
20569.00
20592.00
20605.00
20594.00
20599.00
20596.00
20604.00
20595.00
20601.00
20604.00
20588.00
20588.00
20614.00
20593.00
20573.00
20556.00
20594.00
20583.00
20576.00
20562.00
20602.00
20602.00
20593.00
20587.00
20577.00
20588.00
20602.00
20628.00
20601.00
20561.00
20570.00
20607.00
20599.00
20603.00
20607.00
20590.00
20593.00
20591.00
20570.00
20560.00
20568.00
20568.00
20567.00
20565.00
20559.00
20542.00
20604.00
20610.00
20594.00
20576.00
20571.00
20572.00
20585.00
20579.00
20562.00
20580.00
20608.00
20574.00
20592.00
20569.00
20573.00
20579.00
20628.00
20597.00
20567.00
20585.00
20587.00
20597.00
20599.00
20584.00
20594.00
20598.00
20617.00
20629.00
20599.00
20605.00
20575.00
20592.00
20607.00
20593.00
20577.00
20590.00
20604.00
20588.00
20594.00
20594.00
20625.00
20613.00
20630.00
20630.00
20616.00
20626.00
20606.00
20625.00
20606.00
20600.00
20613.00
20637.00
20631.00
20606.00
20591.00
20612.00
20639.00
20635.00
20615.00
20587.00
20605.00
20608.00
20607.00
20622.00
20617.00
20626.00
20636.00
20639.00
20627.00
20599.00
20606.00
20624.00
20636.00
20605.00
20622.00
20625.00
20623.00
20624.00
20619.00
20623.00
20627.00
20620.00
20623.00
20616.00
20612.00
20615.00
20586.00
20634.00
20630.00
20584.00
20600.00
20593.00
20606.00
20586.00
20574.00
20592.00
20594.00
20624.00
20625.00
20587.00
20609.00
20610.00
20617.00
20618.00
20599.00
20575.00
20606.00
20611.00
20584.00
20562.00
20585.00
20590.00
20602.00
20572.00
20581.00
20591.00
20579.00
20612.00
20580.00
20591.00
20562.00
20563.00
20574.00
20588.00
20575.00
20566.00
20556.00
20588.00
20567.00
20589.00
20578.00
20576.00
20573.00
20571.00
20546.00
20569.00
20570.00
20566.00
20570.00
20545.00
20564.00
20594.00
20593.00
20587.00
20564.00
20565.00
20572.00
20576.00
20568.00
20565.00
20562.00
20592.00
20576.00
20577.00
20585.00
20578.00
20586.00
20596.00
20595.00
20572.00
20575.00
20592.00
20585.00
20586.00
20575.00
20597.00
20594.00
20605.00
20598.00
20603.00
20572.00
20587.00
20590.00
20601.00
20604.00
20573.00
20582.00
20590.00
20595.00
20573.00
20579.00
20562.00
20587.00
20573.00
20557.00
20553.00
20582.00
20573.00
20587.00
20577.00
20563.00
20546.00
20561.00
20558.00
20539.00
20554.00
20566.00
20580.00
20594.00
20574.00
20576.00
20560.00
20578.00
20592.00
20546.00
20544.00
20553.00
20573.00
20569.00
20555.00
20552.00
20564.00
20585.00
20564.00
20572.00
20561.00
20564.00
20575.00
20573.00
20586.00
20558.00
20543.00
20587.00
20566.00
20565.00
20539.00
20553.00
20572.00
20553.00
20563.00
20547.00
20544.00
20540.00
20547.00
20537.00
20527.00
20519.00
20527.00
20530.00
20517.00
20515.00
20504.00
20500.00
20513.00
20500.00
20510.00
20473.00
20488.00
20487.00
20476.00
20449.00
20480.00
20481.00
20487.00
20461.00
20436.00
20443.00
20457.00
20479.00
20462.00
20456.00
20450.00
20454.00
20434.00
20430.00
20397.00
20379.00
20370.00
20356.00
20358.00
20323.00
20326.00
20326.00
20320.00
20306.00
20289.00
20272.00
20293.00
20292.00
20276.00
20262.00
20257.00
20276.00
20299.00
20295.00
20274.00
20265.00
20274.00
20268.00
20286.00
20258.00
20270.00
20278.00
20311.00
20306.00
20300.00
20306.00
20307.00
20320.00
20337.00
20321.00
20330.00
20333.00
20346.00
20343.00
20303.00
20320.00
20317.00
20317.00
20305.00
20301.00
20280.00
20311.00
20313.00
20325.00
20305.00
20290.00
20304.00
20322.00
20312.00
20307.00
20294.00
20298.00
20297.00
20301.00
20282.00
20304.00
20299.00
20307.00
20318.00
20293.00
20266.00
20269.00
20289.00
20291.00
20297.00
20294.00
20295.00
20318.00
20308.00
20310.00
20275.00
20316.00
20306.00
20319.00
20329.00
20297.00
20312.00
20326.00
20326.00
20322.00
20289.00
20311.00
20300.00
20324.00
20320.00
20337.00
20318.00
20340.00
20360.00
20335.00
20342.00
20336.00
20369.00
20370.00
20375.00
20353.00
20364.00
20372.00
20376.00
20366.00
20327.00
20350.00
20363.00
20374.00
20352.00
20343.00
20359.00
20349.00
20359.00
20359.00
20344.00
20333.00
20344.00
20345.00
20365.00
20339.00
20351.00
20365.00
20397.00
20384.00
20362.00
20348.00
20366.00
20376.00
20377.00
20364.00
20350.00
20361.00
20397.00
20377.00
20358.00
20351.00
20343.00
20368.00
20383.00
20337.00
20343.00
20370.00
20383.00
20382.00
20350.00
20395.00
20400.00
20423.00
20414.00
20376.00
20381.00
20414.00
20394.00
20401.00
20377.00
20371.00
20402.00
20405.00
20412.00
20360.00
20345.00
20356.00
20373.00
20362.00
20370.00
20376.00
20399.00
20419.00
20416.00
20384.00
20371.00
20387.00
20404.00
20373.00
20356.00
20354.00
20388.00
20413.00
20417.00
20386.00
20361.00
20382.00
20404.00
20402.00
20362.00
20344.00
20369.00
20380.00
20384.00
20359.00
20384.00
20375.00
20404.00
20408.00
20382.00
20369.00
20365.00
20400.00
20404.00
20388.00
20378.00
20381.00
20373.00
20384.00
20383.00
20362.00
20369.00
20393.00
20415.00
20400.00
20393.00
20386.00
20406.00
20393.00
20381.00
20386.00
20375.00
20388.00
20410.00
20396.00
20382.00
20383.00
20387.00
20403.00
20358.00
20360.00
20353.00
20386.00
20391.00
20363.00
20342.00
20323.00
20354.00
20340.00
20352.00
20344.00
20361.00
20372.00
20350.00
20375.00
20324.00
20349.00
20356.00
20369.00
20387.00
20413.00
20363.00
20377.00
20408.00
20390.00
20393.00
20383.00
20401.00
20413.00
20403.00
20406.00
20384.00
20380.00
20364.00
20370.00
20362.00
20350.00
20376.00
20396.00
20384.00
20364.00
20334.00
20362.00
20379.00
20387.00
20355.00
20369.00
20362.00
20384.00
20378.00
20361.00
20354.00
20373.00
20381.00
20372.00
20374.00
20366.00
20374.00
20409.00
20374.00
20375.00
20362.00
20377.00
20387.00
20402.00
20389.00
20377.00
20390.00
20392.00
20390.00
20377.00
20355.00
20345.00
20372.00
20382.00
20372.00
20357.00
20370.00
20379.00
20377.00
20374.00
20361.00
20342.00
20349.00
20356.00
20347.00
20348.00
20384.00
20381.00
20386.00
20382.00
20345.00
20371.00
20392.00
20396.00
20357.00
20357.00
20386.00
20392.00
20413.00
20373.00
20365.00
20348.00
20381.00
20397.00
20391.00
20379.00
20387.00
20385.00
20396.00
20406.00
20404.00
20399.00
20419.00
20412.00
20415.00
20395.00
20410.00
20390.00
20421.00
20409.00
20369.00
20363.00
20388.00
20380.00
20374.00
20366.00
20360.00
20386.00
20405.00
20365.00
20363.00
20383.00
20356.00
20387.00
20389.00
20374.00
20368.00
20383.00
20394.00
20352.00
20332.00
20324.00
20318.00
20333.00
20314.00
20299.00
20289.00
20305.00
20330.00
20307.00
20302.00
20311.00
20284.00
20302.00
20282.00
20268.00
20277.00
20269.00
20289.00
20282.00
20271.00
20269.00
20279.00
20319.00
20283.00
20284.00
20289.00
20272.00
20295.00
20286.00
20254.00
20243.00
20246.00
20256.00
20252.00
20245.00
20228.00
20209.00
20222.00
20216.00
20217.00
20187.00
20203.00
20204.00
20202.00
20183.00
20166.00
20158.00
20140.00
20142.00
20116.00
20096.00
20083.00
20105.00
20113.00
20090.00
20099.00
20094.00
20105.00
20103.00
20094.00
20094.00
20096.00
20104.00
20105.00
20120.00
20091.00
20109.00
20118.00
20122.00
20126.00
20114.00
20119.00
20126.00
20135.00
20118.00
20099.00
20104.00
20126.00
20143.00
20132.00
20123.00
20094.00
20125.00
20127.00
20118.00
20085.00
20103.00
20135.00
20155.00
20146.00
20132.00
20129.00
20144.00
20153.00
20135.00
20133.00
20135.00
20142.00
20160.00
20151.00
20153.00
20166.00
20150.00
20182.00
20183.00
20170.00
20146.00
20163.00
20171.00
20170.00
20169.00
20163.00
20170.00
20182.00
20199.00
20184.00
20127.00
20165.00
20168.00
20188.00
20209.00
20169.00
20174.00
20190.00
20184.00
20203.00
20163.00
20165.00
20194.00
20197.00
20194.00
20191.00
20222.00
20214.00
20214.00
20216.00
20209.00
20194.00
20204.00
20201.00
20202.00
20200.00
20214.00
20220.00
20223.00
20199.00
20188.00
20183.00
20170.00
20185.00
20189.00
20194.00
20196.00
20221.00
20205.00
20199.00
20187.00
20203.00
20195.00
20203.00
20188.00
20187.00
20157.00
20185.00
20192.00
20202.00
20177.00
20190.00
20177.00
20207.00
20210.00
20158.00
20178.00
20174.00
20205.00
20195.00
20179.00
20190.00
20190.00
20206.00
20171.00
20195.00
20189.00
20177.00
20209.00
20200.00
20199.00
20181.00
20186.00
20214.00
20201.00
20177.00
20183.00
20185.00
20204.00
20202.00
20188.00
20199.00
20208.00
20234.00
20215.00
20200.00
20164.00
20217.00
20236.00
20233.00
20240.00
20208.00
20211.00
20215.00
20212.00
20221.00
20184.00
20206.00
20206.00
20223.00
20225.00
20211.00
20212.00
20216.00
20217.00
20216.00
20208.00
20194.00
20216.00
20216.00
20205.00
20217.00
20220.00
20232.00
20243.00
20212.00
20222.00
20221.00
20244.00
20239.00
20222.00
20238.00
20228.00
20258.00
20278.00
20261.00
20244.00
20248.00
20248.00
20253.00
20232.00
20220.00
20242.00
20234.00
20257.00
20243.00
20225.00
20219.00
20255.00
20248.00
20211.00
20222.00
20222.00
20245.00
20246.00
20250.00
20222.00
20227.00
20212.00
20232.00
20239.00
20218.00
20223.00
20234.00
20262.00
20252.00
20237.00
20241.00
20248.00
20252.00
20250.00
20258.00
20243.00
20241.00
20259.00
20294.00
20261.00
20263.00
20279.00
20271.00
20284.00
20258.00
20240.00
20231.00
20238.00
20252.00
20262.00
20223.00
20250.00
20250.00
20263.00
20260.00
20230.00
20236.00
20267.00
20241.00
20252.00
20245.00
20248.00
20245.00
20253.00
20253.00
20245.00
20241.00
20270.00
20268.00
20252.00
20237.00
20244.00
20241.00
20267.00
20252.00
20251.00
20240.00
20257.00
20284.00
20238.00
20232.00
20246.00
20251.00
20258.00
20259.00
20237.00
20239.00
20242.00
20253.00
20245.00
20241.00
20233.00
20239.00
20243.00
20256.00
20243.00
20231.00
20233.00
20240.00
20242.00
20217.00
20227.00
20248.00
20239.00
20264.00
20234.00
20230.00
20239.00
20240.00
20236.00
20228.00
20214.00
20204.00
20221.00
20220.00
20206.00
20215.00
20224.00
20232.00
20242.00
20217.00
20183.00
20168.00
20193.00
20192.00
20182.00
20159.00
20186.00
20205.00
20219.00
20200.00
20187.00
20188.00
20205.00
20180.00
20187.00
20182.00
20204.00
20223.00
20223.00
20219.00
20189.00
20194.00
20204.00
20189.00
20198.00
20189.00
20214.00
20228.00
20235.00
20224.00
20203.00
20191.00
20196.00
20209.00
20217.00
20194.00
20189.00
20224.00
20223.00
20231.00
20218.00
20217.00
20220.00
20231.00
20222.00
20201.00
20209.00
20206.00
20225.00
20212.00
20180.00
20214.00
20240.00
20227.00
20224.00
20178.00
20196.00
20203.00
20210.00
20216.00
20184.00
20206.00
20230.00
20237.00
20231.00
20212.00
20204.00
20211.00
20201.00
20215.00
20212.00
20218.00
20221.00
20249.00
20234.00
20226.00
20211.00
20213.00
20219.00
20223.00
20204.00
20179.00
20191.00
20226.00
20233.00
20205.00
20225.00
20219.00
20224.00
20233.00
20231.00
20221.00
20193.00
20241.00
20249.00
20227.00
20216.00
20213.00
20210.00
20236.00
20197.00
20203.00
20194.00
20202.00
20218.00
20225.00
20229.00
20223.00
20222.00
20224.00
20233.00
20191.00
20220.00
20229.00
20234.00
20223.00
20215.00
20225.00
20251.00
20243.00
20226.00
20192.00
20210.00
20219.00
20249.00
20229.00
20208.00
20239.00
20226.00
20261.00
20248.00
20220.00
20225.00
20243.00
20247.00
20249.00
20249.00
20242.00
20267.00
20273.00
20279.00
20243.00
20252.00
20252.00
20267.00
20243.00
20226.00
20236.00
20249.00
20247.00
20228.00
20221.00
20222.00
20221.00
20238.00
20233.00
20207.00
20214.00
20204.00
20231.00
20256.00
20220.00
20218.00
20229.00
20230.00
20225.00
20202.00
20194.00
20198.00
20217.00
20219.00
20202.00
20219.00
20221.00
20221.00
20226.00
20189.00
20208.00
20197.00
20231.00
20227.00
20231.00
20220.00
20199.00
20213.00
20232.00
20219.00
20182.00
20212.00
20212.00
20219.00
20244.00
20218.00
20210.00
20275.00
20242.00
20251.00
20226.00
20231.00
20257.00
20269.00
20297.00
20306.00
20331.00
20348.00
20326.00
20346.00
20326.00
20362.00
20348.00
20377.00
20361.00
20355.00
20384.00
20396.00
20422.00
20409.00
20401.00
20407.00
20429.00
20447.00
20423.00
20446.00
20461.00
20489.00
20459.00
20479.00
20497.00
20510.00
20499.00
20512.00
20517.00
20495.00
20486.00
20523.00
20538.00
20520.00
20523.00
20513.00
20568.00
20572.00
20550.00
20569.00
20555.00
20562.00
20583.00
20548.00
20583.00
20569.00
20558.00
20563.00
20579.00
20596.00
20560.00
20569.00
20580.00
20573.00
20565.00
20563.00
20564.00
20594.00
20577.00
20579.00
20550.00
20534.00
20505.00
20520.00
20508.00
20518.00
20496.00
20515.00
20540.00
20549.00
20514.00
20515.00
20528.00
20542.00
20545.00
20542.00
20542.00
20574.00
20570.00
20551.00
20544.00
20550.00
20560.00
20576.00
20558.00
20548.00
20576.00
20560.00
20571.00
20573.00
20565.00
20557.00
20583.00
20578.00
20545.00
20564.00
20565.00
20573.00
20569.00
20558.00
20545.00
20576.00
20584.00
20590.00
20569.00
20562.00
20586.00
20596.00
20580.00
20583.00
20563.00
20587.00
20614.00
20610.00
20636.00
20603.00
20575.00
20590.00
20606.00
20596.00
20589.00
20590.00
20593.00
20639.00
20646.00
20639.00
20632.00
20641.00
20648.00
20672.00
20653.00
20670.00
20645.00
20656.00
20662.00
20655.00
20664.00
20673.00
20662.00
20639.00
20626.00
20612.00
20625.00
20646.00
20652.00
20648.00
20628.00
20660.00
20655.00
20649.00
20626.00
20635.00
20634.00
20634.00
20627.00
20623.00
20628.00
20629.00
20647.00
20642.00
20645.00
20607.00
20623.00
20621.00
20626.00
20589.00
20581.00
20599.00
20606.00
20599.00
20613.00
20617.00
20615.00
20621.00
20640.00
20613.00
20587.00
20608.00
20594.00
20616.00
20596.00
20583.00
20609.00
20607.00
20628.00
20618.00
20620.00
20604.00
20624.00
20627.00
20624.00
20599.00
20609.00
20600.00
20633.00
20610.00
20607.00
20594.00
20607.00
20610.00
20614.00
20627.00
20628.00
20651.00
20634.00
20628.00
20613.00
20610.00
20581.00
20598.00
20622.00
20620.00
20639.00
20629.00
20638.00
20624.00
20608.00
20604.00
20628.00
20624.00
20641.00
20626.00
20602.00
20608.00
20634.00
20625.00
20616.00
20612.00
20595.00
20607.00
20610.00
20570.00
20590.00
20587.00
20618.00
20624.00
20612.00
20592.00
20609.00
20621.00
20612.00
20598.00
20615.00
20614.00
20653.00
20675.00
20648.00
20666.00
20667.00
20662.00
20664.00
20681.00
20647.00
20637.00
20665.00
20673.00
20676.00
20642.00
20649.00
20679.00
20655.00
20661.00
20647.00
20629.00
20653.00
20648.00
20659.00
20692.00
20673.00
20656.00
20647.00
20639.00
20614.00
20603.00
20620.00
20641.00
20625.00
20621.00
20626.00
20618.00
20632.00
20631.00
20596.00
20646.00
20622.00
20628.00
20644.00
20613.00
20650.00
20655.00
20611.00
20635.00
20626.00
20599.00
20606.00
20595.00
20587.00
20567.00
20583.00
20585.00
20592.00
20630.00
20640.00
20628.00
20656.00
20625.00
20651.00
20642.00
20629.00
20612.00
20663.00
20672.00
20659.00
20655.00
20663.00
20656.00
20662.00
20656.00
20639.00
20663.00
20659.00
20674.00
20659.00
20646.00
20668.00
20657.00
20665.00
20658.00
20624.00
20644.00
20663.00
20670.00
20688.00
20667.00
20677.00
20685.00
20718.00
20705.00
20703.00
20700.00
20700.00
20708.00
20664.00
20660.00
20667.00
20673.00
20680.00
20692.00
20650.00
20631.00
20641.00
20654.00
20657.00
20663.00
20622.00
20648.00
20674.00
20682.00
20661.00
20667.00
20675.00
20674.00
20652.00
20625.00
20642.00
20628.00
20672.00
20649.00
20638.00
20658.00
20666.00
20697.00
20705.00
20685.00
20691.00
20678.00
20711.00
20722.00
20718.00
20691.00
20707.00
20722.00
20716.00
20705.00
20696.00
20688.00
20711.00
20693.00
20698.00
20704.00
20658.00
20714.00
20687.00
20660.00
20652.00
20631.00
20667.00
20687.00
20679.00
20670.00
20644.00
20677.00
20667.00
20662.00
20648.00
20658.00
20673.00
20668.00
20655.00
20665.00
20653.00
20688.00
20704.00
20704.00
20686.00
20663.00
20671.00
20676.00
20657.00
20618.00
20654.00
20648.00
20661.00
20656.00
20638.00
20653.00
20665.00
20665.00
20650.00
20623.00
20636.00
20627.00
20642.00
20673.00
20650.00
20624.00
20637.00
20666.00
20644.00
20629.00
20625.00
20611.00
20610.00
20644.00
20647.00
20644.00
20663.00
20669.00
20640.00
20626.00
20650.00
20640.00
20663.00
20671.00
20656.00
20667.00
20667.00
20679.00
20689.00
20668.00
20656.00
20664.00
20676.00
20652.00
20669.00
20670.00
20691.00
20697.00
20679.00
20696.00
20686.00
20692.00
20703.00
20686.00
20682.00
20693.00
20676.00
20679.00
20702.00
20699.00
20686.00
20680.00
20681.00
20717.00
20696.00
20695.00
20720.00
20744.00
20762.00
20756.00
20729.00
20761.00
20749.00
20787.00
20777.00
20763.00
20755.00
20771.00
20801.00
20815.00
20808.00
20808.00
20805.00
20798.00
20820.00
20802.00
20816.00
20822.00
20834.00
20821.00
20821.00
20814.00
20858.00
20876.00
20882.00
20850.00
20842.00
20869.00
20882.00
20879.00
20881.00
20882.00
20884.00
20891.00
20903.00
20896.00
20878.00
20922.00
20895.00
20914.00
20892.00
20878.00
20901.00
20910.00
20879.00
20913.00
20851.00
20925.00
20915.00
20909.00
20890.00
20912.00
20945.00
20929.00
20939.00
20908.00
20891.00
20895.00
20936.00
20921.00
20924.00
20951.00
20913.00
20931.00
20951.00
20946.00
20918.00
20899.00
20926.00
20927.00
20922.00
20904.00
20911.00
20936.00
20920.00
20912.00
20876.00
20871.00
20873.00
20858.00
20888.00
20872.00
20886.00
20883.00
20894.00
20907.00
20896.00
20888.00
20909.00
20908.00
20903.00
20908.00
20879.00
20900.00
20953.00
20927.00
20936.00
20923.00
20932.00
20935.00
20942.00
20938.00
20935.00
20931.00
20940.00
20942.00
20927.00
20932.00
20934.00
20945.00
20944.00
20911.00
20911.00
20921.00
20952.00
20956.00
20958.00
20931.00
20946.00
20961.00
20960.00
20961.00
20960.00
20968.00
20961.00
20977.00
20985.00
20952.00
20959.00
20975.00
20969.00
20970.00
20932.00
20951.00
20933.00
20953.00
20977.00
20930.00
20949.00
20966.00
20941.00
20925.00
20900.00
20901.00
20906.00
20927.00
20924.00
20907.00
20913.00
20939.00
20930.00
20967.00
20972.00
20958.00
20969.00
20948.00
20969.00
20936.00
20949.00
20947.00
20937.00
20907.00
20916.00
20938.00
20950.00
20971.00
20949.00
20947.00
20953.00
20947.00
20951.00
20937.00
20934.00
20925.00
20944.00
20949.00
20940.00
20925.00
20911.00
20925.00
20934.00
20926.00
20903.00
20887.00
20892.00
20893.00
20869.00
20888.00
20857.00
20891.00
20930.00
20906.00
20932.00
20911.00
20927.00
20934.00
20948.00
20912.00
20909.00
20923.00
20950.00
20940.00
20955.00
20918.00
20930.00
20954.00
20943.00
20975.00
20944.00
20944.00
20940.00
20955.00
20946.00
20941.00
20956.00
20931.00
20939.00
20948.00
20907.00
20914.00
20909.00
20885.00
20891.00
20857.00
20893.00
20912.00
20907.00
20920.00
20878.00
20913.00
20883.00
20884.00
20897.00
20883.00
20893.00
20900.00
20945.00
20942.00
20950.00
20910.00
20920.00
20942.00
20947.00
20943.00
20902.00
20919.00
20934.00
20912.00
20894.00
20920.00
20920.00
20901.00
20896.00
20910.00
20888.00
20915.00
20950.00
20938.00
20918.00
20904.00
20901.00
20898.00
20897.00
20889.00
20889.00
20924.00
20933.00
20944.00
20904.00
20905.00
20903.00
20929.00
20918.00
20893.00
20891.00
20906.00
20916.00
20921.00
20926.00
20893.00
20895.00
20895.00
20884.00
20888.00
20859.00
20881.00
20897.00
20897.00
20911.00
20890.00
20910.00
20924.00
20913.00
20891.00
20869.00
20865.00
20839.00
20896.00
20878.00
20895.00
20902.00
20890.00
20907.00
20920.00
20918.00
20906.00
20909.00
20900.00
20906.00
20897.00
20874.00
20901.00
20885.00
20901.00
20917.00
20878.00
20894.00
20905.00
20893.00
20848.00
20890.00
20896.00
20904.00
20906.00
20911.00
20892.00
20901.00
20897.00
20911.00
20898.00
20888.00
20877.00
20914.00
20930.00
20926.00
20898.00
20897.00
20916.00
20949.00
20895.00
20895.00
20898.00
20905.00
20952.00
20932.00
20937.00
20930.00
20927.00
20920.00
20902.00
20923.00
20903.00
20902.00
20928.00
20912.00
20889.00
20935.00
20922.00
20929.00
20951.00
20951.00
20933.00
20925.00
20937.00
20935.00
20912.00
20937.00
20953.00
20964.00
20939.00
20940.00
20947.00
20938.00
20961.00
20947.00
20924.00
20922.00
20927.00
20939.00
20955.00
20928.00
20934.00
20947.00
20938.00
20958.00
20912.00
20912.00
20941.00
20979.00
20978.00
20946.00
20927.00
20931.00
20941.00
20948.00
20940.00
20934.00
20939.00
20912.00
20948.00
20933.00
20922.00
20922.00
20941.00
20926.00
20930.00
20930.00
20927.00
20921.00
20943.00
20935.00
20939.00
20921.00
20918.00
20931.00
20941.00
20928.00
20900.00
20946.00
20974.00
20936.00
20923.00
20946.00
20966.00
20967.00
20963.00
20956.00
20935.00
20953.00
20948.00
20953.00
20942.00
20947.00
20961.00
20972.00
20951.00
20939.00
20907.00
20902.00
20933.00
20938.00
20914.00
20913.00
20932.00
20957.00
20969.00
20922.00
20929.00
20946.00
20927.00
20919.00
20915.00
20939.00
20952.00
20952.00
20964.00
20957.00
20962.00
20934.00
20957.00
20958.00
20942.00
20935.00
20934.00
20954.00
20957.00
20956.00
20944.00
20953.00
20983.00
20974.00
20942.00
20953.00
20970.00
20970.00
20979.00
20966.00
20957.00
20988.00
20984.00
20983.00
20980.00
20982.00
20981.00
21012.00
21036.00
21000.00
20990.00
20991.00
21001.00
21008.00
20993.00
20989.00
20983.00
21003.00
21005.00
20994.00
21014.00
21039.00
21027.00
21014.00
20984.00
20992.00
21003.00
21005.00
21011.00
21002.00
21009.00
21018.00
21011.00
21035.00
21011.00
21011.00
20988.00
21020.00
21025.00
21034.00
21027.00
21024.00
21035.00
21044.00
21037.00
21007.00
21021.00
21009.00
21040.00
21013.00
21024.00
21001.00
21011.00
21026.00
21026.00
21021.00
21002.00
21020.00
21026.00
21013.00
21002.00
20962.00
20974.00
21015.00
21000.00
21002.00
21016.00
21019.00
21038.00
21038.00
21030.00
21012.00
21018.00
21008.00
21034.00
21002.00
21011.00
21009.00
21029.00
21022.00
21028.00
20986.00
21025.00
21048.00
21038.00
21038.00
21048.00
21035.00
21061.00
21045.00
21061.00
21022.00
21025.00
21035.00
21050.00
21040.00
21043.00
21012.00
21045.00
21033.00
21012.00
20996.00
21031.00
21044.00
21032.00
21022.00
21033.00
21052.00
21052.00
21062.00
21046.00
21043.00
21025.00
21041.00
21054.00
21036.00
21048.00
21018.00
21040.00
21024.00
21024.00
21022.00
20999.00
21028.00
21033.00
21053.00
21037.00
20997.00
21023.00
21050.00
21063.00
21045.00
21029.00
21032.00
21039.00
21019.00
21015.00
21022.00
20980.00
21008.00
21001.00
21016.00
21000.00
21017.00
21022.00
21036.00
21026.00
21015.00
21029.00
21036.00
21041.00
21021.00
21033.00
21026.00
21063.00
21021.00
21008.00
21001.00
21010.00
21007.00
21027.00
21036.00
21016.00
21000.00
21035.00
21012.00
21017.00
20992.00
21002.00
21023.00
20989.00
21009.00
20988.00
20972.00
21001.00
20988.00
21009.00
20969.00
20977.00
20982.00
20999.00
21025.00
20990.00
20991.00
20980.00
20993.00
20979.00
20957.00
20953.00
20974.00
20966.00
20960.00
20968.00
20996.00
21021.00
21026.00
21009.00
21015.00
21017.00
21006.00
21050.00
21021.00
21012.00
21008.00
20998.00
21022.00
21032.00
21021.00
20965.00
21020.00
21036.00
21000.00
20992.00
21014.00
21006.00
21021.00
21021.00
20989.00
20999.00
20998.00
20997.00
21002.00
20968.00
20961.00
20964.00
20977.00
20985.00
20982.00
20991.00
21003.00
21032.00
21000.00
20995.00
20972.00
20958.00
20942.00
20976.00
20970.00
20983.00
20974.00
20990.00
20995.00
20999.00
21002.00
20971.00
21025.00
21014.00
21002.00
20989.00
21017.00
21018.00
21029.00
21027.00
21028.00
21037.00
21026.00
21028.00
21041.00
21015.00
21018.00
21030.00
21030.00
21029.00
21023.00
21015.00
21020.00
21043.00
21013.00
21020.00
21008.00
20996.00
21026.00
21023.00
21029.00
21026.00
21037.00
21024.00
21045.00
21018.00
21010.00
21038.00
21026.00
21051.00
21037.00
21011.00
21027.00
21023.00
21051.00
21028.00
21032.00
21026.00
21023.00
21055.00
21034.00
21032.00
21032.00
21052.00
21079.00
21041.00
21043.00
21039.00
21060.00
21028.00
21034.00
21013.00
21020.00
21060.00
21070.00
21072.00
21035.00
21045.00
21058.00
21048.00
21065.00
21022.00
21006.00
21017.00
21052.00
21040.00
21026.00
21028.00
21030.00
21037.00
21042.00
21023.00
21018.00
21025.00
21020.00
21002.00
21010.00
20988.00
21010.00
21033.00
21055.00
21066.00
21051.00
21020.00
21075.00
21051.00
21012.00
21015.00
21058.00
21016.00
21022.00
21010.00
20996.00
21010.00
21044.00
21029.00
21055.00
21038.00
21052.00
21071.00
21062.00
21069.00
21016.00
21006.00
21015.00
21047.00
21042.00
20998.00
20992.00
21020.00
21016.00
21011.00
20986.00
20998.00
21031.00
21042.00
21025.00
21053.00
21028.00
21048.00
21059.00
21010.00
20985.00
21021.00
21028.00
21034.00
21050.00
20988.00
20972.00
20964.00
21016.00
21029.00
21013.00
21041.00
21027.00
21024.00
21039.00
21014.00
20980.00
20999.00
21034.00
21028.00
21007.00
21022.00
21011.00
21054.00
21034.00
20987.00
20984.00
21004.00
20997.00
20967.00
20958.00
20977.00
21011.00
20998.00
20993.00
21003.00
20997.00
21006.00
21000.00
20966.00
20965.00
20957.00
20977.00
20989.00
21004.00
21007.00
21003.00
21012.00
