43555.00
43555.00
43521.00
43519.00
43529.00
43549.00
43525.00
43503.00
43506.00
43521.00
43554.00
43538.00
43511.00
43495.00
43517.00
43581.00
43558.00
43524.00
43509.00
43516.00
43558.00
43556.00
43494.00
43501.00
43513.00
43552.00
43549.00
43532.00
43511.00
43533.00
43544.00
43545.00
43518.00
43504.00
43514.00
43545.00
43557.00
43522.00
43493.00
43514.00
43553.00
43540.00
43514.00
43494.00
43516.00
43552.00
43558.00
43523.00
43513.00
43516.00
43561.00
43565.00
43527.00
43511.00
43516.00
43571.00
43570.00
43539.00
43508.00
43527.00
43533.00
43564.00
43550.00
43509.00
43523.00
43562.00
43557.00
43536.00
43493.00
43516.00
43565.00
43566.00
43541.00
43511.00
43522.00
43549.00
43578.00
43541.00
43508.00
43504.00
43532.00
43549.00
43549.00
43522.00
43501.00
43549.00
43557.00
43535.00
43512.00
43515.00
43539.00
43572.00
43539.00
43504.00
43510.00
43528.00
43563.00
43532.00
43508.00
43512.00
43535.00
43560.00
43553.00
43501.00
43486.00
43544.00
43556.00
43559.00
43509.00
43522.00
43526.00
43546.00
43524.00
43481.00
43482.00
43506.00
43542.00
43540.00
43504.00
43483.00
43502.00
43524.00
43510.00
43483.00
43464.00
43488.00
43512.00
43521.00
43486.00
43468.00
43502.00
43534.00
43515.00
43500.00
43473.00
43496.00
43513.00
43511.00
43495.00
43481.00
43482.00
43509.00
43499.00
43463.00
43450.00
43468.00
43509.00
43495.00
43477.00
43453.00
43474.00
43489.00
43508.00
43477.00
43456.00
43463.00
43502.00
43498.00
43457.00
43451.00
43467.00
43488.00
43493.00
43483.00
43448.00
43464.00
43511.00
43496.00
43480.00
43447.00
43458.00
43505.00
43501.00
43492.00
43459.00
43488.00
43509.00
43516.00
43494.00
43473.00
43450.00
43501.00
43497.00
43475.00
43450.00
43467.00
43505.00
43490.00
43472.00
43450.00
43461.00
43485.00
43507.00
43493.00
43454.00
43458.00
43496.00
43509.00
43474.00
43456.00
43464.00
43489.00
43517.00
43488.00
43472.00
43472.00
43489.00
43499.00
43491.00
43459.00
43450.00
43491.00
43518.00
43503.00
43474.00
43467.00
43482.00
43514.00
43505.00
43466.00
43466.00
43502.00
43517.00
43501.00
43467.00
43460.00
43495.00
43514.00
43504.00
43461.00
43473.00
43489.00
43528.00
43515.00
43477.00
43477.00
43493.00
43524.00
43517.00
43481.00
43463.00
43497.00
43537.00
43508.00
43490.00
43478.00
43495.00
43520.00
43515.00
43485.00
43479.00
43497.00
43536.00
43517.00
43483.00
43476.00
43486.00
43510.00
43521.00
43485.00
43475.00
43495.00
43528.00
43532.00
43498.00
43484.00
43497.00
43536.00
43521.00
43486.00
43474.00
43498.00
43526.00
43526.00
43499.00
43487.00
43500.00
43522.00
43528.00
43494.00
43474.00
43490.00
43528.00
43522.00
43497.00
43482.00
43499.00
43537.00
43544.00
43503.00
43474.00
43483.00
43518.00
43528.00
43492.00
43463.00
43470.00
43521.00
43539.00
43501.00
43494.00
43481.00
43517.00
43525.00
43501.00
43474.00
43494.00
43511.00
43518.00
43486.00
43487.00
43481.00
43514.00
43529.00
43497.00
43472.00
43477.00
43511.00
43504.00
43506.00
43456.00
43464.00
43506.00
43511.00
43486.00
43471.00
43453.00
43498.00
43500.00
43489.00
43452.00
43464.00
43500.00
43527.00
43503.00
43464.00
43456.00
43500.00
43509.00
43495.00
43473.00
43466.00
43507.00
43510.00
43491.00
43474.00
43474.00
43499.00
43519.00
43507.00
43466.00
43465.00
43480.00
43516.00
43505.00
43473.00
43473.00
43496.00
43514.00
43493.00
43463.00
43460.00
43476.00
43515.00
43499.00
43462.00
43469.00
43484.00
43528.00
43509.00
43465.00
43460.00
43497.00
43536.00
43496.00
43491.00
43466.00
43492.00
43516.00
43512.00
43471.00
43458.00
43491.00
43520.00
43497.00
43465.00
43459.00
43484.00
43526.00
43514.00
43477.00
43445.00
43474.00
43518.00
43514.00
43464.00
43468.00
43472.00
43519.00
43499.00
43480.00
43470.00
43486.00
43516.00
43528.00
43479.00
43472.00
43498.00
43505.00
43518.00
43483.00
43475.00
43495.00
43526.00
43530.00
43503.00
43482.00
43482.00
43529.00
43522.00
43494.00
43469.00
43484.00
43521.00
43534.00
43487.00
43477.00
43460.00
43506.00
43512.00
43469.00
43443.00
43483.00
43512.00
43527.00
43485.00
43462.00
43472.00
43510.00
43515.00
43498.00
43469.00
43473.00
43509.00
43513.00
43498.00
43461.00
43471.00
43511.00
43496.00
43499.00
43457.00
43452.00
43500.00
43522.00
43494.00
43467.00
43470.00
43494.00
43515.00
43486.00
43466.00
43463.00
43499.00
43503.00
43493.00
43457.00
43461.00
43504.00
43517.00
43488.00
43459.00
43453.00
43503.00
43510.00
43494.00
43465.00
43454.00
43493.00
43509.00
43507.00
43466.00
43455.00
43488.00
43502.00
43491.00
43447.00
43433.00
43485.00
43504.00
43492.00
43457.00
43441.00
43468.00
43515.00
43478.00
43460.00
43439.00
43473.00
43496.00
43485.00
43450.00
43453.00
43497.00
43519.00
43477.00
43464.00
43446.00
43478.00
43492.00
43495.00
43454.00
43449.00
43491.00
43513.00
43490.00
43466.00
43452.00
43474.00
43504.00
43497.00
43449.00
43445.00
43475.00
43513.00
43476.00
43469.00
43430.00
43466.00
43501.00
43501.00
43458.00
43454.00
43459.00
43510.00
43487.00
43469.00
43464.00
43479.00
43499.00
43491.00
43446.00
43437.00
43465.00
43497.00
43492.00
43461.00
43441.00
43471.00
43493.00
43489.00
43451.00
43449.00
43463.00
43498.00
43494.00
43475.00
43446.00
43466.00
43512.00
43495.00
43451.00
43448.00
43467.00
43497.00
43494.00
43454.00
43423.00
43445.00
43484.00
43488.00
43456.00
43432.00
43459.00
43492.00
43498.00
43457.00
43435.00
43449.00
43495.00
43489.00
43463.00
43431.00
43453.00
43490.00
43484.00
43459.00
43429.00
43441.00
43494.00
43496.00
43473.00
43430.00
43460.00
43490.00
43493.00
43474.00
43441.00
43444.00
43489.00
43502.00
43475.00
43441.00
43465.00
43485.00
43506.00
43483.00
43457.00
43465.00
43487.00
43489.00
43477.00
43450.00
43451.00
43479.00
43497.00
43473.00
43443.00
43454.00
43477.00
43493.00
43469.00
43444.00
43457.00
43480.00
43498.00
43490.00
43458.00
43448.00
43480.00
43498.00
43486.00
43452.00
43456.00
43489.00
43500.00
43501.00
43452.00
43453.00
43485.00
43513.00
43506.00
43456.00
43458.00
43492.00
43518.00
43500.00
43468.00
43457.00
43501.00
43523.00
43496.00
43455.00
43459.00
43486.00
43510.00
43492.00
43452.00
43456.00
43478.00
43505.00
43502.00
43467.00
43473.00
43474.00
43504.00
43494.00
43473.00
43476.00
43494.00
43518.00
43505.00
43468.00
43477.00
43496.00
43519.00
43506.00
43490.00
43467.00
43485.00
43521.00
43512.00
43480.00
43461.00
43484.00
43515.00
43504.00
43474.00
43456.00
43489.00
43519.00
43517.00
43471.00
43470.00
43484.00
43508.00
43524.00
43482.00
43464.00
43500.00
43528.00
43510.00
43482.00
43456.00
43471.00
43521.00
43503.00
43467.00
43470.00
43468.00
43516.00
43515.00
43478.00
43456.00
43473.00
43487.00
43511.00
43475.00
43445.00
43475.00
43527.00
43499.00
43485.00
43459.00
43468.00
43513.00
43498.00
43484.00
43453.00
43468.00
43509.00
43497.00
43484.00
43450.00
43469.00
43496.00
43516.00
43486.00
43444.00
43468.00
43504.00
43492.00
43482.00
43452.00
43464.00
43491.00
43490.00
43467.00
43457.00
43446.00
43485.00
43491.00
43473.00
43444.00
43467.00
43497.00
43498.00
43465.00
43428.00
43448.00
43497.00
43498.00
43488.00
43449.00
43470.00
43499.00
43502.00
43468.00
43431.00
43454.00
43482.00
43510.00
43474.00
43436.00
43436.00
43495.00
43492.00
43465.00
43441.00
43436.00
43470.00
43494.00
43460.00
43452.00
43441.00
43477.00
43510.00
43485.00
43439.00
43452.00
43488.00
43489.00
43488.00
43449.00
43453.00
43486.00
43502.00
43467.00
43445.00
43440.00
43474.00
43489.00
43467.00
43438.00
43440.00
43466.00
43478.00
43484.00
43441.00
43436.00
43479.00
43505.00
43473.00
43439.00
43418.00
43479.00
43489.00
43478.00
43425.00
43436.00
43471.00
43488.00
43470.00
43442.00
43438.00
43464.00
43486.00
43477.00
43443.00
43437.00
43462.00
43483.00
43480.00
43441.00
43430.00
43473.00
43489.00
43470.00
43443.00
43430.00
43461.00
43465.00
43477.00
43455.00
43435.00
43458.00
43479.00
43472.00
43443.00
43423.00
43473.00
43476.00
43479.00
43455.00
43440.00
43467.00
43494.00
43491.00
43449.00
43448.00
43477.00
43490.00
43486.00
43449.00
43433.00
43454.00
43499.00
43482.00
43431.00
43441.00
43451.00
43489.00
43492.00
43453.00
43451.00
43451.00
43494.00
43484.00
43445.00
43443.00
43446.00
43499.00
43480.00
43448.00
43431.00
43461.00
43509.00
43495.00
43456.00
43440.00
43473.00
43505.00
43507.00
43470.00
43436.00
43469.00
43495.00
43484.00
43454.00
43443.00
43475.00
43499.00
43497.00
43479.00
43459.00
43471.00
43495.00
43483.00
43468.00
43428.00
43453.00
43493.00
43495.00
43470.00
43444.00
43448.00
43492.00
43491.00
43470.00
43453.00
43455.00
43498.00
43512.00
43477.00
43453.00
43467.00
43500.00
43511.00
43478.00
43450.00
43458.00
43489.00
43480.00
43475.00
43454.00
43457.00
43492.00
43509.00
43464.00
43442.00
43456.00
43484.00
43484.00
43459.00
43443.00
43453.00
43501.00
43503.00
43471.00
43443.00
43437.00
43485.00
43495.00
43472.00
43440.00
43456.00
43485.00
43483.00
43471.00
43436.00
43474.00
43490.00
43488.00
43465.00
43430.00
43445.00
43488.00
43505.00
43480.00
43445.00
43444.00
43471.00
43495.00
43479.00
43459.00
43448.00
43478.00
43490.00
43482.00
43447.00
43459.00
43484.00
43509.00
43476.00
43454.00
43442.00
43484.00
43490.00
43480.00
43450.00
43445.00
43472.00
43498.00
43488.00
43451.00
43441.00
43468.00
43498.00
43491.00
43459.00
43437.00
43479.00
43505.00
43485.00
43458.00
43451.00
43489.00
43511.00
43478.00
43454.00
43454.00
43483.00
43513.00
43492.00
43460.00
43445.00
43480.00
43495.00
43492.00
43451.00
43444.00
43479.00
43504.00
43480.00
43454.00
43449.00
43470.00
43506.00
43483.00
43451.00
43441.00
43471.00
43503.00
43482.00
43445.00
43436.00
43460.00
43496.00
43467.00
43459.00
43423.00
43460.00
43493.00
43483.00
43461.00
43436.00
43464.00
43502.00
43485.00
43454.00
43423.00
43453.00
43488.00
43481.00
43434.00
43422.00
43449.00
43484.00
43484.00
43429.00
43434.00
43442.00
43482.00
43473.00
43431.00
43422.00
43455.00
43481.00
43487.00
43449.00
43436.00
43455.00
43480.00
43480.00
43444.00
43416.00
43445.00
43485.00
43484.00
43450.00
43428.00
43428.00
43477.00
43480.00
43455.00
43427.00
43438.00
43486.00
43469.00
43463.00
43436.00
43442.00
43488.00
43475.00
43459.00
43425.00
43433.00
43479.00
43470.00
43464.00
43432.00
43465.00
43476.00
43478.00
43460.00
43434.00
43430.00
43484.00
43486.00
43460.00
43435.00
43431.00
43480.00
43481.00
43465.00
43435.00
43439.00
43478.00
43499.00
43465.00
43444.00
43450.00
43487.00
43510.00
43461.00
43453.00
43438.00
43468.00
43489.00
43468.00
43417.00
43425.00
43465.00
43469.00
43453.00
43433.00
43424.00
43473.00
43480.00
43465.00
43426.00
43444.00
43475.00
43488.00
43477.00
43429.00
43443.00
43466.00
43494.00
43467.00
43438.00
43447.00
43473.00
43497.00
43481.00
43450.00
43452.00
43478.00
43489.00
43489.00
43457.00
43447.00
43478.00
43495.00
43473.00
43452.00
43447.00
43481.00
43498.00
43481.00
43453.00
43436.00
43470.00
43509.00
43483.00
43455.00
43439.00
43474.00
43492.00
43479.00
43455.00
43455.00
43470.00
43496.00
43481.00
43443.00
43437.00
43467.00
43489.00
43475.00
43436.00
43428.00
43456.00
43504.00
43472.00
43431.00
43439.00
43465.00
43488.00
43473.00
43417.00
43436.00
43456.00
43492.00
43481.00
43446.00
43430.00
43456.00
43500.00
43480.00
43445.00
43447.00
43459.00
43474.00
43493.00
43449.00
43424.00
43451.00
43470.00
43474.00
43434.00
43435.00
43446.00
43486.00
43461.00
43454.00
43434.00
43444.00
43492.00
43480.00
43452.00
43430.00
43464.00
43486.00
43491.00
43442.00
43440.00
43448.00
43495.00
43482.00
43460.00
43442.00
43457.00
43479.00
43492.00
43479.00
43432.00
43457.00
43492.00
43489.00
43452.00
43434.00
43457.00
43486.00
43481.00
43461.00
43446.00
43452.00
43490.00
43507.00
43461.00
43437.00
43474.00
43500.00
43498.00
43463.00
43454.00
43456.00
43499.00
43502.00
43477.00
43436.00
43468.00
43492.00
43497.00
43486.00
43454.00
43473.00
43485.00
43494.00
43462.00
43438.00
43451.00
43489.00
43495.00
43470.00
43453.00
43464.00
43501.00
43494.00
43475.00
43458.00
43459.00
43473.00
43486.00
43457.00
43431.00
43453.00
43471.00
43480.00
43471.00
43439.00
43439.00
43483.00
43489.00
43470.00
43434.00
43427.00
43482.00
43482.00
43465.00
43428.00
43433.00
43464.00
43487.00
43474.00
43424.00
43429.00
43469.00
43486.00
43470.00
43433.00
43435.00
43455.00
43476.00
43479.00
43430.00
43449.00
43470.00
43485.00
43472.00
43441.00
43422.00
43469.00
43485.00
43466.00
43436.00
43414.00
43466.00
43474.00
43479.00
43431.00
43429.00
43458.00
43481.00
43463.00
43432.00
43417.00
43444.00
43479.00
43465.00
43446.00
43409.00
43432.00
43488.00
43476.00
43438.00
43417.00
43447.00
43471.00
43454.00
43429.00
43417.00
43431.00
43479.00
43461.00
43429.00
43416.00
43443.00
43475.00
43472.00
43438.00
43390.00
43442.00
43456.00
43463.00
43423.00
43415.00
43437.00
43478.00
43460.00
43431.00
43421.00
43449.00
43480.00
43480.00
43453.00
43447.00
43460.00
43491.00
43488.00
43473.00
43462.00
43490.00
43543.00
43529.00
43502.00
43504.00
43548.00
43598.00
43617.00
43606.00
43610.00
43653.00
43724.00
43756.00
43791.00
43821.00
43892.00
43953.00
44021.00
44053.00
44096.00
44169.00
44268.00
44332.00
44345.00
44389.00
44455.00
44514.00
44553.00
44581.00
44585.00
44627.00
44690.00
44716.00
44714.00
44684.00
44721.00
44755.00
44778.00
44751.00
44719.00
44747.00
44776.00
44780.00
44747.00
44709.00
44732.00
44754.00
44753.00
44711.00
44713.00
44705.00
44750.00
44752.00
44717.00
44694.00
44693.00
44731.00
44740.00
44707.00
44687.00
44694.00
44732.00
44742.00
44722.00
44703.00
44733.00
44763.00
44768.00
44778.00
44745.00
44749.00
44786.00
44806.00
44776.00
44755.00
44751.00
44814.00
44816.00
44795.00
44750.00
44777.00
44803.00
44805.00
44793.00
44768.00
44759.00
44790.00
44809.00
44785.00
44770.00
44771.00
44789.00
44810.00
44810.00
44763.00
44781.00
44797.00
44819.00
44807.00
44769.00
44765.00
44778.00
44798.00
44788.00
44747.00
44749.00
44774.00
44796.00
44772.00
44723.00
44734.00
44757.00
44777.00
44764.00
44745.00
44733.00
44773.00
44777.00
44776.00
44739.00
44738.00
44766.00
44790.00
44772.00
44761.00
44743.00
44765.00
44782.00
44777.00
44755.00
44750.00
44762.00
44801.00
44777.00
44756.00
44751.00
44777.00
44787.00
44783.00
44750.00
44740.00
44765.00
44792.00
44791.00
44753.00
44747.00
44771.00
44792.00
44792.00
44749.00
44748.00
44758.00
44796.00
44783.00
44754.00
44734.00
44746.00
44786.00
44775.00
44737.00
44730.00
44759.00
44784.00
44783.00
44739.00
44735.00
44751.00
44782.00
44794.00
44744.00
44740.00
44756.00
44792.00
44780.00
44744.00
44721.00
44743.00
44770.00
44774.00
44738.00
44721.00
44743.00
44791.00
44771.00
44747.00
44724.00
44758.00
44781.00
44791.00
44754.00
44730.00
44757.00
44779.00
44765.00
44753.00
44744.00
44741.00
44789.00
44780.00
44747.00
44730.00
44745.00
44760.00
44758.00
44743.00
44732.00
44739.00
44776.00
44773.00
44734.00
44709.00
44727.00
44766.00
44751.00
44732.00
44707.00
44737.00
44763.00
44761.00
44733.00
44714.00
44707.00
44758.00
44749.00
44726.00
44708.00
44726.00
44750.00
44762.00
44730.00
44702.00
44705.00
44757.00
44766.00
44723.00
44701.00
44718.00
44746.00
44742.00
44734.00
44711.00
44714.00
44752.00
44754.00
44736.00
44706.00
44707.00
44734.00
44742.00
44725.00
44703.00
44704.00
44746.00
44745.00
44724.00
44700.00
44698.00
44739.00
44756.00
44740.00
44690.00
44695.00
44734.00
44744.00
44723.00
44702.00
44705.00
44738.00
44754.00
44731.00
44704.00
44723.00
44731.00
44748.00
44725.00
44699.00
44696.00
44726.00
44733.00
44726.00
44703.00
44695.00
44722.00
44748.00
44727.00
44692.00
44686.00
44741.00
44739.00
44714.00
44686.00
44687.00
44717.00
44743.00
44729.00
44698.00
44693.00
44715.00
44749.00
44727.00
44689.00
44698.00
44720.00
44757.00
44726.00
44688.00
44682.00
44718.00
44743.00
44725.00
44675.00
44674.00
44714.00
44725.00
44704.00
44673.00
44691.00
44699.00
44744.00
44727.00
44695.00
44679.00
44713.00
44733.00
44716.00
44694.00
44687.00
44705.00
44742.00
44722.00
44698.00
44692.00
44713.00
44731.00
44727.00
44695.00
44699.00
44720.00
44738.00
44731.00
44694.00
44694.00
44726.00
44759.00
44734.00
44693.00
44682.00
44711.00
44729.00
44728.00
44695.00
44681.00
44715.00
44738.00
44727.00
44704.00
44695.00
44702.00
44738.00
44726.00
44712.00
44698.00
44716.00
44752.00
44734.00
44706.00
44685.00
44722.00
44743.00
44728.00
44708.00
44694.00
44720.00
44740.00
44730.00
44710.00
44675.00
44692.00
44742.00
44730.00
44699.00
44670.00
44696.00
44727.00
44731.00
44694.00
44673.00
44701.00
44735.00
44738.00
44708.00
44687.00
44704.00
44733.00
44726.00
44694.00
44688.00
44699.00
44728.00
44740.00
44694.00
44680.00
44692.00
44720.00
44738.00
44699.00
44677.00
44702.00
44730.00
44718.00
44707.00
44678.00
44699.00
44740.00
44731.00
44714.00
44692.00
44705.00
44720.00
44741.00
44708.00
44685.00
44687.00
44731.00
44726.00
44706.00
44676.00
44693.00
44725.00
44727.00
44707.00
44680.00
44701.00
44719.00
44725.00
44704.00
44680.00
44697.00
44735.00
44740.00
44712.00
44689.00
44697.00
44731.00
44735.00
44693.00
44675.00
44688.00
44736.00
44740.00
44735.00
44712.00
44715.00
44775.00
44787.00
44783.00
44748.00
44774.00
44834.00
44851.00
44855.00
44862.00
44908.00
45003.00
45051.00
45078.00
45107.00
45150.00
45264.00
45334.00
45385.00
45434.00
45497.00
45611.00
45680.00
45744.00
45777.00
45892.00
46027.00
46134.00
46226.00
46291.00
46431.00
46591.00
46718.00
46816.00
46900.00
47017.00
47159.00
47287.00
47380.00
47467.00
47572.00
47735.00
47886.00
48009.00
48099.00
48238.00
48384.00
48506.00
48627.00
48710.00
48819.00
48951.00
49069.00
49161.00
49198.00
49296.00
49414.00
49520.00
49565.00
49572.00
49626.00
49706.00
49765.00
49770.00
49764.00
49763.00
49803.00
49844.00
49810.00
49785.00
49790.00
49812.00
49851.00
49831.00
49796.00
49812.00
49840.00
49852.00
49841.00
49814.00
49803.00
49845.00
49865.00
49852.00
49834.00
49831.00
49865.00
49891.00
49868.00
49849.00
49846.00
49891.00
49912.00
49899.00
49868.00
49864.00
49915.00
49917.00
49922.00
49884.00
49882.00
49917.00
49936.00
49931.00
49892.00
49886.00
49930.00
49960.00
49942.00
49909.00
49905.00
49935.00
49961.00
49945.00
49918.00
49907.00
49933.00
49984.00
49966.00
49928.00
49919.00
49938.00
49970.00
49968.00
49928.00
49917.00
49948.00
49971.00
49965.00
49931.00
49926.00
49952.00
49979.00
49981.00
49927.00
49924.00
49957.00
49977.00
49972.00
49937.00
49929.00
49937.00
49980.00
49976.00
49934.00
49919.00
49944.00
49972.00
49962.00
49923.00
49910.00
49934.00
49973.00
49953.00
49923.00
49907.00
49932.00
49952.00
49944.00
49914.00
49907.00
49917.00
49949.00
49947.00
49920.00
49913.00
49924.00
49948.00
49933.00
49900.00
49906.00
49912.00
49941.00
49928.00
49898.00
49884.00
49911.00
49948.00
49932.00
49912.00
49890.00
49902.00
49932.00
49935.00
49902.00
49887.00
49900.00
49936.00
49927.00
49904.00
49875.00
49908.00
49932.00
49929.00
49905.00
49872.00
49897.00
49934.00
49918.00
49885.00
49874.00
49881.00
49925.00
49912.00
49879.00
49873.00
49895.00
49924.00
49925.00
49881.00
49854.00
49891.00
49921.00
49921.00
49878.00
49872.00
49887.00
49924.00
49922.00
49889.00
49872.00
49888.00
49912.00
49915.00
49888.00
49884.00
49888.00
49926.00
49924.00
49887.00
49866.00
49881.00
49923.00
49928.00
49886.00
49886.00
49895.00
49931.00
49929.00
49899.00
49874.00
49888.00
49915.00
49925.00
49898.00
49864.00
49896.00
49924.00
49935.00
49900.00
49863.00
49879.00
49922.00
49927.00
49900.00
49890.00
49899.00
49930.00
49937.00
49903.00
49884.00
49884.00
49930.00
49935.00
49910.00
49874.00
49890.00
49928.00
49935.00
49919.00
49881.00
49896.00
49929.00
49931.00
49913.00
49871.00
49891.00
49908.00
49941.00
49905.00
49877.00
49889.00
49925.00
49926.00
49903.00
49875.00
49876.00
49925.00
49919.00
49887.00
49879.00
49889.00
49921.00
49922.00
49894.00
49870.00
49869.00
49899.00
49916.00
49891.00
49866.00
49870.00
49911.00
49918.00
49914.00
49857.00
49880.00
49907.00
49921.00
49896.00
49875.00
49900.00
49913.00
49920.00
49900.00
49872.00
49880.00
49915.00
49926.00
49894.00
49864.00
49869.00
49909.00
49921.00
49901.00
49869.00
49878.00
49903.00
49913.00
49896.00
49872.00
49883.00
49907.00
49912.00
49900.00
49873.00
49875.00
49914.00
49929.00
49899.00
49873.00
49877.00
49909.00
49930.00
49911.00
49880.00
49881.00
49927.00
49932.00
49906.00
49895.00
49893.00
49921.00
49943.00
49922.00
49878.00
49877.00
49909.00
49938.00
49904.00
49887.00
49891.00
49922.00
49934.00
49914.00
49895.00
49870.00
49914.00
49938.00
49923.00
49880.00
49884.00
49908.00
49926.00
49911.00
49878.00
49864.00
49894.00
49915.00
49904.00
49865.00
49859.00
49889.00
49911.00
49886.00
49840.00
49845.00
49887.00
49911.00
49893.00
49863.00
49857.00
49889.00
49917.00
49895.00
49864.00
49862.00
49890.00
49924.00
49901.00
49867.00
49859.00
49894.00
49926.00
49895.00
49877.00
49869.00
49901.00
49925.00
49909.00
49876.00
49875.00
49901.00
49916.00
49907.00
49882.00
49864.00
49891.00
49913.00
49896.00
49870.00
49860.00
49890.00
49943.00
49904.00
49854.00
49874.00
49895.00
49923.00
49913.00
49870.00
49861.00
49900.00
49934.00
49917.00
49873.00
49866.00
49903.00
49932.00
49914.00
49882.00
49867.00
49902.00
49936.00
49913.00
49879.00
49867.00
49915.00
49930.00
49927.00
49885.00
49877.00
49910.00
49928.00
49909.00
49878.00
49885.00
49907.00
49926.00
49917.00
49866.00
49876.00
49902.00
49929.00
49916.00
49883.00
49881.00
49899.00
49924.00
49918.00
49875.00
49870.00
49902.00
49944.00
49936.00
49924.00
49919.00
49969.00
50020.00
50035.00
50042.00
50091.00
50167.00
50269.00
50315.00
50344.00
50412.00
50518.00
50629.00
50694.00
50748.00
50829.00
50924.00
51073.00
51132.00
51192.00
51269.00
51380.00
51482.00
51540.00
51577.00
51635.00
51717.00
51811.00
51843.00
51889.00
51938.00
52018.00
52112.00
52164.00
52182.00
52244.00
52308.00
52392.00
52451.00
52449.00
52482.00
52540.00
52622.00
52653.00
52676.00
52703.00
52752.00
52826.00
52848.00
52863.00
52911.00
52954.00
53017.00
53045.00
53036.00
53042.00
53089.00
53153.00
53176.00
53166.00
53171.00
53207.00
53253.00
53256.00
53234.00
53219.00
53229.00
53245.00
53240.00
53200.00
53173.00
53180.00
53212.00
53187.00
53181.00
53153.00
53151.00
53180.00
53164.00
53141.00
53130.00
53136.00
53174.00
53158.00
53138.00
53116.00
53126.00
53160.00
53147.00
53130.00
53105.00
53122.00
53148.00
53144.00
53129.00
53103.00
53121.00
53147.00
53134.00
53106.00
53083.00
53092.00
53120.00
53118.00
53074.00
53065.00
53071.00
53099.00
53077.00
53057.00
53026.00
53027.00
53048.00
53047.00
53001.00
52980.00
52985.00
53024.00
53023.00
53000.00
52976.00
52972.00
53012.00
53004.00
52969.00
52972.00
52972.00
53015.00
52995.00
52989.00
52965.00
52979.00
53002.00
53003.00
52979.00
52969.00
52983.00
53008.00
53008.00
52980.00
52959.00
52975.00
53013.00
53007.00
52966.00
52953.00
52963.00
52979.00
52980.00
52970.00
52944.00
52947.00
52975.00
52983.00
52960.00
52934.00
52934.00
52967.00
52969.00
52937.00
52917.00
52925.00
52960.00
52969.00
52945.00
52920.00
52925.00
52953.00
52953.00
52937.00
52914.00
52917.00
52957.00
52953.00
52930.00
52907.00
52908.00
52941.00
52941.00
52925.00
52905.00
52903.00
52948.00
52950.00
52936.00
52912.00
52926.00
52949.00
52947.00
52944.00
52915.00
52928.00
52956.00
52965.00
52956.00
52916.00
52932.00
52964.00
52960.00
52952.00
52930.00
52939.00
52963.00
52961.00
52952.00
52922.00
52931.00
52956.00
52976.00
52936.00
52925.00
52936.00
52956.00
52970.00
52952.00
52907.00
52931.00
52964.00
52966.00
52937.00
52916.00
52917.00
52942.00
52954.00
52930.00
52915.00
52906.00
52945.00
52969.00
52940.00
52926.00
52917.00
52949.00
52963.00
52930.00
52913.00
52915.00
52953.00
52956.00
52948.00
52919.00
52921.00
52958.00
52955.00
52940.00
52912.00
52933.00
52950.00
52977.00
52946.00
52912.00
52932.00
52955.00
52964.00
52947.00
52918.00
52916.00
52933.00
52952.00
52931.00
52912.00
52906.00
52940.00
52951.00
52928.00
52895.00
52897.00
52932.00
52945.00
52932.00
52903.00
52909.00
52939.00
52947.00
52932.00
52900.00
52901.00
52924.00
52929.00
52934.00
52900.00
52897.00
52921.00
52946.00
52919.00
52904.00
52898.00
52920.00
52954.00
52931.00
52890.00
52883.00
52928.00
52928.00
52916.00
52894.00
52891.00
52927.00
52946.00
52922.00
52897.00
52891.00
52914.00
52930.00
52922.00
52888.00
52879.00
52921.00
52932.00
52917.00
52897.00
52898.00
52921.00
52928.00
52929.00
52887.00
52889.00
52922.00
52941.00
52923.00
52901.00
52893.00
52917.00
52938.00
52916.00
52902.00
52905.00
52912.00
52932.00
52917.00
52893.00
52892.00
52927.00
52936.00
52930.00
52900.00
52885.00
52912.00
52938.00
52926.00
52888.00
52894.00
52919.00
52943.00
52923.00
52900.00
52901.00
52924.00
52949.00
52927.00
52904.00
52904.00
52918.00
52945.00
52922.00
52909.00
52912.00
52927.00
52944.00
52945.00
52907.00
52912.00
52923.00
52952.00
52938.00
52909.00
52907.00
52932.00
52952.00
52945.00
52908.00
52896.00
52933.00
52956.00
52949.00
52913.00
52892.00
52935.00
52951.00
52949.00
52912.00
52907.00
52921.00
52947.00
52940.00
52910.00
52907.00
52922.00
52957.00
52948.00
52904.00
52904.00
52922.00
52951.00
52938.00
52912.00
52904.00
52928.00
52951.00
52950.00
52914.00
52906.00
52917.00
52954.00
52939.00
52926.00
52910.00
52914.00
52953.00
52959.00
52919.00
52926.00
52926.00
52966.00
52959.00
52929.00
52919.00
52937.00
52968.00
52960.00
52926.00
52911.00
52927.00
52963.00
52957.00
52929.00
52914.00
52926.00
52949.00
52950.00
52927.00
52921.00
52938.00
52962.00
52951.00
52928.00
52914.00
52940.00
52962.00
52958.00
52937.00
52921.00
52933.00
52963.00
52953.00
52915.00
52913.00
52922.00
52960.00
52951.00
52925.00
52903.00
52915.00
52947.00
52953.00
52915.00
52897.00
52905.00
52937.00
52932.00
52907.00
52880.00
52897.00
52924.00
52921.00
52895.00
52870.00
52875.00
52918.00
52915.00
52883.00
52865.00
52867.00
52906.00
52907.00
52875.00
52863.00
52869.00
52899.00
52893.00
52865.00
52840.00
52851.00
52881.00
52888.00
52863.00
52839.00
52849.00
52884.00
52885.00
52851.00
52839.00
52853.00
52880.00
52879.00
52864.00
52832.00
52854.00
52885.00
52888.00
52870.00
52842.00
52856.00
52886.00
52892.00
52878.00
52865.00
52884.00
52944.00
52964.00
52952.00
52956.00
52989.00
53048.00
53062.00
53090.00
53106.00
53162.00
53239.00
53294.00
53328.00
53344.00
53391.00
53478.00
53525.00
53536.00
53564.00
53594.00
53677.00
53715.00
53734.00
53760.00
53793.00
53852.00
53887.00
53892.00
53888.00
53920.00
53970.00
53995.00
54008.00
53996.00
54028.00
54074.00
54096.00
54087.00
54070.00
54092.00
54131.00
54150.00
54150.00
54140.00
54159.00
54203.00
54221.00
54219.00
54200.00
54207.00
54241.00
54251.00
54231.00
54213.00
54229.00
54256.00
54270.00
54248.00
54224.00
54224.00
54253.00
54268.00
54249.00
54229.00
54228.00
54263.00
54280.00
54272.00
54247.00
54242.00
54281.00
54292.00
54271.00
54240.00
54238.00
54246.00
54269.00
54239.00
54194.00
54184.00
54216.00
54224.00
54212.00
54184.00
54179.00
54201.00
54210.00
54191.00
54172.00
54180.00
54197.00
54215.00
54203.00
54166.00
54147.00
54172.00
54181.00
54171.00
54137.00
54136.00
54138.00
54162.00
54164.00
54125.00
54121.00
54150.00
54153.00
54158.00
54116.00
54114.00
54131.00
54140.00
54122.00
54093.00
54095.00
54114.00
54136.00
54117.00
54082.00
54075.00
54093.00
54119.00
54096.00
54061.00
54055.00
54090.00
54120.00
54105.00
54069.00
54063.00
54088.00
54112.00
54096.00
54068.00
54063.00
54088.00
54106.00
54108.00
54079.00
54077.00
54099.00
54119.00
54101.00
54080.00
54075.00
54100.00
54130.00
54108.00
54093.00
54064.00
54108.00
54123.00
54120.00
54086.00
54068.00
54084.00
54114.00
54108.00
54084.00
54076.00
54092.00
54125.00
54117.00
54083.00
54071.00
54098.00
54113.00
54114.00
54074.00
54062.00
54078.00
54121.00
54125.00
54089.00
54082.00
54094.00
54117.00
54114.00
54102.00
54076.00
54101.00
54138.00
54123.00
54093.00
54084.00
54096.00
54118.00
54104.00
54075.00
54075.00
54093.00
54109.00
54098.00
54081.00
54052.00
54096.00
54106.00
54086.00
54065.00
54041.00
54059.00
54089.00
54078.00
54064.00
54033.00
54060.00
54090.00
54086.00
54055.00
54035.00
54048.00
54085.00
54065.00
54051.00
54038.00
54055.00
54093.00
54084.00
54052.00
54036.00
54059.00
54083.00
54081.00
54064.00
54026.00
54065.00
54085.00
54087.00
54064.00
54051.00
54065.00
54088.00
54094.00
54063.00
54038.00
54072.00
54090.00
54081.00
54061.00
54038.00
54055.00
54086.00
54087.00
54062.00
54027.00
54045.00
54080.00
54076.00
54056.00
54032.00
54045.00
54073.00
54067.00
54041.00
54031.00
54038.00
54078.00
54073.00
54039.00
54035.00
54041.00
54084.00
54079.00
54060.00
54037.00
54044.00
54080.00
54093.00
54070.00
54046.00
54063.00
54086.00
54083.00
54074.00
54044.00
54052.00
54093.00
54085.00
54058.00
54026.00
54046.00
54076.00
54082.00
54052.00
54024.00
54047.00
54083.00
54093.00
54059.00
54032.00
54042.00
54073.00
54064.00
54053.00
54031.00
54037.00
54072.00
54068.00
54046.00
54012.00
54024.00
54057.00
54066.00
54041.00
54019.00
54039.00
54061.00
54060.00
54038.00
54005.00
54029.00
54051.00
54062.00
54028.00
54008.00
54017.00
54048.00
54062.00
54030.00
54007.00
54016.00
54045.00
54049.00
54032.00
54011.00
54015.00
54040.00
54054.00
54041.00
53990.00
54008.00
54037.00
54047.00
54029.00
54005.00
54017.00
54048.00
54042.00
54024.00
54012.00
54001.00
54039.00
54061.00
54026.00
54008.00
54010.00
54043.00
54048.00
54021.00
53994.00
54005.00
54033.00
54048.00
54033.00
53999.00
53996.00
54029.00
54046.00
54027.00
54000.00
53999.00
54038.00
54042.00
54023.00
54000.00
53999.00
54020.00
54058.00
54032.00
53995.00
54002.00
54025.00
54050.00
54031.00
53987.00
54004.00
54033.00
54042.00
54025.00
54012.00
54013.00
54043.00
54044.00
54027.00
54000.00
54020.00
54040.00
54058.00
54037.00
54006.00
54014.00
54030.00
54052.00
54036.00
53998.00
54008.00
54031.00
54052.00
54040.00
54007.00
54004.00
54030.00
54043.00
54025.00
53998.00
54003.00
54036.00
54036.00
54021.00
53992.00
54000.00
54032.00
54050.00
54037.00
54009.00
54006.00
54016.00
54040.00
54035.00
54014.00
54018.00
54032.00
54050.00
54033.00
53999.00
54002.00
54025.00
54045.00
54045.00
54006.00
54008.00
54034.00
54055.00
54042.00
54010.00
54008.00
54030.00
54065.00
54038.00
54022.00
54003.00
54034.00
54057.00
54039.00
54013.00
54014.00
54040.00
54053.00
54037.00
54009.00
54010.00
54038.00
54061.00
54038.00
54017.00
54019.00
54035.00
54066.00
54039.00
54010.00
54020.00
54032.00
54053.00
54043.00
54013.00
54012.00
54035.00
54051.00
54049.00
54013.00
53999.00
54032.00
54054.00
54028.00
54011.00
53999.00
54029.00
54046.00
54046.00
54017.00
54006.00
54016.00
54051.00
54040.00
53998.00
54000.00
54025.00
54051.00
54041.00
54011.00
53998.00
54017.00
54032.00
54013.00
53970.00
53961.00
53977.00
53998.00
53980.00
53934.00
53922.00
53929.00
53951.00
53919.00
53900.00
53886.00
53908.00
53937.00
53924.00
53896.00
53886.00
53907.00
53930.00
53909.00
53886.00
53867.00
53886.00
53915.00
53903.00
53875.00
53868.00
53889.00
53902.00
53895.00
53855.00
53836.00
53854.00
53867.00
53853.00
53802.00
53778.00
53776.00
53778.00
53756.00
53705.00
53693.00
53673.00
53682.00
53645.00
53603.00
53552.00
53534.00
53549.00
53519.00
53448.00
53397.00
53384.00
53379.00
53331.00
53251.00
53191.00
53149.00
53116.00
53061.00
52942.00
52845.00
52778.00
52743.00
52654.00
52559.00
52428.00
52346.00
52292.00
52220.00
52128.00
52015.00
51958.00
51939.00
51886.00
51818.00
51753.00
51761.00
51779.00
51769.00
51745.00
51707.00
51742.00
51774.00
51776.00
51750.00
51751.00
51766.00
51815.00
51803.00
51790.00
51772.00
51803.00
51840.00
51854.00
51847.00
51836.00
51880.00
51912.00
51922.00
51902.00
51896.00
51927.00
51970.00
51984.00
51968.00
51955.00
51981.00
52050.00
52030.00
52013.00
52003.00
52015.00
52071.00
52080.00
52051.00
52026.00
52047.00
52078.00
52089.00
52076.00
52026.00
52053.00
52096.00
52087.00
52070.00
52043.00
52071.00
52104.00
52095.00
52066.00
52051.00
52054.00
52098.00
52105.00
52073.00
52041.00
52075.00
52120.00
52117.00
52082.00
52073.00
52079.00
52116.00
52117.00
52098.00
52088.00
52077.00
52126.00
52124.00
52100.00
52067.00
52094.00
52126.00
52124.00
52104.00
52090.00
52092.00
52127.00
52118.00
52112.00
52079.00
52102.00
52126.00
52140.00
52117.00
52071.00
52092.00
52131.00
52130.00
52121.00
52083.00
52091.00
52126.00
52132.00
52110.00
52079.00
52097.00
52115.00
52132.00
52093.00
52076.00
52086.00
52111.00
52117.00
52085.00
52080.00
52055.00
52098.00
52103.00
52092.00
52049.00
52056.00
52090.00
52102.00
52078.00
52066.00
52053.00
52091.00
52113.00
52083.00
52059.00
52061.00
52082.00
52099.00
52088.00
52055.00
52053.00
52081.00
52113.00
52080.00
52046.00
52052.00
52091.00
52104.00
52080.00
52064.00
52070.00
52096.00
52108.00
52097.00
52049.00
52058.00
52091.00
52100.00
52090.00
52054.00
52047.00
52076.00
52107.00
52084.00
52053.00
52044.00
52083.00
52102.00
52087.00
52055.00
52051.00
52079.00
52104.00
52077.00
52059.00
52062.00
52093.00
52109.00
52068.00
52044.00
52047.00
52084.00
52106.00
52077.00
52040.00
52038.00
52074.00
52091.00
52081.00
52047.00
52037.00
52085.00
52097.00
52077.00
52035.00
52040.00
52069.00
52097.00
52081.00
52039.00
52030.00
52068.00
52088.00
52082.00
52037.00
52031.00
52072.00
52093.00
52077.00
52042.00
52030.00
52054.00
52076.00
52059.00
52027.00
52008.00
52048.00
52069.00
52052.00
52010.00
52015.00
52045.00
52069.00
52052.00
52006.00
51999.00
52040.00
52071.00
52048.00
52025.00
51991.00
52042.00
52071.00
52042.00
52015.00
52024.00
52016.00
52055.00
52041.00
52005.00
52005.00
52018.00
52062.00
52047.00
52014.00
51996.00
52033.00
52058.00
52054.00
52003.00
51998.00
52005.00
52062.00
52037.00
52006.00
52001.00
52024.00
52042.00
52039.00
52005.00
51985.00
52011.00
52055.00
52034.00
52026.00
51993.00
52018.00
52056.00
52050.00
52014.00
52012.00
52032.00
52067.00
52057.00
52025.00
52015.00
52028.00
52059.00
52057.00
52035.00
52009.00
52048.00
52071.00
52071.00
52040.00
52035.00
52029.00
52075.00
52061.00
52034.00
52016.00
52039.00
52078.00
52072.00
52040.00
52003.00
52027.00
52070.00
52063.00
52043.00
52010.00
52043.00
52067.00
52068.00
52037.00
52021.00
52045.00
52082.00
52070.00
52041.00
52037.00
52042.00
52084.00
52075.00
52055.00
52031.00
52049.00
52083.00
52080.00
52059.00
52041.00
52053.00
52097.00
52077.00
52058.00
52028.00
52054.00
52099.00
52089.00
52067.00
52039.00
52045.00
52086.00
52092.00
52074.00
52035.00
52053.00
52096.00
52082.00
52072.00
52040.00
52054.00
52084.00
52082.00
52064.00
52046.00
52046.00
52096.00
52100.00
52078.00
52035.00
52050.00
52092.00
52091.00
52076.00
52050.00
52035.00
52075.00
52097.00
52070.00
52042.00
52062.00
52090.00
52106.00
52083.00
52050.00
52049.00
52103.00
52106.00
52089.00
52054.00
52066.00
52106.00
52118.00
52100.00
52070.00
52082.00
52091.00
52112.00
52103.00
52076.00
52079.00
52092.00
52096.00
52089.00
52072.00
52062.00
52097.00
52117.00
52092.00
52057.00
52065.00
52069.00
52112.00
52083.00
52055.00
52066.00
52096.00
52119.00
52115.00
52059.00
52051.00
52097.00
52111.00
52101.00
52062.00
52039.00
52078.00
52105.00
52089.00
52049.00
52041.00
52073.00
52098.00
52092.00
52031.00
52029.00
52058.00
52073.00
52067.00
52037.00
52009.00
52024.00
52059.00
52033.00
51993.00
51972.00
51992.00
51988.00
51971.00
51914.00
51869.00
51861.00
51833.00
51771.00
51691.00
51623.00
51587.00
51560.00
51470.00
51379.00
51296.00
51232.00
51184.00
51088.00
50983.00
50879.00
50816.00
50783.00
50671.00
50571.00
50485.00
50396.00
50326.00
50184.00
50030.00
49895.00
49801.00
49713.00
49579.00
49381.00
49242.00
49134.00
49039.00
48943.00
48799.00
48643.00
48559.00
48472.00
48399.00
48273.00
48186.00
48133.00
48081.00
48000.00
47895.00
47807.00
47750.00
47721.00
47642.00
47557.00
47492.00
47454.00
47418.00
47369.00
47289.00
47221.00
47201.00
47193.00
47152.00
47101.00
47032.00
46997.00
46993.00
46951.00
46898.00
46830.00
46790.00
46780.00
46756.00
46712.00
46671.00
46659.00
46672.00
46657.00
46628.00
46606.00
46619.00
46645.00
46649.00
46632.00
46599.00
46600.00
46648.00
46646.00
46623.00
46591.00
46615.00
46637.00
46659.00
46635.00
46619.00
46619.00
46652.00
46683.00
46660.00
46623.00
46646.00
46668.00
46686.00
46665.00
46637.00
46644.00
46675.00
46694.00
46656.00
46639.00
46643.00
46673.00
46693.00
46664.00
46637.00
46635.00
46669.00
46681.00
46651.00
46631.00
46629.00
46663.00
46668.00
46656.00
46641.00
46642.00
46670.00
46687.00
46653.00
46645.00
46631.00
46672.00
46679.00
46662.00
46625.00
46624.00
46649.00
46674.00
46662.00
46640.00
46611.00
46654.00
46666.00
46652.00
46623.00
46631.00
46654.00
46678.00
46665.00
46623.00
46621.00
46634.00
46674.00
46660.00
46626.00
46644.00
46658.00
46706.00
46684.00
46652.00
46638.00
46684.00
46699.00
46704.00
46661.00
46658.00
46675.00
46700.00
46704.00
46677.00
46655.00
46696.00
46720.00
46707.00
46668.00
46667.00
46678.00
46719.00
46716.00
46681.00
46656.00
46676.00
46704.00
46697.00
46663.00
46643.00
46661.00
46700.00
46699.00
46673.00
46654.00
46661.00
46701.00
46694.00
46668.00
46645.00
46654.00
46698.00
46686.00
46667.00
46647.00
46670.00
46702.00
46693.00
46662.00
46635.00
46660.00
46695.00
46695.00
46657.00
46636.00
46651.00
46694.00
46686.00
46663.00
46628.00
46659.00
46675.00
46675.00
46648.00
46612.00
46618.00
46665.00
46676.00
46646.00
46619.00
46629.00
46654.00
46658.00
46638.00
46592.00
46611.00
46633.00
46659.00
46631.00
46604.00
46607.00
46636.00
46635.00
46627.00
46592.00
46593.00
46622.00
46633.00
46618.00
46590.00
46588.00
46613.00
46635.00
46617.00
46587.00
46579.00
46617.00
46615.00
46605.00
46574.00
46569.00
46596.00
46624.00
46603.00
46561.00
46576.00
46590.00
46634.00
46594.00
46562.00
46578.00
46590.00
46614.00
46588.00
46554.00
46562.00
46588.00
46616.00
46595.00
46556.00
46549.00
46581.00
46592.00
46583.00
46555.00
46553.00
46581.00
46607.00
46574.00
46553.00
46544.00
46569.00
46599.00
46591.00
46563.00
46539.00
46567.00
46597.00
46582.00
46545.00
46537.00
46556.00
46598.00
46578.00
46548.00
46537.00
46563.00
46602.00
46573.00
46542.00
46536.00
46554.00
46603.00
46583.00
46549.00
46528.00
46562.00
46601.00
46583.00
46557.00
46535.00
46555.00
46592.00
46590.00
46549.00
46542.00
46561.00
46588.00
46576.00
46537.00
46539.00
46550.00
46572.00
46567.00
46542.00
46524.00
46541.00
46565.00
46572.00
46539.00
46524.00
46548.00
46595.00
46577.00
46544.00
46533.00
46530.00
46583.00
46573.00
46553.00
46526.00
46548.00
46586.00
46584.00
46550.00
46518.00
46541.00
46576.00
46579.00
46549.00
46530.00
46537.00
46596.00
46573.00
46553.00
46537.00
46537.00
46564.00
46573.00
46555.00
46532.00
46538.00
46564.00
46586.00
46562.00
46523.00
46541.00
46575.00
46563.00
46544.00
46516.00
46525.00
46559.00
46573.00
46546.00
46531.00
46540.00
46572.00
46579.00
46562.00
46534.00
46526.00
46568.00
46579.00
46560.00
46520.00
46539.00
46559.00
46572.00
46551.00
46527.00
46523.00
46553.00
46566.00
46549.00
46518.00
46521.00
46554.00
46568.00
46550.00
46523.00
46527.00
46547.00
46573.00
46539.00
46516.00
46522.00
46536.00
46564.00
46555.00
46520.00
46510.00
46549.00
46567.00
46549.00
46519.00
46519.00
46527.00
46564.00
46542.00
46516.00
46511.00
46532.00
46558.00
46542.00
46526.00
46502.00
46540.00
46562.00
46552.00
46518.00
46509.00
46534.00
46552.00
46534.00
46498.00
46502.00
46517.00
46555.00
46545.00
46503.00
46494.00
46528.00
46550.00
46545.00
46502.00
46485.00
46510.00
46554.00
46527.00
46501.00
46492.00
46506.00
46535.00
46523.00
46500.00
46493.00
46520.00
46548.00
46527.00
46494.00
46476.00
46507.00
46535.00
46536.00
46484.00
46478.00
46496.00
46540.00
46531.00
46505.00
46488.00
46502.00
46537.00
46540.00
46501.00
46475.00
46495.00
46539.00
46533.00
46505.00
46476.00
46488.00
46529.00
46490.00
46476.00
46455.00
46442.00
46460.00
46448.00
46397.00
46335.00
46277.00
46253.00
46192.00
46111.00
46012.00
45993.00
45961.00
45891.00
45803.00
45712.00
45657.00
45641.00
45568.00
45491.00
45413.00
45377.00
45369.00
45345.00
45294.00
45228.00
45203.00
45182.00
45143.00
45081.00
45019.00
44978.00
44972.00
44944.00
44870.00
44840.00
44813.00
44830.00
44806.00
44749.00
44717.00
44691.00
44696.00
44678.00
44651.00
44591.00
44585.00
44606.00
44585.00
44561.00
44533.00
44528.00
44556.00
44573.00
44545.00
44504.00
44518.00
44546.00
44544.00
44543.00
44488.00
44493.00
44527.00
44523.00
44520.00
44488.00
44492.00
44491.00
44530.00
44496.00
44473.00
44472.00
44498.00
44499.00
44489.00
44448.00
44467.00
44487.00
44474.00
44448.00
44414.00
44410.00
44433.00
44440.00
44418.00
44388.00
44381.00
44423.00
44440.00
44425.00
44383.00
44404.00
44409.00
44438.00
44420.00
44391.00
44382.00
44414.00
44446.00
44425.00
44384.00
44388.00
44427.00
44446.00
44440.00
44400.00
44399.00
44415.00
44442.00
44426.00
44394.00
44396.00
44419.00
44450.00
44442.00
44399.00
44390.00
44416.00
44432.00
44419.00
44389.00
44393.00
44408.00
44433.00
44418.00
44388.00
44377.00
44390.00
44428.00
44421.00
44370.00
44356.00
44396.00
44417.00
44418.00
44377.00
44360.00
44390.00
44420.00
44405.00
44371.00
44353.00
44395.00
44413.00
44387.00
44368.00
44352.00
44363.00
44402.00
44390.00
44366.00
44346.00
44368.00
44416.00
44381.00
44361.00
44338.00
44367.00
44401.00
44382.00
44360.00
44341.00
44365.00
44378.00
44381.00
44343.00
44336.00
44348.00
44385.00
44380.00
44347.00
44324.00
44348.00
44374.00
44370.00
44333.00
44337.00
44347.00
44381.00
44378.00
44345.00
44323.00
44346.00
44371.00
44364.00
44338.00
44324.00
44337.00
44369.00
44378.00
44340.00
44318.00
44330.00
44362.00
44357.00
44329.00
44318.00
44308.00
44363.00
44364.00
44338.00
44311.00
44334.00
44357.00
44351.00
44336.00
44308.00
44322.00
44350.00
44354.00
44335.00
44322.00
44321.00
44362.00
44351.00
44308.00
44286.00
44311.00
44334.00
44342.00
44317.00
44296.00
44290.00
44339.00
44360.00
44327.00
44305.00
44313.00
44349.00
44346.00
44320.00
44300.00
44315.00
44341.00
44355.00
44326.00
44284.00
44301.00
44326.00
44346.00
44304.00
44288.00
44302.00
44329.00
44352.00
44319.00
44299.00
44293.00
44329.00
44352.00
44316.00
44286.00
44293.00
44341.00
44343.00
44326.00
44286.00
44291.00
44319.00
44340.00
44318.00
44293.00
44277.00
44330.00
44335.00
44311.00
44284.00
44285.00
44335.00
44339.00
44318.00
44292.00
44290.00
44315.00
44328.00
44308.00
44288.00
44283.00
44301.00
44333.00
44324.00
44277.00
44286.00
44317.00
44335.00
44318.00
44275.00
44275.00
44306.00
44323.00
44317.00
44271.00
44263.00
44283.00
44322.00
44311.00
44276.00
44261.00
44289.00
44307.00
44320.00
44273.00
44263.00
44292.00
44317.00
44291.00
44265.00
44258.00
44297.00
44323.00
44282.00
44268.00
44267.00
44282.00
44308.00
44302.00
44253.00
44258.00
44291.00
44304.00
44303.00
44267.00
44266.00
44282.00
44318.00
44299.00
44258.00
44275.00
44294.00
44317.00
44290.00
44274.00
44263.00
44285.00
44310.00
44301.00
44265.00
44245.00
44282.00
44306.00
44294.00
44251.00
44252.00
44276.00
44305.00
44304.00
44263.00
44257.00
44263.00
44295.00
44296.00
44253.00
44228.00
44269.00
44281.00
44296.00
44259.00
44230.00
44255.00
44284.00
44290.00
44264.00
44235.00
44250.00
44281.00
44291.00
44255.00
44243.00
44252.00
44277.00
44273.00
44261.00
44233.00
44251.00
44292.00
44276.00
44251.00
44237.00
44253.00
44281.00
44269.00
44249.00
44239.00
44260.00
44286.00
44275.00
44247.00
44233.00
44260.00
44292.00
44287.00
44248.00
44240.00
44237.00
44262.00
44277.00
44255.00
44250.00
44244.00
44279.00
44285.00
44247.00
44228.00
44241.00
44259.00
44270.00
44245.00
44217.00
44231.00
44269.00
44274.00
44251.00
44223.00
44220.00
44270.00
44283.00
44255.00
44221.00
44224.00
44272.00
44267.00
44243.00
44215.00
44230.00
44272.00
44260.00
44241.00
44213.00
44233.00
44262.00
44274.00
44239.00
44209.00
44224.00
44252.00
44259.00
44227.00
44199.00
44207.00
44229.00
44240.00
