61230.00
61249.00
61219.00
61174.00
61196.00
61226.00
61253.00
61223.00
61177.00
61193.00
61228.00
61250.00
61229.00
61185.00
61187.00
61224.00
61245.00
61222.00
61187.00
61187.00
61221.00
61253.00
61223.00
61188.00
61185.00
61214.00
61251.00
61223.00
61200.00
61190.00
61217.00
61244.00
61228.00
61196.00
61184.00
61211.00
61248.00
61240.00
61207.00
61185.00
61204.00
61256.00
61235.00
61209.00
61185.00
61201.00
61247.00
61233.00
61219.00
61186.00
61192.00
61247.00
61241.00
61212.00
61176.00
61200.00
61242.00
61241.00
61218.00
61185.00
61198.00
61232.00
61246.00
61218.00
61187.00
61194.00
61238.00
61256.00
61222.00
61174.00
61179.00
61234.00
61256.00
61228.00
61193.00
61190.00
61225.00
61254.00
61226.00
61186.00
61182.00
61213.00
61259.00
61226.00
61202.00
61186.00
61213.00
61248.00
61241.00
61198.00
61173.00
61206.00
61245.00
61233.00
61202.00
61187.00
61203.00
61251.00
61239.00
61197.00
61181.00
61212.00
61250.00
61243.00
61205.00
61179.00
61196.00
61251.00
61251.00
61211.00
61169.00
61204.00
61241.00
61250.00
61213.00
61184.00
61204.00
61238.00
61258.00
61219.00
61184.00
61190.00
61237.00
61257.00
61220.00
61180.00
61182.00
61239.00
61242.00
61233.00
61189.00
61191.00
61230.00
61255.00
61233.00
61194.00
61181.00
61227.00
61250.00
61229.00
61196.00
61179.00
61222.00
61256.00
61227.00
61200.00
61188.00
61211.00
61242.00
61230.00
61201.00
61189.00
61212.00
61241.00
61241.00
61194.00
61171.00
61200.00
61241.00
61242.00
61205.00
61174.00
61201.00
61240.00
61251.00
61208.00
61182.00
61199.00
61234.00
61235.00
61221.00
61179.00
61198.00
61244.00
61246.00
61212.00
61179.00
61199.00
61234.00
61252.00
61212.00
61180.00
61188.00
61235.00
61255.00
61227.00
61185.00
61189.00
61222.00
61244.00
61226.00
61186.00
61185.00
61215.00
61259.00
61229.00
61187.00
61179.00
61211.00
61252.00
61223.00
61201.00
61186.00
61218.00
61251.00
61231.00
61201.00
61178.00
61213.00
61242.00
61230.00
61202.00
61186.00
61207.00
61259.00
61252.00
61206.00
61179.00
61197.00
61252.00
61246.00
61198.00
61174.00
61193.00
61252.00
61236.00
61212.00
61184.00
61187.00
61240.00
61246.00
61213.00
61180.00
61198.00
61243.00
61255.00
61230.00
61182.00
61186.00
61237.00
61244.00
61213.00
61172.00
61189.00
61233.00
61251.00
61219.00
61180.00
61183.00
61209.00
61249.00
61218.00
61187.00
61176.00
61219.00
61252.00
61229.00
61188.00
61177.00
61203.00
61246.00
61232.00
61192.00
61165.00
61203.00
61245.00
61236.00
61197.00
61188.00
61204.00
61250.00
61237.00
61201.00
61177.00
61204.00
61248.00
61234.00
61214.00
61179.00
61195.00
61240.00
61236.00
61203.00
61174.00
61186.00
61245.00
61247.00
61204.00
61177.00
61184.00
61234.00
61249.00
61214.00
61171.00
61181.00
61222.00
61236.00
61226.00
61178.00
61187.00
61227.00
61240.00
61219.00
61186.00
61183.00
61218.00
61241.00
61227.00
61183.00
61196.00
61222.00
61263.00
61227.00
61191.00
61174.00
61200.00
61247.00
61223.00
61187.00
61165.00
61205.00
61247.00
61237.00
61188.00
61171.00
61192.00
61248.00
61233.00
61199.00
61174.00
61195.00
61247.00
61240.00
61199.00
61172.00
61198.00
61239.00
61236.00
61196.00
61174.00
61196.00
61247.00
61240.00
61217.00
61176.00
61190.00
61235.00
61243.00
61201.00
61171.00
61185.00
61228.00
61251.00
61220.00
61184.00
61183.00
61230.00
61246.00
61218.00
61174.00
61176.00
61222.00
61245.00
61229.00
61175.00
61177.00
61211.00
61246.00
61229.00
61181.00
61180.00
61212.00
61253.00
61228.00
61194.00
61181.00
61209.00
61240.00
61227.00
61195.00
61176.00
61191.00
61238.00
61234.00
61194.00
61175.00
61206.00
61242.00
61232.00
61201.00
61175.00
61195.00
61253.00
61237.00
61203.00
61173.00
61189.00
61243.00
61242.00
61209.00
61181.00
61179.00
61234.00
61238.00
61216.00
61181.00
61191.00
61233.00
61247.00
61218.00
61185.00
61183.00
61222.00
61253.00
61212.00
61171.00
61180.00
61228.00
61253.00
61226.00
61176.00
61179.00
61217.00
61248.00
61223.00
61182.00
61177.00
61221.00
61245.00
61236.00
61195.00
61189.00
61217.00
61242.00
61227.00
61194.00
61183.00
61206.00
61239.00
61245.00
61198.00
61173.00
61200.00
61241.00
61230.00
61195.00
61181.00
61198.00
61233.00
61234.00
61202.00
61175.00
61203.00
61240.00
61248.00
61208.00
61177.00
61190.00
61230.00
61250.00
61195.00
61180.00
61191.00
61234.00
61248.00
61229.00
61183.00
61189.00
61232.00
61243.00
61215.00
61182.00
61187.00
61226.00
61244.00
61229.00
61184.00
61177.00
61219.00
61248.00
61227.00
61177.00
61170.00
61214.00
61252.00
61233.00
61191.00
61182.00
61199.00
61242.00
61234.00
61199.00
61166.00
61198.00
61250.00
61229.00
61193.00
61177.00
61199.00
61246.00
61241.00
61204.00
61178.00
61194.00
61247.00
61234.00
61210.00
61187.00
61200.00
61242.00
61244.00
61211.00
61178.00
61198.00
61238.00
61243.00
61211.00
61183.00
61187.00
61235.00
61260.00
61211.00
61176.00
61184.00
61225.00
61245.00
61221.00
61179.00
61194.00
61219.00
61259.00
61226.00
61192.00
61175.00
61211.00
61250.00
61228.00
61178.00
61179.00
61216.00
61254.00
61238.00
61188.00
61171.00
61219.00
61250.00
61221.00
61192.00
61175.00
61204.00
61259.00
61243.00
61201.00
61178.00
61204.00
61245.00
61235.00
61196.00
61181.00
61203.00
61246.00
61238.00
61199.00
61170.00
61197.00
61242.00
61241.00
61210.00
61176.00
61189.00
61229.00
61247.00
61216.00
61171.00
61182.00
61219.00
61238.00
61212.00
61177.00
61180.00
61227.00
61243.00
61228.00
61182.00
61186.00
61230.00
61245.00
61209.00
61177.00
61186.00
61208.00
61249.00
61217.00
61193.00
61185.00
61217.00
61253.00
61225.00
61177.00
61174.00
61207.00
61256.00
61228.00
61186.00
61173.00
61210.00
61243.00
61238.00
61194.00
61177.00
61200.00
61244.00
61232.00
61205.00
61167.00
61202.00
61241.00
61239.00
61198.00
61169.00
61203.00
61230.00
61242.00
61200.00
61169.00
61191.00
61242.00
61234.00
61195.00
61164.00
61184.00
61237.00
61238.00
61211.00
61172.00
61180.00
61226.00
61242.00
61214.00
61184.00
61177.00
61232.00
61245.00
61217.00
61180.00
61173.00
61218.00
61245.00
61223.00
61178.00
61171.00
61213.00
61250.00
61223.00
61173.00
61167.00
61200.00
61248.00
61236.00
61200.00
61183.00
61206.00
61248.00
61226.00
61188.00
61169.00
61203.00
61253.00
61230.00
61204.00
61179.00
61200.00
61244.00
61238.00
61196.00
61174.00
61191.00
61235.00
61232.00
61209.00
61170.00
61201.00
61243.00
61239.00
61211.00
61174.00
61180.00
61241.00
61238.00
61218.00
61184.00
61190.00
61229.00
61249.00
61216.00
61184.00
61187.00
61230.00
61241.00
61217.00
61175.00
61181.00
61224.00
61249.00
61231.00
61188.00
61179.00
61223.00
61244.00
61224.00
61174.00
61174.00
61218.00
61253.00
61231.00
61194.00
61180.00
61223.00
61244.00
61240.00
61192.00
61172.00
61207.00
61241.00
61241.00
61193.00
61188.00
61206.00
61249.00
61239.00
61209.00
61179.00
61195.00
61253.00
61248.00
61211.00
61176.00
61188.00
61233.00
61232.00
61213.00
61174.00
61203.00
61247.00
61254.00
61209.00
61163.00
61187.00
61234.00
61254.00
61209.00
61173.00
61190.00
61228.00
61260.00
61226.00
61178.00
61186.00
61221.00
61245.00
61221.00
61181.00
61177.00
61231.00
61241.00
61223.00
61183.00
61177.00
61214.00
61244.00
61222.00
61194.00
61184.00
61211.00
61249.00
61234.00
61187.00
61178.00
61207.00
61250.00
61224.00
61192.00
61179.00
61197.00
61242.00
61227.00
61203.00
61174.00
61201.00
61243.00
61237.00
61198.00
61177.00
61194.00
61246.00
61235.00
61210.00
61178.00
61198.00
61243.00
61245.00
61212.00
61187.00
61189.00
61233.00
61247.00
61212.00
61171.00
61193.00
61237.00
61247.00
61226.00
61178.00
61175.00
61218.00
61246.00
61219.00
61173.00
61184.00
61221.00
61254.00
61215.00
61182.00
61178.00
61209.00
61245.00
61224.00
61178.00
61185.00
61220.00
61243.00
61234.00
61184.00
61177.00
61201.00
61239.00
61224.00
61189.00
61171.00
61207.00
61252.00
61224.00
61196.00
61169.00
61203.00
61240.00
61231.00
61197.00
61165.00
61200.00
61231.00
61229.00
61193.00
61173.00
61194.00
61235.00
61247.00
61214.00
61164.00
61187.00
61227.00
61251.00
61210.00
61179.00
61177.00
61234.00
61238.00
61221.00
61169.00
61191.00
61226.00
61243.00
61217.00
61176.00
61183.00
61226.00
61242.00
61225.00
61180.00
61184.00
61206.00
61250.00
61226.00
61189.00
61179.00
61217.00
61244.00
61230.00
61193.00
61169.00
61215.00
61248.00
61218.00
61204.00
61180.00
61209.00
61243.00
61232.00
61194.00
61176.00
61210.00
61239.00
61227.00
61194.00
61175.00
61193.00
61251.00
61235.00
61202.00
61166.00
61196.00
61240.00
61247.00
61201.00
61172.00
61197.00
61237.00
61236.00
61211.00
61176.00
61195.00
61243.00
61239.00
61204.00
61180.00
61188.00
61239.00
61247.00
61213.00
61172.00
61189.00
61227.00
61249.00
61220.00
61182.00
61173.00
61220.00
61247.00
61222.00
61184.00
61192.00
61217.00
61247.00
61219.00
61187.00
61173.00
61211.00
61244.00
61234.00
61185.00
61174.00
61211.00
61251.00
61230.00
61190.00
61169.00
61198.00
61250.00
61227.00
61194.00
61171.00
61200.00
61243.00
61235.00
61197.00
61175.00
61193.00
61249.00
61238.00
61204.00
61175.00
61196.00
61234.00
61238.00
61201.00
61167.00
61184.00
61238.00
61242.00
61194.00
61180.00
61190.00
61233.00
61242.00
61211.00
61183.00
61187.00
61233.00
61242.00
61222.00
61180.00
61187.00
61227.00
61239.00
61215.00
61176.00
61186.00
61217.00
61245.00
61224.00
61184.00
61183.00
61220.00
61251.00
61228.00
61179.00
61177.00
61205.00
61242.00
61235.00
61191.00
61185.00
61217.00
61247.00
61233.00
61188.00
61176.00
61204.00
61251.00
61230.00
61196.00
61173.00
61200.00
61246.00
61241.00
61194.00
61175.00
61198.00
61242.00
61243.00
61197.00
61177.00
61202.00
61238.00
61242.00
61217.00
61171.00
61188.00
61233.00
61239.00
61206.00
61175.00
61183.00
61225.00
61246.00
61220.00
61176.00
61183.00
61222.00
61242.00
61214.00
61182.00
61175.00
61218.00
61248.00
61225.00
61172.00
61188.00
61224.00
61252.00
61231.00
61183.00
61182.00
61213.00
61248.00
61232.00
61192.00
61181.00
61212.00
61251.00
61238.00
61191.00
61178.00
61208.00
61242.00
61226.00
61201.00
61190.00
61208.00
61255.00
61240.00
61192.00
61176.00
61202.00
61242.00
61235.00
61212.00
61176.00
61204.00
61249.00
61243.00
61204.00
61176.00
61194.00
61240.00
61242.00
61207.00
61189.00
61181.00
61232.00
61246.00
61215.00
61180.00
61186.00
61223.00
61249.00
61220.00
61175.00
61180.00
61228.00
61238.00
61222.00
61184.00
61185.00
61228.00
61250.00
61224.00
61188.00
61175.00
61217.00
61250.00
61239.00
61187.00
61176.00
61215.00
61255.00
61236.00
61189.00
61177.00
61208.00
61251.00
61228.00
61194.00
61177.00
61212.00
61244.00
61236.00
61201.00
61171.00
61192.00
61241.00
61230.00
61203.00
61176.00
61203.00
61249.00
61240.00
61201.00
61174.00
61194.00
61240.00
61244.00
61200.00
61172.00
61195.00
61239.00
61244.00
61219.00
61169.00
61190.00
61226.00
61247.00
61210.00
61172.00
61183.00
61228.00
61240.00
61222.00
61177.00
61176.00
61226.00
61247.00
61217.00
61175.00
61181.00
61210.00
61253.00
61223.00
61178.00
61181.00
61219.00
61249.00
61232.00
61191.00
61178.00
61205.00
61247.00
61214.00
61185.00
61179.00
61213.00
61244.00
61237.00
61189.00
61185.00
61197.00
61248.00
61236.00
61193.00
61172.00
61195.00
61243.00
61236.00
61194.00
61170.00
61192.00
61220.00
61229.00
61205.00
61171.00
61191.00
61232.00
61234.00
61203.00
61166.00
61189.00
61230.00
61235.00
61217.00
61180.00
61183.00
61230.00
61252.00
61218.00
61172.00
61174.00
61228.00
61251.00
61222.00
61171.00
61176.00
61231.00
61251.00
61224.00
61184.00
61185.00
61223.00
61243.00
61223.00
61186.00
61173.00
61220.00
61249.00
61222.00
61195.00
61182.00
61204.00
61248.00
61222.00
61189.00
61178.00
61202.00
61237.00
61237.00
61199.00
61167.00
61190.00
61245.00
61239.00
61196.00
61180.00
61201.00
61238.00
61235.00
61212.00
61176.00
61200.00
61226.00
61242.00
61193.00
61183.00
61193.00
61227.00
61246.00
61209.00
61181.00
61195.00
61237.00
61253.00
61212.00
61171.00
61192.00
61230.00
61250.00
61221.00
61181.00
61179.00
61218.00
61249.00
61212.00
61174.00
61174.00
61221.00
61253.00
61229.00
61188.00
61173.00
61212.00
61246.00
61243.00
61184.00
61187.00
61204.00
61256.00
61236.00
61195.00
61171.00
61206.00
61246.00
61230.00
61193.00
61172.00
61193.00
61236.00
61234.00
61206.00
61185.00
61198.00
61255.00
61246.00
61209.00
61179.00
61196.00
61238.00
61237.00
61210.00
61182.00
61198.00
61240.00
61241.00
61213.00
61176.00
61190.00
61240.00
61237.00
61223.00
61182.00
61191.00
61236.00
61249.00
61212.00
61184.00
61177.00
61226.00
61244.00
61221.00
61186.00
61181.00
61221.00
61251.00
61230.00
61190.00
61179.00
61221.00
61260.00
61228.00
61181.00
61182.00
61206.00
61245.00
61233.00
61202.00
61187.00
61207.00
61251.00
61240.00
61204.00
61172.00
61208.00
61241.00
61243.00
61200.00
61184.00
61202.00
61251.00
61240.00
61206.00
61170.00
61192.00
61237.00
61237.00
61202.00
61182.00
61199.00
61248.00
61248.00
61221.00
61178.00
61190.00
61236.00
61250.00
61218.00
61173.00
61188.00
61227.00
61258.00
61222.00
61176.00
61191.00
61227.00
61246.00
61227.00
61191.00
61183.00
61221.00
61245.00
61226.00
61177.00
61180.00
61213.00
61252.00
61229.00
61190.00
61181.00
61210.00
61254.00
61233.00
61199.00
61178.00
61211.00
61253.00
61232.00
61206.00
61162.00
61202.00
61247.00
61239.00
61208.00
61182.00
61206.00
61251.00
61237.00
61193.00
61170.00
61186.00
61243.00
61243.00
61209.00
61178.00
61196.00
61237.00
61250.00
61212.00
61179.00
61194.00
61230.00
61240.00
61213.00
61182.00
61192.00
61225.00
61240.00
61219.00
61180.00
61185.00
61207.00
61244.00
61228.00
61189.00
61189.00
61223.00
61254.00
61216.00
61194.00
61184.00
61219.00
61250.00
61221.00
61192.00
61182.00
61207.00
61256.00
61235.00
61192.00
61176.00
61216.00
61237.00
61232.00
61197.00
61188.00
61208.00
61243.00
61232.00
61195.00
61181.00
61206.00
61247.00
61239.00
61209.00
61179.00
61200.00
61237.00
61252.00
61214.00
61183.00
61198.00
61240.00
61251.00
61207.00
61173.00
61189.00
61229.00
61246.00
61205.00
61185.00
61189.00
61228.00
61253.00
61217.00
61181.00
61186.00
61228.00
61252.00
61214.00
61187.00
61188.00
61225.00
61256.00
61222.00
61192.00
61180.00
61220.00
61249.00
61227.00
61182.00
61182.00
61221.00
61247.00
61238.00
61190.00
61175.00
61206.00
61248.00
61232.00
61194.00
61178.00
61204.00
61239.00
61248.00
61207.00
61182.00
61207.00
61237.00
61234.00
61200.00
61182.00
61196.00
61230.00
61247.00
61209.00
61183.00
61189.00
61236.00
61236.00
61218.00
61183.00
61187.00
61240.00
61246.00
61219.00
61182.00
61191.00
61233.00
61253.00
61218.00
61183.00
61187.00
61217.00
61256.00
61214.00
61185.00
61188.00
61227.00
61245.00
61236.00
61181.00
61182.00
61219.00
61247.00
61223.00
61185.00
61181.00
61208.00
61251.00
61227.00
61193.00
61188.00
61208.00
61246.00
61231.00
61195.00
61178.00
61212.00
61256.00
61244.00
61202.00
61185.00
61206.00
61240.00
61242.00
61200.00
61187.00
61204.00
61250.00
61252.00
61213.00
61184.00
61196.00
61233.00
61243.00
61202.00
61183.00
61187.00
61241.00
61250.00
61219.00
61185.00
61190.00
61221.00
61248.00
61220.00
61175.00
61187.00
61230.00
61258.00
61219.00
61183.00
61186.00
61229.00
61244.00
61227.00
61188.00
61189.00
61220.00
61255.00
61234.00
61188.00
61189.00
61214.00
61255.00
61243.00
61204.00
61193.00
61211.00
61252.00
61229.00
61199.00
61185.00
61204.00
61250.00
61241.00
61202.00
61189.00
61202.00
61251.00
61236.00
61209.00
61189.00
61199.00
61240.00
61242.00
61214.00
61184.00
61202.00
61243.00
61244.00
61219.00
61181.00
61193.00
61242.00
61256.00
61223.00
61177.00
61188.00
61244.00
61253.00
61229.00
61202.00
61201.00
61232.00
61254.00
61236.00
61194.00
61188.00
61224.00
61247.00
61230.00
61199.00
61197.00
61223.00
61250.00
61234.00
61188.00
61189.00
61215.00
61257.00
61236.00
61191.00
61184.00
61214.00
61253.00
61244.00
61200.00
61184.00
61203.00
61254.00
61248.00
61203.00
61190.00
61213.00
61244.00
61236.00
61214.00
61181.00
61210.00
61239.00
61240.00
61225.00
61194.00
61206.00
61240.00
61251.00
61216.00
61191.00
61200.00
61247.00
61252.00
61221.00
61186.00
61191.00
61224.00
61255.00
61236.00
61195.00
61198.00
61229.00
61253.00
61230.00
61193.00
61184.00
61221.00
61250.00
61237.00
61204.00
61188.00
61217.00
61263.00
61234.00
61196.00
61181.00
61222.00
61259.00
61244.00
61202.00
61189.00
61207.00
61252.00
61236.00
61206.00
61178.00
61203.00
61239.00
61249.00
61213.00
61177.00
61212.00
61252.00
61248.00
61214.00
61177.00
61205.00
61241.00
61248.00
61209.00
61185.00
61196.00
61236.00
61257.00
61230.00
61184.00
61192.00
61237.00
61254.00
61223.00
61176.00
61195.00
61228.00
61251.00
61227.00
61175.00
61187.00
61228.00
61251.00
61227.00
61195.00
61187.00
61224.00
61256.00
61236.00
61197.00
61185.00
61213.00
61254.00
61233.00
61208.00
61190.00
61227.00
61266.00
61252.00
61210.00
61193.00
61228.00
61271.00
61264.00
61233.00
61224.00
61256.00
61315.00
61322.00
61301.00
61278.00
61318.00
61382.00
61400.00
61376.00
61357.00
61389.00
61459.00
61474.00
61443.00
61427.00
61438.00
61494.00
61524.00
61504.00
61455.00
61490.00
61530.00
61551.00
61517.00
61465.00
61470.00
61512.00
61537.00
61510.00
61461.00
61458.00
61502.00
61531.00
61508.00
61463.00
61449.00
61490.00
61535.00
61503.00
61460.00
61450.00
61477.00
61513.00
61500.00
61462.00
61455.00
61492.00
61530.00
61507.00
61469.00
61450.00
61473.00
61515.00
61516.00
61481.00
61456.00
61479.00
61522.00
61514.00
61480.00
61444.00
61466.00
61512.00
61517.00
61501.00
61454.00
61477.00
61525.00
61529.00
61492.00
61471.00
61470.00
61528.00
61526.00
61493.00
61455.00
61470.00
61514.00
61540.00
61511.00
61469.00
61462.00
61510.00
61534.00
61520.00
61469.00
61465.00
61510.00
61551.00
61526.00
61475.00
61463.00
61508.00
61549.00
61518.00
61467.00
61463.00
61496.00
61548.00
61520.00
61475.00
61464.00
61494.00
61530.00
61526.00
61477.00
61464.00
61477.00
61541.00
61532.00
61484.00
61465.00
61487.00
61527.00
61531.00
61484.00
61470.00
61484.00
61534.00
61544.00
61513.00
61479.00
61486.00
61535.00
61547.00
61507.00
61467.00
61482.00
61532.00
61536.00
61518.00
61465.00
61481.00
61524.00
61551.00
61524.00
61467.00
61461.00
61512.00
61545.00
61531.00
61478.00
61482.00
61517.00
61550.00
61518.00
61485.00
61470.00
61508.00
61558.00
61541.00
61491.00
61475.00
61512.00
61547.00
61534.00
61483.00
61478.00
61499.00
61549.00
61534.00
61506.00
61474.00
61493.00
61554.00
61543.00
61506.00
61464.00
61498.00
61542.00
61542.00
61508.00
61452.00
61485.00
61541.00
61542.00
61514.00
61479.00
61487.00
61535.00
61548.00
61517.00
61473.00
61478.00
61536.00
61546.00
61520.00
61489.00
61477.00
61529.00
61552.00
61530.00
61493.00
61484.00
61523.00
61548.00
61539.00
61492.00
61488.00
61518.00
61551.00
61533.00
61502.00
61480.00
61515.00
61549.00
61530.00
61496.00
61474.00
61510.00
61556.00
61542.00
61496.00
61480.00
61506.00
61544.00
61540.00
61499.00
61477.00
61493.00
61559.00
61547.00
61512.00
61478.00
61491.00
61543.00
61546.00
61506.00
61474.00
61500.00
61551.00
61553.00
61522.00
61477.00
61486.00
61526.00
61559.00
61522.00
61470.00
61486.00
61529.00
61562.00
61525.00
61485.00
61476.00
61523.00
61560.00
61527.00
61479.00
61476.00
61515.00
61559.00
61526.00
61490.00
61476.00
61510.00
61553.00
61528.00
61482.00
61478.00
61509.00
61550.00
61539.00
61497.00
61474.00
61502.00
61558.00
61541.00
61497.00
61473.00
61507.00
61549.00
61549.00
61515.00
61476.00
61488.00
61543.00
61543.00
61512.00
61466.00
61493.00
61542.00
61549.00
61519.00
61477.00
61493.00
61545.00
61561.00
61516.00
61474.00
61482.00
61537.00
61554.00
61530.00
61481.00
61491.00
61527.00
61560.00
61525.00
61487.00
61483.00
61522.00
61560.00
61541.00
61496.00
61490.00
61511.00
61557.00
61532.00
61490.00
61472.00
61513.00
61561.00
61545.00
61513.00
61478.00
61505.00
61548.00
61547.00
61504.00
61470.00
61496.00
61554.00
61551.00
61511.00
61483.00
61501.00
61554.00
61552.00
61507.00
61483.00
61498.00
61551.00
61560.00
61516.00
61477.00
61496.00
61544.00
61560.00
61525.00
61482.00
61495.00
61545.00
61562.00
61532.00
61489.00
61491.00
61529.00
61556.00
61534.00
61486.00
61493.00
61519.00
61560.00
61527.00
61492.00
61480.00
61529.00
61559.00
61543.00
61495.00
61474.00
61511.00
61556.00
61538.00
61504.00
61480.00
61513.00
61555.00
61553.00
61506.00
61479.00
61505.00
61550.00
61558.00
61506.00
61480.00
61502.00
61545.00
61556.00
61518.00
61478.00
61502.00
61543.00
61545.00
61519.00
61476.00
61508.00
61529.00
61549.00
61524.00
61482.00
61484.00
61516.00
61548.00
61524.00
61482.00
61482.00
61521.00
61559.00
61528.00
61485.00
61480.00
61525.00
61557.00
61537.00
61491.00
61480.00
61518.00
61552.00
61541.00
61501.00
61489.00
61523.00
61564.00
61552.00
61508.00
61478.00
61519.00
61558.00
61553.00
61506.00
61477.00
61506.00
61550.00
61558.00
61523.00
61478.00
61507.00
61542.00
61549.00
61519.00
61484.00
61504.00
61539.00
61557.00
61521.00
61478.00
61490.00
61540.00
61552.00
61523.00
61478.00
61493.00
61534.00
61562.00
61525.00
61485.00
61488.00
61524.00
61556.00
61536.00
61495.00
61478.00
61522.00
61550.00
61537.00
61499.00
61487.00
61517.00
61570.00
61543.00
61495.00
61487.00
61514.00
61561.00
61555.00
61508.00
61476.00
61509.00
61555.00
61561.00
61501.00
61479.00
61504.00
61549.00
61553.00
61503.00
61482.00
61495.00
61556.00
61550.00
61521.00
61468.00
61494.00
61551.00
61557.00
61518.00
61483.00
61501.00
61543.00
61553.00
61521.00
61489.00
61492.00
61539.00
61564.00
61540.00
61490.00
61491.00
61542.00
61553.00
61541.00
61495.00
61489.00
61522.00
61551.00
61540.00
61502.00
61485.00
61527.00
61567.00
61547.00
61506.00
61500.00
61531.00
61583.00
61582.00
61567.00
61551.00
61596.00
61660.00
61669.00
61644.00
61623.00
61655.00
61724.00
61735.00
61706.00
61681.00
61718.00
61782.00
61804.00
61774.00
61744.00
61765.00
61831.00
61847.00
61823.00
61776.00
61806.00
61848.00
61866.00
61843.00
61792.00
61806.00
61853.00
61867.00
61838.00
61794.00
61785.00
61830.00
61859.00
61829.00
61789.00
61781.00
61813.00
61853.00
61830.00
61788.00
61771.00
61794.00
61857.00
61829.00
61783.00
61775.00
61800.00
61841.00
61835.00
61790.00
61762.00
61798.00
61844.00
61832.00
61804.00
61768.00
61793.00
61832.00
61830.00
61791.00
61765.00
61777.00
61845.00
61838.00
61797.00
61759.00
61782.00
61824.00
61844.00
61804.00
61762.00
61779.00
61817.00
61844.00
61810.00
61761.00
61768.00
61815.00
61838.00
61817.00
61766.00
61769.00
61816.00
61854.00
61829.00
61780.00
61779.00
61823.00
61861.00
61836.00
61782.00
61764.00
61798.00
61838.00
61835.00
61778.00
61774.00
61808.00
61858.00
61838.00
61789.00
61760.00
61790.00
61849.00
61838.00
61789.00
61770.00
61788.00
61844.00
61851.00
61811.00
61775.00
61789.00
61835.00
61846.00
61815.00
61771.00
61790.00
61831.00
61853.00
61815.00
61763.00
61768.00
61832.00
61838.00
61816.00
61762.00
61766.00
61812.00
61838.00
61823.00
61774.00
61762.00
61804.00
61844.00
61813.00
61767.00
61763.00
61798.00
61848.00
61826.00
61775.00
61777.00
61794.00
61844.00
61833.00
61791.00
61765.00
61809.00
61852.00
61832.00
61797.00
61778.00
61793.00
61845.00
61848.00
61802.00
61774.00
61785.00
61844.00
61833.00
61803.00
61764.00
61790.00
61838.00
61837.00
61800.00
61769.00
61779.00
61834.00
61845.00
61806.00
61761.00
61777.00
61829.00
61850.00
61828.00
61776.00
61790.00
61830.00
61857.00
61833.00
61765.00
61782.00
61813.00
61846.00
61825.00
61782.00
61774.00
61802.00
61846.00
61825.00
61780.00
61773.00
61805.00
61851.00
61841.00
61795.00
61760.00
61800.00
61845.00
61838.00
61791.00
61767.00
61795.00
61844.00
61842.00
61798.00
61777.00
61803.00
61847.00
61837.00
61808.00
61764.00
61788.00
61838.00
61855.00
61812.00
61772.00
61791.00
61824.00
61840.00
61808.00
61774.00
61785.00
61818.00
61855.00
61817.00
61775.00
61787.00
61819.00
61849.00
61820.00
61777.00
61775.00
61813.00
61857.00
61821.00
61773.00
61769.00
61818.00
61855.00
61826.00
61775.00
61763.00
61796.00
61839.00
61823.00
61784.00
61769.00
61790.00
61837.00
61827.00
61784.00
61754.00
61786.00
61831.00
61830.00
61782.00
61747.00
61779.00
61835.00
61824.00
61795.00
61762.00
61767.00
61832.00
61828.00
61790.00
61752.00
61765.00
61810.00
61828.00
61806.00
61772.00
61769.00
61806.00
61831.00
61798.00
61758.00
61761.00
61808.00
61831.00
61813.00
61764.00
61755.00
61794.00
61842.00
61816.00
61755.00
61748.00
61802.00
61840.00
61822.00
61777.00
61754.00
61786.00
61832.00
61819.00
61775.00
61751.00
61780.00
61836.00
61825.00
61783.00
61756.00
61781.00
61836.00
61816.00
61775.00
61743.00
61773.00
61833.00
61833.00
61793.00
61758.00
61784.00
61834.00
61832.00
61804.00
61767.00
61775.00
61825.00
61843.00
61810.00
61758.00
61769.00
61810.00
61844.00
61802.00
61757.00
61754.00
61808.00
61835.00
61817.00
61773.00
61768.00
61809.00
61844.00
61813.00
61776.00
61765.00
61795.00
61843.00
61819.00
61779.00
61762.00
61796.00
61846.00
61827.00
61785.00
61756.00
61794.00
61837.00
61820.00
61788.00
61757.00
61787.00
61836.00
61834.00
61796.00
61768.00
61785.00
61832.00
61826.00
61791.00
61759.00
61772.00
61823.00
61839.00
61811.00
61763.00
61771.00
61826.00
61850.00
61800.00
61764.00
61762.00
61821.00
61855.00
61820.00
61779.00
61781.00
61823.00
61869.00
61833.00
61778.00
61780.00
61823.00
61852.00
61832.00
61782.00
61777.00
61819.00
61856.00
61848.00
61799.00
61788.00
61815.00
61867.00
61850.00
61803.00
61775.00
61818.00
61864.00
61849.00
61812.00
61782.00
61804.00
61855.00
61853.00
61815.00
61787.00
61798.00
61842.00
61854.00
61818.00
61774.00
61779.00
61828.00
61847.00
61822.00
61777.00
61787.00
61837.00
61853.00
61821.00
61778.00
61776.00
61836.00
61850.00
61831.00
61789.00
61791.00
61824.00
61854.00
61834.00
61781.00
61775.00
61828.00
61848.00
61828.00
61775.00
61775.00
61813.00
61850.00
61831.00
61779.00
61782.00
61795.00
61848.00
61836.00
61785.00
61770.00
61806.00
61861.00
61856.00
61825.00
61802.00
61831.00
61882.00
61889.00
61859.00
61830.00
61855.00
61913.00
61925.00
61894.00
61861.00
61886.00
61940.00
61953.00
61937.00
61893.00
61898.00
61962.00
61989.00
61947.00
61893.00
61903.00
61966.00
61994.00
61966.00
61931.00
61920.00
61977.00
62027.00
62002.00
61948.00
61929.00
61979.00
62014.00
61985.00
61942.00
61932.00
61958.00
62007.00
61981.00
61944.00
61921.00
61961.00
61993.00
61977.00
61943.00
61929.00
61952.00
62005.00
61999.00
61954.00
61924.00
61955.00
62018.00
62016.00
61982.00
61949.00
61952.00
62027.00
62028.00
61997.00
61955.00
61965.00
62034.00
62044.00
61998.00
61964.00
61976.00
62031.00
62052.00
62016.00
61975.00
61976.00
62030.00
62047.00
62013.00
61964.00
61963.00
62012.00
62038.00
62008.00
61958.00
61951.00
61994.00
62032.00
61997.00
61952.00
61939.00
61980.00
62021.00
61997.00
61955.00
61937.00
61973.00
62018.00
62000.00
61945.00
61927.00
61961.00
62017.00
62002.00
61966.00
61942.00
61969.00
62002.00
62016.00
61962.00
61934.00
61951.00
62002.00
62012.00
61987.00
61934.00
61947.00
61999.00
62026.00
61987.00
61946.00
61955.00
62002.00
62020.00
61981.00
61933.00
61948.00
61996.00
62020.00
61981.00
61943.00
61939.00
61990.00
62023.00
61985.00
61941.00
61929.00
61983.00
62012.00
61986.00
61948.00
61928.00
61969.00
62013.00
61994.00
61947.00
61935.00
61953.00
62013.00
62003.00
61946.00
61929.00
61959.00
62015.00
62001.00
61958.00
61938.00
61948.00
62005.00
62002.00
61958.00
61922.00
61943.00
62004.00
62006.00
61968.00
61938.00
61939.00
61988.00
62007.00
61958.00
61929.00
61932.00
61988.00
62009.00
61976.00
61931.00
61934.00
61993.00
62009.00
61978.00
61933.00
61944.00
61970.00
62009.00
61987.00
61945.00
61948.00
61973.00
62027.00
61999.00
61950.00
61923.00
61971.00
62017.00
61997.00
61956.00
61922.00
61972.00
62023.00
62000.00
61964.00
61940.00
61964.00
62016.00
62011.00
61965.00
61934.00
61949.00
61999.00
62008.00
61966.00
61930.00
61954.00
62010.00
62016.00
61976.00
61930.00
61949.00
61996.00
62009.00
61978.00
61933.00
61943.00
61988.00
62014.00
61978.00
61927.00
61931.00
61979.00
62016.00
61987.00
61944.00
61945.00
61979.00
62019.00
61990.00
61939.00
61941.00
61979.00
62009.00
61991.00
61945.00
61936.00
61964.00
62007.00
61988.00
61940.00
61925.00
61957.00
62006.00
62004.00
61971.00
61928.00
61956.00
62000.00
61986.00
61952.00
61925.00
61940.00
61980.00
61992.00
61964.00
61932.00
61941.00
61999.00
62000.00
61964.00
61928.00
61931.00
61988.00
62002.00
61966.00
61914.00
61929.00
61983.00
62008.00
61978.00
61927.00
61922.00
61975.00
62003.00
61985.00
61923.00
61922.00
61960.00
62006.00
61987.00
61932.00
61920.00
61962.00
62001.00
61979.00
61932.00
61923.00
61948.00
62005.00
61988.00
61947.00
61927.00
61948.00
61997.00
61990.00
61951.00
61915.00
61952.00
61987.00
61995.00
61958.00
61927.00
61946.00
61995.00
62003.00
61962.00
61919.00
61934.00
61977.00
62001.00
61968.00
61925.00
61938.00
61984.00
62004.00
61979.00
61923.00
61926.00
61977.00
62015.00
61979.00
61930.00
61934.00
61978.00
62015.00
61988.00
61935.00
61927.00
61964.00
62011.00
61978.00
61939.00
61921.00
61954.00
62012.00
61992.00
61948.00
61914.00
61951.00
62006.00
61989.00
61946.00
61923.00
61947.00
62003.00
61984.00
61960.00
61924.00
61952.00
61997.00
61993.00
61961.00
61916.00
61947.00
61988.00
62007.00
61968.00
61931.00
61925.00
61979.00
61992.00
61967.00
61928.00
61937.00
61987.00
62006.00
61983.00
61933.00
61921.00
61968.00
62002.00
61977.00
61931.00
61932.00
61964.00
62009.00
61989.00
61928.00
61920.00
61962.00
62002.00
61986.00
61936.00
61922.00
61949.00
62001.00
61990.00
61953.00
61929.00
61950.00
62002.00
61993.00
61959.00
61924.00
61926.00
61997.00
61999.00
61959.00
61912.00
61939.00
61995.00
62001.00
61964.00
61929.00
61934.00
61982.00
62002.00
61966.00
61916.00
61930.00
61982.00
62012.00
61975.00
61925.00
61920.00
61973.00
61997.00
61972.00
61924.00
61928.00
61971.00
62011.00
61983.00
61931.00
61922.00
61967.00
62010.00
61973.00
61936.00
61913.00
61948.00
62003.00
61992.00
61938.00
61917.00
61945.00
62000.00
61987.00
61950.00
61923.00
61947.00
61988.00
61991.00
61953.00
61918.00
61923.00
61998.00
61999.00
61963.00
61912.00
61928.00
61980.00
61995.00
61967.00
61911.00
61924.00
61970.00
62004.00
61963.00
61917.00
61918.00
61968.00
62003.00
61972.00
61933.00
61916.00
61972.00
61999.00
61974.00
61923.00
61916.00
61957.00
62001.00
61981.00
61936.00
61911.00
61949.00
61997.00
61981.00
61933.00
61912.00
61948.00
61988.00
61989.00
61937.00
61917.00
61932.00
62004.00
61993.00
61948.00
61909.00
61939.00
61985.00
61996.00
61956.00
61934.00
61934.00
61985.00
61989.00
61955.00
61915.00
61912.00
61974.00
62000.00
61964.00
61918.00
61908.00
61959.00
61989.00
61963.00
61907.00
61899.00
61930.00
61965.00
61945.00
61879.00
61869.00
61899.00
61941.00
61914.00
61858.00
61837.00
61870.00
61912.00
61894.00
61820.00
61799.00
61811.00
61865.00
61845.00
61806.00
61772.00
61790.00
61829.00
61812.00
61772.00
61728.00
61753.00
61793.00
61796.00
61750.00
61716.00
61725.00
61773.00
61779.00
61747.00
61703.00
61707.00
61752.00
61783.00
61752.00
61708.00
61711.00
61759.00
61797.00
61754.00
61712.00
61708.00
61759.00
61801.00
61775.00
61732.00
61721.00
61755.00
61797.00
61779.00
61730.00
61718.00
61762.00
61804.00
61774.00
61746.00
61718.00
61745.00
61791.00
61784.00
61740.00
61707.00
61734.00
61798.00
61796.00
61750.00
61725.00
61737.00
61789.00
61793.00
61757.00
61719.00
61727.00
61786.00
61797.00
61763.00
61725.00
61737.00
61782.00
61801.00
61765.00
61729.00
61722.00
61767.00
61801.00
61763.00
61733.00
61719.00
61767.00
61800.00
61781.00
61734.00
61721.00
61769.00
61799.00
61790.00
61727.00
61721.00
61766.00
61813.00
61791.00
61744.00
61719.00
61753.00
61807.00
61786.00
61755.00
61722.00
61754.00
61797.00
61793.00
61747.00
61722.00
61742.00
61799.00
61792.00
61753.00
61729.00
61744.00
61793.00
61806.00
61758.00
61723.00
61732.00
61785.00
61797.00
61777.00
61727.00
61720.00
61786.00
61810.00
61781.00
61740.00
61734.00
61768.00
61810.00
61782.00
61732.00
61725.00
61756.00
61806.00
61787.00
61739.00
61724.00
61748.00
61806.00
61785.00
61738.00
61723.00
61760.00
61799.00
61796.00
61750.00
61722.00
61750.00
61806.00
61786.00
61748.00
61723.00
61743.00
61806.00
61798.00
61766.00
61731.00
61733.00
61800.00
61807.00
61769.00
61718.00
61742.00
61774.00
61800.00
61772.00
61720.00
61726.00
61777.00
61799.00
61773.00
61731.00
61719.00
61771.00
61804.00
61775.00
61732.00
61728.00
61769.00
61807.00
61782.00
61728.00
61723.00
61758.00
61810.00
61783.00
61747.00
61729.00
61760.00
61804.00
61786.00
61740.00
61706.00
61745.00
61799.00
61791.00
61749.00
61719.00
61748.00
61796.00
61790.00
61745.00
61725.00
61731.00
61794.00
61799.00
61752.00
61722.00
61738.00
61793.00
61804.00
61765.00
61730.00
61737.00
61785.00
61798.00
61769.00
61722.00
61724.00
61773.00
61804.00
61773.00
61726.00
61726.00
61768.00
61799.00
61761.00
61725.00
61718.00
61758.00
61804.00
61787.00
61735.00
61714.00
61756.00
61804.00
61787.00
61742.00
61725.00
61747.00
61801.00
61782.00
61748.00
61725.00
61746.00
61795.00
61791.00
61749.00
61706.00
61747.00
61786.00
61785.00
61745.00
61717.00
61734.00
61787.00
61790.00
61752.00
61717.00
61733.00
61786.00
61795.00
61760.00
61720.00
61725.00
61772.00
61798.00
61769.00
61728.00
61724.00
61770.00
61794.00
61772.00
61714.00
61729.00
61768.00
61805.00
61774.00
61735.00
61718.00
61765.00
61802.00
61772.00
61736.00
61722.00
61758.00
61806.00
61787.00
61743.00
61717.00
61752.00
61794.00
61788.00
61742.00
61717.00
61750.00
61795.00
61796.00
61758.00
61724.00
61748.00
61792.00
61800.00
61756.00
61723.00
61741.00
61802.00
61794.00
61768.00
61723.00
61738.00
61786.00
61805.00
61763.00
61731.00
61733.00
61769.00
61788.00
61766.00
61729.00
61735.00
61776.00
61807.00
61773.00
61726.00
61719.00
61768.00
61803.00
61770.00
61747.00
61731.00
61768.00
61811.00
61779.00
61735.00
61724.00
61764.00
61800.00
61779.00
61737.00
61713.00
61761.00
61815.00
61797.00
61755.00
61725.00
61742.00
61800.00
61788.00
61750.00
61725.00
61746.00
61798.00
61797.00
61754.00
61722.00
61737.00
61802.00
61783.00
61757.00
61734.00
61744.00
61783.00
61782.00
61760.00
61725.00
61740.00
61781.00
61794.00
61757.00
61718.00
61727.00
61774.00
61808.00
61778.00
61727.00
61731.00
61775.00
61807.00
61780.00
61733.00
61731.00
61767.00
61792.00
61787.00
61737.00
61723.00
61765.00
61805.00
61783.00
61737.00
61736.00
61763.00
61806.00
61793.00
61749.00
61729.00
61755.00
61811.00
61809.00
61749.00
61726.00
61748.00
61798.00
61794.00
61759.00
61727.00
61745.00
61800.00
61791.00
61767.00
61713.00
61735.00
61786.00
61793.00
61760.00
61723.00
61744.00
61791.00
61809.00
61774.00
61740.00
61740.00
61787.00
61811.00
61781.00
61736.00
61730.00
61784.00
61805.00
61783.00
61724.00
61728.00
61778.00
61806.00
61780.00
61735.00
61724.00
61763.00
61811.00
61790.00
61744.00
61726.00
61754.00
61806.00
61800.00
61730.00
61726.00
61759.00
61803.00
61792.00
61746.00
61729.00
61759.00
61807.00
61790.00
61752.00
61728.00
61742.00
61802.00
61797.00
61752.00
61722.00
61758.00
61794.00
61799.00
61761.00
61723.00
61739.00
61794.00
61800.00
61768.00
61721.00
61742.00
61787.00
61804.00
61760.00
61723.00
61726.00
61784.00
61803.00
61764.00
61715.00
61727.00
61761.00
61797.00
61757.00
61703.00
61699.00
61731.00
61757.00
61707.00
61652.00
61629.00
61668.00
61694.00
61655.00
61603.00
61570.00
61582.00
61600.00
61582.00
61516.00
61490.00
61507.00
61534.00
61509.00
61459.00
61418.00
61438.00
61472.00
61450.00
61404.00
61368.00
61393.00
61447.00
61435.00
61395.00
61369.00
61377.00
61420.00
61415.00
61389.00
61345.00
61364.00
61402.00
61418.00
61401.00
61360.00
61377.00
61418.00
61432.00
61402.00
61373.00
61368.00
61412.00
61441.00
61416.00
61365.00
61384.00
61420.00
61445.00
61419.00
61375.00
61375.00
61419.00
61450.00
61422.00
61379.00
61376.00
61424.00
61447.00
61433.00
61383.00
61377.00
61407.00
61447.00
61428.00
61385.00
61364.00
61392.00
61441.00
61431.00
61384.00
61368.00
61400.00
61445.00
61431.00
61387.00
61378.00
61399.00
61452.00
61438.00
61403.00
61363.00
61393.00
61442.00
61433.00
61400.00
61356.00
61381.00
61438.00
61448.00
61413.00
61379.00
61382.00
61424.00
61445.00
61401.00
61375.00
61369.00
61432.00
61445.00
61422.00
61379.00
61374.00
61413.00
61446.00
61414.00
61375.00
61384.00
61412.00
61454.00
61423.00
61381.00
61380.00
61396.00
61439.00
61421.00
61370.00
61376.00
61404.00
61443.00
61430.00
61387.00
61372.00
61407.00
61447.00
61425.00
61383.00
61371.00
61398.00
61448.00
61422.00
61397.00
61359.00
61388.00
61439.00
61453.00
61399.00
61379.00
61393.00
61435.00
61431.00
61395.00
61372.00
61379.00
61437.00
61432.00
61420.00
61371.00
61382.00
61416.00
61442.00
61417.00
61365.00
61376.00
61422.00
61444.00
61417.00
61380.00
61379.00
61426.00
61441.00
61416.00
61369.00
61371.00
61415.00
61438.00
61409.00
61395.00
61379.00
61417.00
61447.00
61426.00
61381.00
61366.00
61406.00
61446.00
61416.00
61381.00
61370.00
61397.00
61435.00
61436.00
61395.00
61365.00
61404.00
61435.00
61434.00
61388.00
61366.00
61388.00
61438.00
61435.00
61403.00
61362.00
61375.00
61430.00
61434.00
61396.00
61366.00
61390.00
61429.00
61439.00
61399.00
61367.00
61375.00
61427.00
61430.00
61405.00
61369.00
61372.00
61421.00
61441.00
61411.00
61373.00
61382.00
61423.00
61439.00
61408.00
61369.00
61370.00
61412.00
61446.00
61418.00
61365.00
61363.00
61400.00
61439.00
61417.00
61376.00
61362.00
61401.00
61435.00
61417.00
61379.00
61351.00
61395.00
61425.00
61422.00
61382.00
61359.00
61390.00
61435.00
61434.00
61387.00
61363.00
61386.00
61430.00
61420.00
61389.00
61353.00
61370.00
61425.00
61416.00
61383.00
61348.00
61373.00
61419.00
61431.00
61398.00
61355.00
61370.00
61401.00
61414.00
61396.00
61343.00
61371.00
61400.00
61439.00
61399.00
61360.00
61361.00
61412.00
61427.00
61411.00
61364.00
61362.00
61406.00
61431.00
61408.00
61368.00
61369.00
61405.00
61434.00
61413.00
61366.00
61362.00
61396.00
61434.00
61413.00
61368.00
61356.00
61392.00
61432.00
61423.00
61373.00
61349.00
61378.00
61429.00
61411.00
61379.00
61349.00
61382.00
61426.00
61427.00
61391.00
61361.00
61374.00
61418.00
61417.00
61382.00
61354.00
61373.00
61416.00
61421.00
61379.00
61354.00
61375.00
61415.00
61419.00
61401.00
61358.00
61367.00
61408.00
61425.00
61402.00
61372.00
61357.00
61407.00
61432.00
61411.00
61364.00
61365.00
61405.00
61430.00
61410.00
61364.00
61365.00
61402.00
61430.00
61410.00
61364.00
61363.00
61394.00
61435.00
61418.00
61372.00
61357.00
61387.00
61434.00
61411.00
61378.00
61355.00
61382.00
61429.00
61407.00
61386.00
61345.00
61377.00
61434.00
61424.00
61391.00
61353.00
61378.00
61424.00
61414.00
61379.00
61351.00
61359.00
61407.00
61406.00
61370.00
61351.00
61346.00
61396.00
61404.00
61372.00
61325.00
61332.00
61375.00
61381.00
61355.00
61316.00
61314.00
61363.00
61385.00
61366.00
61329.00
61323.00
61349.00
61388.00
61356.00
61320.00
61313.00
61357.00
61387.00
61359.00
61331.00
61324.00
61352.00
61396.00
61365.00
61331.00
61333.00
61361.00
61403.00
61387.00
61354.00
61340.00
61373.00
61419.00
61402.00
61372.00
61347.00
61380.00
61428.00
61438.00
61393.00
61372.00
61389.00
61441.00
61436.00
61409.00
61369.00
61395.00
61435.00
61449.00
61416.00
61378.00
61387.00
61425.00
61451.00
61412.00
61378.00
61390.00
61432.00
61446.00
61414.00
61376.00
61376.00
61428.00
61438.00
61417.00
61376.00
61367.00
61418.00
61464.00
61428.00
61387.00
61380.00
61415.00
61458.00
61428.00
61380.00
61372.00
61411.00
61448.00
61427.00
61384.00
61382.00
61414.00
61445.00
61441.00
61398.00
61372.00
61405.00
61441.00
61428.00
61400.00
61376.00
61403.00
61456.00
61443.00
61400.00
61378.00
61399.00
61440.00
61439.00
61408.00
61372.00
61397.00
61442.00
61445.00
61409.00
61377.00
61392.00
61438.00
61440.00
61411.00
61379.00
61381.00
61418.00
61435.00
61387.00
61345.00
61350.00
61385.00
61403.00
61372.00
61323.00
61326.00
61368.00
61386.00
61357.00
61328.00
61323.00
61362.00
61394.00
61389.00
61343.00
61348.00
61387.00
61430.00
61419.00
61376.00
61369.00
61407.00
61441.00
61422.00
61377.00
61370.00
61391.00
61434.00
61425.00
61389.00
61366.00
61390.00
61446.00
61437.00
61392.00
61372.00
61388.00
61451.00
61442.00
61416.00
61393.00
61412.00
61459.00
61448.00
61401.00
61376.00
61387.00
61432.00
61431.00
61409.00
61366.00
61383.00
61424.00
61431.00
61391.00
61354.00
61363.00
61415.00
61428.00
61397.00
61345.00
61347.00
61403.00
61433.00
61385.00
61354.00
61356.00
61393.00
61424.00
61393.00
61355.00
61364.00
61394.00
61423.00
61401.00
61362.00
61360.00
61391.00
61424.00
61398.00
61359.00
61351.00
61387.00
61415.00
61404.00
61372.00
61354.00
61379.00
61409.00
61389.00
61364.00
61344.00
61370.00
61406.00
61401.00
61374.00
61348.00
61371.00
61415.00
61412.00
61370.00
61340.00
61368.00
61403.00
61404.00
61370.00
61351.00
61353.00
61413.00
61412.00
61377.00
61344.00
61358.00
61396.00
61407.00
61382.00
61343.00
61361.00
61402.00
61409.00
61376.00
61339.00
61343.00
61396.00
61411.00
61386.00
61341.00
61341.00
61391.00
61406.00
61388.00
61343.00
61344.00
61384.00
61409.00
61387.00
61338.00
61351.00
61387.00
61406.00
61386.00
61346.00
61336.00
61367.00
61398.00
61381.00
61332.00
61322.00
61362.00
61394.00
61380.00
61335.00
61323.00
61357.00
61392.00
61377.00
61327.00
61315.00
61343.00
61397.00
61383.00
61345.00
61309.00
61338.00
61394.00
61386.00
61346.00
61306.00
61340.00
61382.00
61391.00
61356.00
61316.00
61333.00
61385.00
61384.00
61352.00
61315.00
61332.00
61390.00
61391.00
61359.00
61324.00
61333.00
61380.00
61387.00
61360.00
61316.00
61322.00
61361.00
61369.00
61347.00
61320.00
61321.00
61364.00
61386.00
61353.00
61307.00
61305.00
61354.00
61391.00
61355.00
61317.00
61308.00
61352.00
61384.00
61367.00
61318.00
61305.00
61337.00
61382.00
61366.00
61319.00
61299.00
61342.00
61388.00
61364.00
61317.00
61300.00
61329.00
61366.00
61360.00
61315.00
61303.00
61326.00
61381.00
61363.00
61325.00
61306.00
61325.00
61361.00
61376.00
61328.00
61300.00
61310.00
61366.00
61368.00
61335.00
61298.00
61319.00
61357.00
61367.00
61325.00
61293.00
61310.00
61357.00
61367.00
61338.00
61297.00
61304.00
61344.00
61369.00
61330.00
61303.00
61297.00
61341.00
61363.00
61341.00
61300.00
61294.00
61342.00
61365.00
61339.00
61298.00
61303.00
61335.00
61362.00
61354.00
61300.00
61304.00
61341.00
61379.00
61346.00
61300.00
61303.00
61325.00
61370.00
61344.00
61311.00
61301.00
61330.00
61363.00
61351.00
61304.00
61294.00
61318.00
61363.00
61349.00
61320.00
61298.00
61323.00
61372.00
61358.00
61318.00
61291.00
61319.00
61361.00
61354.00
61320.00
61285.00
61320.00
61358.00
61357.00
61324.00
61283.00
61311.00
61363.00
61363.00
61332.00
61282.00
61297.00
61349.00
61345.00
61320.00
61302.00
61299.00
61346.00
61363.00
61337.00
61287.00
61302.00
61344.00
61359.00
61323.00
61290.00
61292.00
61334.00
61368.00
61332.00
61291.00
61297.00
61338.00
61373.00
61337.00
61303.00
61289.00
61337.00
61368.00
61344.00
61303.00
61287.00
61331.00
61368.00
61350.00
61306.00
61299.00
61326.00
61364.00
61348.00
61297.00
61283.00
61316.00
61357.00
61340.00
61314.00
61294.00
61323.00
61369.00
61352.00
61307.00
61287.00
61320.00
61366.00
61354.00
61315.00
61296.00
61305.00
61358.00
61361.00
61316.00
61294.00
61318.00
61356.00
61355.00
61327.00
61289.00
61312.00
61351.00
61356.00
61331.00
61292.00
61312.00
61354.00
61353.00
61326.00
61288.00
61305.00
61347.00
61360.00
61332.00
61292.00
61289.00
61340.00
61364.00
61325.00
61280.00
61299.00
61340.00
61368.00
61340.00
61298.00
61289.00
61345.00
61369.00
61334.00
61286.00
61301.00
61338.00
61363.00
61336.00
61298.00
61304.00
61331.00
61357.00
61336.00
61303.00
61294.00
61334.00
61368.00
61349.00
61290.00
61290.00
61325.00
61363.00
61350.00
61300.00
61285.00
61319.00
61364.00
61355.00
61312.00
61288.00
61310.00
61361.00
61358.00
61325.00
61287.00
61313.00
61358.00
61350.00
61323.00
