17697.00
17669.00
17666.00
17707.00
17708.00
17697.00
17660.00
17681.00
17693.00
17716.00
17714.00
17668.00
17665.00
17704.00
17715.00
17718.00
17682.00
17699.00
17716.00
17724.00
17704.00
17655.00
17655.00
17703.00
17718.00
17686.00
17659.00
17693.00
17733.00
17736.00
17736.00
17692.00
17710.00
17729.00
17740.00
17720.00
17693.00
17699.00
17743.00
17754.00
17725.00
17707.00
17692.00
17727.00
17734.00
17709.00
17688.00
17679.00
17706.00
17724.00
17738.00
17711.00
17673.00
17689.00
17731.00
17709.00
17672.00
17700.00
17708.00
17747.00
17733.00
17716.00
17684.00
17695.00
17736.00
17721.00
17695.00
17666.00
17701.00
17717.00
17723.00
17712.00
17684.00
17700.00
17731.00
17735.00
17705.00
17688.00
17698.00
17731.00
17746.00
17706.00
17703.00
17733.00
17743.00
17756.00
17723.00
17698.00
17705.00
17754.00
17756.00
17740.00
17706.00
17717.00
17736.00
17757.00
17747.00
17705.00
17689.00
17752.00
17756.00
17749.00
17712.00
17714.00
17750.00
17760.00
17740.00
17715.00
17701.00
17734.00
17767.00
17746.00
17707.00
17729.00
17749.00
17779.00
17765.00
17714.00
17696.00
17728.00
17761.00
17737.00
17699.00
17703.00
17740.00
17752.00
17772.00
17705.00
17706.00
17749.00
17764.00
17744.00
17707.00
17704.00
17718.00
17727.00
17761.00
17722.00
17703.00
17756.00
17743.00
17749.00
17708.00
17711.00
17728.00
17775.00
17760.00
17732.00
17707.00
17751.00
17751.00
17739.00
17723.00
17703.00
17742.00
17768.00
17786.00
17737.00
17717.00
17743.00
17775.00
17768.00
17753.00
17724.00
17732.00
17773.00
17794.00
17755.00
17711.00
17730.00
17767.00
17765.00
17742.00
17702.00
17725.00
17730.00
17781.00
17746.00
17736.00
17744.00
17764.00
17762.00
17744.00
17704.00
17733.00
17761.00
17783.00
17771.00
17723.00
17746.00
17781.00
17791.00
17764.00
17731.00
17726.00
17745.00
17777.00
17744.00
17735.00
17720.00
17735.00
17763.00
17771.00
17729.00
17733.00
17765.00
17767.00
17793.00
17734.00
17756.00
17770.00
17795.00
17782.00
17747.00
17740.00
17768.00
17789.00
17767.00
17731.00
17754.00
17785.00
17802.00
17778.00
17753.00
17724.00
17764.00
17794.00
17765.00
17755.00
17744.00
17776.00
17791.00
17791.00
17752.00
17720.00
17737.00
17762.00
17790.00
17743.00
17735.00
17761.00
17775.00
17793.00
17768.00
17757.00
17752.00
17785.00
17797.00
17764.00
17751.00
17756.00
17805.00
17804.00
17769.00
17749.00
17760.00
17788.00
17789.00
17780.00
17756.00
17749.00
17775.00
17792.00
17769.00
17735.00
17749.00
17778.00
17791.00
17773.00
17746.00
17745.00
17786.00
17794.00
17749.00
17736.00
17732.00
17787.00
17791.00
17781.00
17738.00
17753.00
17766.00
17784.00
17776.00
17758.00
17747.00
17795.00
17796.00
17768.00
17728.00
17743.00
17759.00
17777.00
17757.00
17739.00
17739.00
17766.00
17795.00
17787.00
17755.00
17746.00
17759.00
17804.00
17772.00
17742.00
17735.00
17763.00
17776.00
17792.00
17745.00
17744.00
17763.00
17767.00
17781.00
17729.00
17699.00
17731.00
17768.00
17753.00
17682.00
17701.00
17699.00
17741.00
17705.00
17684.00
17642.00
17667.00
17704.00
17706.00
17659.00
17649.00
17664.00
17707.00
17689.00
17677.00
17641.00
17657.00
17660.00
17658.00
17622.00
17589.00
17610.00
17634.00
17645.00
17609.00
17575.00
17580.00
17616.00
17606.00
17581.00
17553.00
17547.00
17585.00
17583.00
17544.00
17510.00
17508.00
17524.00
17539.00
17492.00
17449.00
17441.00
17485.00
17487.00
17439.00
17396.00
17398.00
17397.00
17405.00
17369.00
17330.00
17341.00
17357.00
17367.00
17346.00
17289.00
17289.00
17332.00
17328.00
17305.00
17269.00
17247.00
17262.00
17261.00
17219.00
17182.00
17166.00
17188.00
17202.00
17182.00
17114.00
17113.00
17101.00
17140.00
17126.00
17080.00
17076.00
17088.00
17099.00
17096.00
17042.00
16993.00
16987.00
17018.00
17007.00
16972.00
16963.00
16995.00
17030.00
17023.00
17009.00
16999.00
17025.00
17081.00
17105.00
17067.00
17045.00
17092.00
17153.00
17167.00
17158.00
17127.00
17169.00
17215.00
17234.00
17215.00
17205.00
17238.00
17285.00
17312.00
17324.00
17307.00
17326.00
17369.00
17407.00
17395.00
17379.00
17398.00
17489.00
17496.00
17474.00
17460.00
17482.00
17507.00
17535.00
17508.00
17461.00
17487.00
17530.00
17560.00
17558.00
17536.00
17556.00
17608.00
17637.00
17634.00
17601.00
17609.00
17636.00
17670.00
17643.00
17636.00
17655.00
17688.00
17732.00
17703.00
17674.00
17697.00
17726.00
17742.00
17748.00
17700.00
17720.00
17744.00
17774.00
17778.00
17739.00
17730.00
17765.00
17788.00
17781.00
17750.00
17751.00
17760.00
17807.00
17790.00
17773.00
17771.00
17785.00
17784.00
17804.00
17777.00
17751.00
17770.00
17794.00
17783.00
17784.00
17768.00
17769.00
17786.00
17803.00
17794.00
17762.00
17771.00
17804.00
17811.00
17803.00
17765.00
17779.00
17796.00
17848.00
17814.00
17788.00
17806.00
17811.00
17837.00
17810.00
17799.00
17819.00
17837.00
17846.00
17807.00
17791.00
17794.00
17817.00
17825.00
17825.00
17785.00
17785.00
17818.00
17842.00
17832.00
17787.00
17785.00
17784.00
17811.00
17802.00
17764.00
17769.00
17798.00
17823.00
17808.00
17755.00
17767.00
17774.00
17813.00
17789.00
17746.00
17751.00
17745.00
17790.00
17770.00
17745.00
17731.00
17745.00
17762.00
17738.00
17687.00
17628.00
17658.00
17672.00
17613.00
17569.00
17506.00
17485.00
17449.00
17379.00
17275.00
17178.00
17091.00
16996.00
16864.00
16704.00
16523.00
16379.00
16240.00
16076.00
15855.00
15591.00
15355.00
15154.00
14906.00
14650.00
14365.00
14156.00
13964.00
13776.00
13497.00
13242.00
13076.00
12906.00
12762.00
12583.00
12413.00
12365.00
12268.00
12131.00
11987.00
11815.00
11715.00
11657.00
11578.00
11476.00
11353.00
11291.00
11240.00
11204.00
11133.00
11014.00
10946.00
10922.00
10902.00
10842.00
10824.00
10757.00
10737.00
10726.00
10661.00
10597.00
10546.00
10565.00
10589.00
10609.00
10580.00
10572.00
10584.00
10627.00
10649.00
10608.00
10582.00
10626.00
10680.00
10694.00
10681.00
10709.00
10746.00
10809.00
10840.00
10837.00
10874.00
10889.00
11001.00
11036.00
11104.00
11129.00
11197.00
11320.00
11402.00
11472.00
11487.00
11578.00
11724.00
11810.00
11922.00
11973.00
12090.00
12224.00
12366.00
12500.00
12610.00
12746.00
12991.00
13212.00
13399.00
13636.00
13868.00
14100.00
14376.00
14616.00
14812.00
14993.00
15199.00
15408.00
15573.00
15682.00
15860.00
16018.00
16165.00
16270.00
16379.00
16493.00
16601.00
16726.00
16806.00
16819.00
16895.00
16963.00
17053.00
17087.00
17095.00
17116.00
17171.00
17210.00
17241.00
17218.00
17221.00
17270.00
17340.00
17362.00
17314.00
17312.00
17362.00
17396.00
17382.00
17391.00
17364.00
17384.00
17429.00
17435.00
17420.00
17382.00
17429.00
17452.00
17469.00
17476.00
17482.00
17460.00
17515.00
17545.00
17502.00
17474.00
17487.00
17492.00
17501.00
17475.00
17446.00
17463.00
17482.00
17485.00
17471.00
17445.00
17448.00
17495.00
17495.00
17488.00
17457.00
17460.00
17494.00
17519.00
17500.00
17478.00
17472.00
17489.00
17507.00
17503.00
17473.00
17469.00
17478.00
17482.00
17441.00
17382.00
17348.00
17348.00
17342.00
17291.00
17196.00
17151.00
17116.00
17051.00
16931.00
16772.00
16627.00
16494.00
16349.00
16167.00
15888.00
15616.00
15363.00
15119.00
14825.00
14529.00
14233.00
13974.00
13767.00
13478.00
13173.00
12924.00
12744.00
12692.00
12454.00
12260.00
12068.00
11923.00
11845.00
11704.00
11541.00
11386.00
11282.00
11214.00
11121.00
10994.00
10874.00
10789.00
10727.00
10637.00
10541.00
10426.00
10379.00
10356.00
10318.00
10254.00
10175.00
10156.00
10164.00
10148.00
10085.00
10000.00
9971.00
10008.00
10012.00
10021.00
10011.00
10022.00
10081.00
10106.00
10100.00
10048.00
10074.00
10096.00
10201.00
10192.00
10175.00
10214.00
10291.00
10358.00
10390.00
10415.00
10452.00
10542.00
10664.00
10768.00
10829.00
10950.00
11130.00
11311.00
11448.00
11595.00
11787.00
12017.00
12274.00
12449.00
12646.00
12902.00
13239.00
13598.00
13893.00
14201.00
14501.00
14833.00
15175.00
15457.00
15678.00
15906.00
16145.00
16335.00
16480.00
16598.00
16664.00
16806.00
16934.00
17012.00
17059.00
17082.00
17123.00
17214.00
17271.00
17262.00
17280.00
17291.00
17340.00
17369.00
17392.00
17347.00
17366.00
17413.00
17445.00
17440.00
17474.00
17509.00
17532.00
17542.00
17542.00
17517.00
17569.00
17623.00
17712.00
17691.00
17693.00
17699.00
17701.00
17788.00
17778.00
17691.00
17709.00
17733.00
17771.00
17791.00
17772.00
17745.00
17758.00
17791.00
17810.00
17804.00
17783.00
17872.00
17899.00
17893.00
17853.00
17823.00
17816.00
17844.00
17784.00
17739.00
17709.00
17708.00
17715.00
17708.00
17639.00
17573.00
17505.00
17527.00
17476.00
17371.00
17312.00
17203.00
17160.00
17053.00
16885.00
16674.00
16546.00
16386.00
16228.00
15989.00
15714.00
15464.00
15204.00
14945.00
14631.00
14335.00
14021.00
13805.00
13574.00
13343.00
13093.00
12921.00
12786.00
12671.00
12502.00
12310.00
12128.00
12028.00
11962.00
11828.00
11680.00
11611.00
11565.00
11490.00
11403.00
11283.00
11160.00
11116.00
11068.00
11020.00
10916.00
10838.00
10795.00
10784.00
10740.00
10681.00
10607.00
10588.00
10565.00
10524.00
10454.00
10385.00
10383.00
10389.00
10376.00
10309.00
10258.00
10261.00
10254.00
10291.00
10274.00
10251.00
10281.00
10297.00
10316.00
10282.00
10260.00
10244.00
10288.00
10326.00
10296.00
10266.00
10270.00
10316.00
10371.00
10391.00
10378.00
10421.00
10480.00
10538.00
10550.00
10567.00
10581.00
10698.00
10787.00
10874.00
10876.00
10943.00
11056.00
11195.00
11285.00
11340.00
11452.00
11615.00
11804.00
11953.00
12096.00
12272.00
12559.00
12880.00
13204.00
13400.00
13689.00
13979.00
14316.00
14581.00
14904.00
15104.00
15409.00
15698.00
15855.00
16027.00
16177.00
16337.00
16515.00
16640.00
16734.00
16754.00
16837.00
16932.00
16994.00
17018.00
17010.00
17042.00
17105.00
17151.00
17159.00
17131.00
17148.00
17215.00
17235.00
17211.00
17191.00
17199.00
17232.00
17250.00
17234.00
17179.00
17217.00
17281.00
17282.00
17288.00
17243.00
17237.00
17263.00
17283.00
17300.00
17240.00
17258.00
17281.00
17331.00
17332.00
17311.00
17286.00
17328.00
17329.00
17380.00
17327.00
17314.00
17334.00
17363.00
17379.00
17351.00
17332.00
17374.00
17417.00
17406.00
17378.00
17364.00
17372.00
17399.00
17416.00
17367.00
17352.00
17356.00
17389.00
17361.00
17314.00
17247.00
17232.00
17235.00
17177.00
17133.00
17064.00
17018.00
16984.00
16894.00
16779.00
16610.00
16451.00
16299.00
16092.00
15814.00
15531.00
15265.00
15027.00
14780.00
14498.00
14157.00
13874.00
13641.00
13388.00
13102.00
12818.00
12657.00
12559.00
12385.00
12243.00
12044.00
11918.00
11839.00
11751.00
11626.00
11528.00
11397.00
11332.00
11272.00
11189.00
11081.00
10998.00
10935.00
10894.00
10804.00
10713.00
10642.00
10582.00
10569.00
10530.00
10463.00
10417.00
10419.00
10415.00
10399.00
10371.00
10334.00
10361.00
10349.00
10371.00
10345.00
10290.00
10293.00
10325.00
10304.00
10273.00
10247.00
10258.00
10292.00
10300.00
10289.00
10263.00
10279.00
10347.00
10379.00
10374.00
10345.00
10347.00
10410.00
10474.00
10483.00
10487.00
10537.00
10638.00
10708.00
10795.00
10836.00
10934.00
11052.00
11183.00
11247.00
11275.00
11377.00
11530.00
11700.00
11830.00
11953.00
12129.00
12371.00
12660.00
12885.00
13080.00
13314.00
13587.00
13906.00
14216.00
14443.00
14680.00
14990.00
15254.00
15496.00
15664.00
15882.00
16101.00
16328.00
16490.00
16575.00
16644.00
16755.00
16862.00
16949.00
16961.00
16946.00
17001.00
17067.00
17102.00
17086.00
17093.00
17142.00
17189.00
17189.00
17194.00
17183.00
17200.00
17201.00
17241.00
17226.00
17190.00
17215.00
17254.00
17284.00
17277.00
17239.00
17254.00
17285.00
17296.00
17290.00
17283.00
17277.00
17323.00
17314.00
17325.00
17298.00
17290.00
17306.00
17328.00
17312.00
17278.00
17263.00
17310.00
17341.00
17344.00
17306.00
17296.00
17335.00
17347.00
17354.00
17336.00
17284.00
17352.00
17377.00
17374.00
17342.00
17328.00
17354.00
17386.00
17392.00
17355.00
17310.00
17306.00
17341.00
17328.00
17242.00
17206.00
17169.00
17152.00
17091.00
17025.00
16909.00
16882.00
16810.00
16737.00
16636.00
16466.00
16334.00
16214.00
16069.00
15850.00
15655.00
15453.00
15283.00
15070.00
14821.00
14529.00
14241.00
13986.00
13739.00
13461.00
13176.00
12974.00
12765.00
12570.00
12399.00
12172.00
12017.00
11884.00
11787.00
11693.00
11549.00
11464.00
11377.00
11320.00
11251.00
11135.00
11091.00
11057.00
11017.00
10964.00
10878.00
10801.00
10778.00
10732.00
10688.00
10611.00
10545.00
10515.00
10504.00
10476.00
10435.00
10397.00
10415.00
10455.00
10475.00
10436.00
10405.00
10402.00
10435.00
10436.00
10406.00
10380.00
10379.00
10378.00
10376.00
10348.00
10334.00
10335.00
10370.00
10403.00
10401.00
10366.00
10375.00
10406.00
10429.00
10433.00
10424.00
10453.00
10506.00
10570.00
10580.00
10584.00
10611.00
10686.00
10772.00
10820.00
10831.00
10888.00
11008.00
11082.00
11129.00
11166.00
11246.00
11384.00
11542.00
11652.00
11775.00
11917.00
12108.00
12299.00
12485.00
12698.00
12925.00
13215.00
13544.00
13824.00
14072.00
14342.00
14631.00
14961.00
15198.00
15424.00
15608.00
15831.00
16032.00
16188.00
16276.00
16377.00
16504.00
16656.00
16732.00
16798.00
16806.00
16882.00
16955.00
17032.00
17039.00
17024.00
17052.00
17095.00
17110.00
17092.00
17077.00
17069.00
17134.00
17156.00
17170.00
17132.00
17148.00
17175.00
17209.00
17205.00
17154.00
17147.00
17211.00
17242.00
17247.00
17213.00
17192.00
17249.00
17238.00
17247.00
17214.00
17208.00
17232.00
17256.00
17278.00
17249.00
17246.00
17264.00
17310.00
17283.00
17236.00
17232.00
17240.00
17297.00
17269.00
17240.00
17241.00
17268.00
17286.00
17291.00
17255.00
17243.00
17262.00
17316.00
17317.00
17280.00
17244.00
17267.00
17317.00
17314.00
17266.00
17209.00
17164.00
17167.00
17143.00
17077.00
16982.00
16902.00
16864.00
16766.00
16635.00
16447.00
16294.00
16173.00
16013.00
15792.00
15531.00
15313.00
15054.00
14810.00
14538.00
14218.00
13941.00
13684.00
13465.00
13202.00
12932.00
12703.00
12535.00
12382.00
12209.00
12017.00
11831.00
11713.00
11625.00
11500.00
11359.00
11235.00
11179.00
11149.00
11062.00
10948.00
10859.00
10840.00
10840.00
10772.00
10704.00
10633.00
10613.00
10598.00
10566.00
10497.00
10433.00
10390.00
10384.00
10363.00
10316.00
10258.00
10229.00
10248.00
10238.00
10207.00
10161.00
10187.00
10193.00
10180.00
10146.00
10114.00
10134.00
10173.00
10204.00
10189.00
10181.00
10200.00
10246.00
10297.00
10294.00
10260.00
10255.00
10309.00
10341.00
10330.00
10305.00
10309.00
10349.00
10411.00
10415.00
10420.00
10447.00
10520.00
10609.00
10676.00
10699.00
10779.00
10894.00
11018.00
11093.00
11126.00
11192.00
11323.00
11491.00
11606.00
11719.00
11852.00
12045.00
12279.00
12571.00
12792.00
13006.00
13287.00
13543.00
13796.00
14064.00
14297.00
14538.00
14821.00
15041.00
15227.00
15406.00
15615.00
15870.00
16053.00
16184.00
16242.00
16421.00
16555.00
16673.00
16734.00
16740.00
16812.00
16901.00
16963.00
16991.00
16954.00
16987.00
17050.00
17083.00
17087.00
17071.00
17076.00
17117.00
17154.00
17147.00
17123.00
17125.00
17162.00
17199.00
17224.00
17158.00
17162.00
17193.00
17216.00
17244.00
17210.00
17206.00
17245.00
17263.00
17275.00
17241.00
17237.00
17228.00
17278.00
17298.00
17266.00
17234.00
17269.00
17310.00
17308.00
17289.00
17282.00
17289.00
17297.00
17323.00
17298.00
17266.00
17284.00
17311.00
17347.00
17329.00
17293.00
17291.00
17333.00
17361.00
17347.00
17297.00
17325.00
17337.00
17337.00
17333.00
17291.00
17240.00
17242.00
17260.00
17211.00
17129.00
17039.00
17034.00
16986.00
16904.00
16742.00
16594.00
16465.00
16336.00
16147.00
15909.00
15629.00
15416.00
15182.00
14922.00
14652.00
14407.00
14155.00
13876.00
13584.00
13290.00
13066.00
12844.00
12698.00
12526.00
12304.00
12073.00
11920.00
11794.00
11676.00
11540.00
11376.00
11305.00
11241.00
11162.00
11079.00
10971.00
10900.00
10856.00
10793.00
10700.00
10590.00
10528.00
10519.00
10496.00
10430.00
10369.00
10323.00
10335.00
10359.00
10320.00
10271.00
10221.00
10226.00
10227.00
10184.00
10133.00
10112.00
10119.00
10144.00
10153.00
10122.00
10094.00
10144.00
10169.00
10164.00
10138.00
10119.00
10145.00
10187.00
10179.00
10143.00
10129.00
10191.00
10259.00
10303.00
10328.00
10354.00
10431.00
10539.00
10628.00
10676.00
10754.00
10851.00
10978.00
11058.00
11117.00
11192.00
11361.00
11591.00
11787.00
11949.00
12113.00
12368.00
12722.00
13054.00
13388.00
13685.00
14036.00
14445.00
14836.00
15162.00
15392.00
15626.00
15892.00
16152.00
16346.00
16444.00
16541.00
16662.00
16778.00
16827.00
16828.00
16872.00
16922.00
17005.00
17015.00
17034.00
17023.00
17061.00
17115.00
17109.00
17079.00
17079.00
17087.00
17174.00
17163.00
17147.00
17135.00
17176.00
17228.00
17229.00
17209.00
17175.00
17200.00
17242.00
17255.00
17237.00
17221.00
17238.00
17258.00
17298.00
17261.00
17204.00
17214.00
17270.00
17261.00
17253.00
17233.00
17246.00
17252.00
17295.00
17261.00
17226.00
17206.00
17239.00
17272.00
17274.00
17227.00
17238.00
17267.00
17287.00
17267.00
17231.00
17227.00
17248.00
17276.00
17265.00
17236.00
17245.00
17254.00
17273.00
17267.00
17176.00
17146.00
17116.00
17107.00
17078.00
16979.00
16906.00
16877.00
16818.00
16721.00
16562.00
16408.00
16261.00
16130.00
15932.00
15698.00
15437.00
15251.00
14999.00
14730.00
14442.00
14157.00
13915.00
13695.00
13426.00
13140.00
12870.00
12636.00
12416.00
12222.00
12040.00
11848.00
11725.00
11614.00
11522.00
11418.00
11294.00
11217.00
11184.00
11175.00
11129.00
11060.00
11023.00
11028.00
11043.00
10991.00
10872.00
10791.00
10745.00
10707.00
10628.00
10545.00
10464.00
10432.00
10420.00
10393.00
10312.00
10281.00
10272.00
10315.00
10317.00
10300.00
10290.00
10308.00
10352.00
10367.00
10331.00
10309.00
10335.00
10384.00
10410.00
10410.00
10382.00
10415.00
10457.00
10490.00
10492.00
10463.00
10513.00
10571.00
10597.00
10595.00
10577.00
10621.00
10687.00
10754.00
10782.00
10770.00
10837.00
10936.00
11049.00
11096.00
11111.00
11180.00
11288.00
11418.00
11494.00
11544.00
11659.00
11835.00
12042.00
12267.00
12437.00
12674.00
12947.00
13218.00
13489.00
13685.00
13908.00
14180.00
14432.00
14654.00
14872.00
15048.00
15309.00
15512.00
15667.00
15789.00
15921.00
16095.00
16247.00
16322.00
16354.00
16453.00
16522.00
16591.00
16688.00
16705.00
16719.00
16791.00
16887.00
16922.00
16902.00
16901.00
16947.00
16977.00
17025.00
17020.00
16964.00
17016.00
17068.00
17073.00
17085.00
17053.00
17091.00
17115.00
17139.00
17110.00
17089.00
17121.00
17155.00
17194.00
17159.00
17135.00
17122.00
17153.00
17207.00
17183.00
17137.00
17139.00
17177.00
17215.00
17218.00
17187.00
17187.00
17205.00
17238.00
17231.00
17186.00
17199.00
17188.00
17244.00
17261.00
17225.00
17213.00
17231.00
17268.00
17286.00
17246.00
17234.00
17236.00
17277.00
17291.00
17252.00
17220.00
17238.00
17271.00
17295.00
17241.00
17196.00
17185.00
17189.00
17171.00
17117.00
17041.00
16980.00
16950.00
16890.00
16770.00
16596.00
16442.00
16323.00
16146.00
15888.00
15594.00
15375.00
15117.00
14835.00
14512.00
14171.00
13836.00
13534.00
13279.00
12992.00
12702.00
12446.00
12231.00
12031.00
11865.00
11718.00
11593.00
11486.00
11382.00
11296.00
11173.00
11043.00
11028.00
11007.00
10961.00
10868.00
10808.00
10774.00
10782.00
10744.00
10661.00
10600.00
10577.00
10588.00
10582.00
10547.00
10480.00
10478.00
10491.00
10493.00
10452.00
10394.00
10358.00
10375.00
10379.00
10338.00
10325.00
10325.00
10367.00
10388.00
10349.00
10319.00
10317.00
10334.00
10360.00
10321.00
10288.00
10315.00
10348.00
10388.00
10395.00
10344.00
10339.00
10378.00
10413.00
10418.00
10384.00
10394.00
10448.00
10501.00
10498.00
10477.00
10466.00
10510.00
10575.00
10594.00
10576.00
10571.00
10632.00
10715.00
10745.00
10750.00
10761.00
10835.00
10928.00
10975.00
11013.00
11047.00
11138.00
11229.00
11329.00
11372.00
11444.00
11585.00
11760.00
11897.00
11994.00
12148.00
12415.00
12708.00
13007.00
13253.00
13566.00
13869.00
14226.00
14502.00
14773.00
15048.00
15327.00
15604.00
15832.00
15997.00
16159.00
16335.00
16480.00
16606.00
16698.00
16723.00
16789.00
16861.00
16927.00
16946.00
16921.00
16955.00
17012.00
17064.00
17049.00
17029.00
17035.00
17065.00
17113.00
17123.00
17100.00
17077.00
17102.00
17164.00
17138.00
17121.00
17104.00
17128.00
17181.00
17197.00
17167.00
17115.00
17157.00
17172.00
17208.00
17195.00
17150.00
17170.00
17180.00
17200.00
17189.00
17152.00
17174.00
17221.00
17237.00
17211.00
17200.00
17204.00
17239.00
17251.00
17238.00
17181.00
17188.00
17225.00
17263.00
17222.00
17200.00
17201.00
17230.00
17241.00
17231.00
17186.00
17194.00
17218.00
17263.00
17247.00
17225.00
17220.00
17254.00
17278.00
17254.00
17233.00
17208.00
17260.00
17296.00
17292.00
17271.00
17262.00
17288.00
17334.00
17311.00
17275.00
17250.00
17269.00
17308.00
17343.00
17287.00
17250.00
17289.00
17321.00
17305.00
17280.00
17255.00
17263.00
17286.00
17309.00
17287.00
17245.00
17260.00
17294.00
17326.00
17312.00
17254.00
17247.00
17289.00
17283.00
17258.00
17219.00
17237.00
17254.00
17258.00
17266.00
17225.00
17236.00
17272.00
17291.00
17271.00
17201.00
17224.00
17254.00
17267.00
17262.00
17234.00
17216.00
17235.00
17277.00
17256.00
17217.00
17218.00
17260.00
17260.00
17246.00
17230.00
17226.00
17246.00
17284.00
17271.00
17217.00
17198.00
17212.00
17246.00
17234.00
17201.00
17176.00
17176.00
17229.00
17222.00
17180.00
17119.00
17133.00
17177.00
17166.00
17147.00
17086.00
17124.00
17116.00
17147.00
17118.00
17055.00
17053.00
17090.00
17079.00
17069.00
17042.00
17007.00
17037.00
17080.00
17059.00
17025.00
17026.00
17071.00
17093.00
17079.00
17045.00
17035.00
17075.00
17133.00
17130.00
17110.00
17133.00
17161.00
17210.00
17180.00
17175.00
17175.00
17207.00
17263.00
17263.00
17223.00
17206.00
17264.00
17294.00
17300.00
17276.00
17255.00
17282.00
17337.00
17313.00
17307.00
17281.00
17281.00
17318.00
17344.00
17308.00
17275.00
17291.00
17339.00
17335.00
17320.00
17314.00
17331.00
17364.00
17392.00
17343.00
17321.00
17318.00
17357.00
17382.00
17342.00
17328.00
17311.00
17350.00
17380.00
17369.00
17349.00
17341.00
17368.00
17392.00
17375.00
17328.00
17334.00
17374.00
17398.00
17385.00
17330.00
17352.00
17394.00
17414.00
17432.00
17360.00
17369.00
17390.00
17407.00
17400.00
17378.00
17334.00
17355.00
17410.00
17409.00
17377.00
17344.00
17379.00
17407.00
17412.00
17390.00
17366.00
17370.00
17401.00
17400.00
17427.00
17374.00
17371.00
17419.00
17430.00
17429.00
17384.00
17400.00
17423.00
17423.00
17421.00
17372.00
17387.00
17437.00
17451.00
17426.00
17417.00
17417.00
17446.00
17456.00
17444.00
17427.00
17402.00
17444.00
17458.00
17462.00
17409.00
17426.00
17441.00
17444.00
17455.00
17401.00
17399.00
17420.00
17455.00
17464.00
17431.00
17406.00
17422.00
17452.00
17464.00
17418.00
17391.00
17410.00
17446.00
17432.00
17408.00
17345.00
17403.00
17437.00
17453.00
17394.00
17381.00
17391.00
17442.00
17437.00
17402.00
17371.00
17370.00
17435.00
17434.00
17391.00
17387.00
17391.00
17436.00
17459.00
17417.00
17389.00
17361.00
17432.00
17439.00
17413.00
17373.00
17379.00
17411.00
17434.00
17430.00
17390.00
17381.00
17433.00
17455.00
17445.00
17392.00
17401.00
17416.00
17446.00
17457.00
17399.00
17396.00
17438.00
17431.00
17430.00
17406.00
17366.00
17409.00
17441.00
17460.00
17414.00
17381.00
17404.00
17425.00
17437.00
17399.00
17371.00
17398.00
17452.00
17455.00
17433.00
17388.00
17421.00
17433.00
17441.00
17405.00
17381.00
17406.00
17420.00
17473.00
17440.00
17382.00
17413.00
17433.00
17438.00
17425.00
17358.00
17366.00
17421.00
17456.00
17432.00
17394.00
17392.00
17419.00
17445.00
17441.00
17396.00
17376.00
17416.00
17435.00
17434.00
17402.00
17379.00
17427.00
17456.00
17455.00
17415.00
17409.00
17410.00
17458.00
17449.00
17427.00
17414.00
17436.00
17439.00
17464.00
17430.00
17419.00
17419.00
17464.00
17461.00
17439.00
17425.00
17436.00
17471.00
17481.00
17451.00
17416.00
17416.00
17458.00
17457.00
17431.00
17407.00
17395.00
17428.00
17451.00
17438.00
17386.00
17385.00
17414.00
17446.00
17429.00
17378.00
17401.00
17407.00
17465.00
17433.00
17396.00
17385.00
17419.00
17466.00
17442.00
17396.00
17418.00
17414.00
17474.00
17448.00
17416.00
17384.00
17411.00
17445.00
17469.00
17400.00
17403.00
17400.00
17443.00
17446.00
17416.00
17395.00
17418.00
17444.00
17462.00
17434.00
17390.00
17427.00
17435.00
17482.00
17434.00
17415.00
17423.00
17454.00
17466.00
17460.00
17411.00
17428.00
17463.00
17484.00
17472.00
17431.00
17450.00
17483.00
17496.00
17474.00
17442.00
17425.00
17482.00
17501.00
17495.00
17439.00
17437.00
17468.00
17486.00
17478.00
17445.00
17451.00
17472.00
17506.00
17476.00
17473.00
17447.00
17485.00
17507.00
17510.00
17470.00
17457.00
17473.00
17503.00
17521.00
17468.00
17438.00
17477.00
17514.00
17527.00
17475.00
17442.00
17450.00
17499.00
17511.00
17486.00
17431.00
17447.00
17475.00
17513.00
17492.00
17460.00
17473.00
17515.00
17528.00
17513.00
17453.00
17467.00
17493.00
17531.00
17506.00
17475.00
17446.00
17486.00
17485.00
17483.00
17445.00
17443.00
17470.00
17503.00
17482.00
17451.00
17451.00
17465.00
17503.00
17507.00
17477.00
17471.00
17471.00
17505.00
17511.00
17466.00
17457.00
17488.00
17520.00
17513.00
17485.00
17449.00
17463.00
17509.00
17513.00
17478.00
17466.00
17466.00
17508.00
17523.00
17495.00
17458.00
17468.00
17500.00
17503.00
17478.00
17449.00
17454.00
17503.00
17544.00
17516.00
17475.00
17462.00
17494.00
17535.00
17517.00
17469.00
17468.00
17507.00
17533.00
17518.00
17497.00
17505.00
17513.00
17534.00
17524.00
17493.00
17464.00
17471.00
17518.00
17505.00
17483.00
17467.00
17495.00
17530.00
17538.00
17506.00
17485.00
17483.00
17527.00
17517.00
17491.00
17479.00
17496.00
17543.00
17544.00
17504.00
17473.00
17519.00
17535.00
17544.00
17505.00
17483.00
17495.00
17539.00
17547.00
17532.00
17487.00
17513.00
17533.00
17540.00
17517.00
17480.00
17489.00
17525.00
17535.00
17528.00
17505.00
17485.00
17524.00
17542.00
17533.00
17505.00
17502.00
17506.00
17557.00
17545.00
17528.00
17501.00
17519.00
17567.00
17569.00
17533.00
17505.00
17534.00
17574.00
17546.00
17529.00
17505.00
17537.00
17569.00
17568.00
17534.00
17512.00
17514.00
17573.00
17577.00
17548.00
17518.00
17515.00
17555.00
17568.00
17552.00
17518.00
17534.00
17541.00
17600.00
17536.00
17532.00
17540.00
17568.00
17596.00
17573.00
17532.00
17512.00
17559.00
17576.00
17555.00
17512.00
17506.00
17563.00
17583.00
17572.00
17539.00
17540.00
17547.00
17582.00
17572.00
17521.00
17525.00
17554.00
17553.00
17571.00
17516.00
17503.00
17527.00
17563.00
17547.00
17513.00
17501.00
17536.00
17582.00
17593.00
17547.00
17513.00
17502.00
17559.00
17565.00
17524.00
17507.00
17540.00
17569.00
17596.00
17565.00
17507.00
17561.00
17548.00
17585.00
17560.00
17512.00
17537.00
17546.00
17570.00
17565.00
17504.00
17523.00
17543.00
17578.00
17553.00
17522.00
17508.00
17560.00
17585.00
17574.00
17556.00
17522.00
17561.00
17590.00
17572.00
17528.00
17530.00
17565.00
17579.00
17572.00
17561.00
17526.00
17554.00
17592.00
17587.00
17561.00
17523.00
17556.00
17587.00
17573.00
17538.00
17529.00
17535.00
17588.00
17584.00
17567.00
17536.00
17556.00
17584.00
17587.00
17561.00
17533.00
17522.00
17571.00
17570.00
17573.00
17540.00
17535.00
17569.00
17591.00
17575.00
17535.00
17555.00
17588.00
17615.00
17595.00
17571.00
17565.00
17595.00
17603.00
17583.00
17550.00
17541.00
17574.00
17617.00
17608.00
17578.00
17551.00
17564.00
17586.00
17578.00
17551.00
17517.00
17541.00
17594.00
17593.00
17566.00
17547.00
17558.00
17596.00
17579.00
17544.00
17528.00
17561.00
17591.00
17568.00
17574.00
17553.00
17573.00
17595.00
17587.00
17568.00
17536.00
17540.00
17579.00
17594.00
17572.00
17538.00
17550.00
17579.00
17588.00
17557.00
17519.00
17522.00
17562.00
17606.00
17575.00
17549.00
17522.00
17559.00
17597.00
17585.00
17520.00
17539.00
17551.00
17587.00
17601.00
17539.00
17547.00
17588.00
17589.00
17603.00
17549.00
17531.00
17570.00
17594.00
17571.00
17542.00
17542.00
17569.00
17590.00
17594.00
17557.00
17539.00
17565.00
17605.00
17608.00
17571.00
17555.00
17580.00
17602.00
17608.00
17571.00
17559.00
17570.00
17582.00
17596.00
17580.00
17552.00
17560.00
17604.00
17620.00
17596.00
17553.00
17566.00
17589.00
17623.00
17575.00
17546.00
17571.00
17596.00
17610.00
17590.00
17555.00
17558.00
17615.00
17618.00
17600.00
17545.00
17556.00
17573.00
17611.00
17595.00
17563.00
17559.00
17583.00
17605.00
17596.00
17542.00
17563.00
17573.00
17609.00
17619.00
17579.00
17562.00
17595.00
17612.00
17615.00
17573.00
17560.00
17575.00
17613.00
17604.00
17566.00
17548.00
17592.00
17627.00
17628.00
17587.00
17563.00
17575.00
17596.00
17615.00
17593.00
17546.00
17588.00
17605.00
17614.00
17606.00
17564.00
17580.00
17630.00
17642.00
17608.00
17579.00
17582.00
17641.00
17642.00
17606.00
17579.00
17588.00
17582.00
17643.00
17589.00
17579.00
17566.00
17602.00
17637.00
17615.00
17567.00
17568.00
17604.00
17617.00
17614.00
17561.00
17572.00
17604.00
17639.00
17610.00
17584.00
17575.00
17586.00
17611.00
17616.00
17578.00
17566.00
17566.00
17614.00
17619.00
17583.00
17567.00
17590.00
17640.00
17640.00
17601.00
17579.00
17595.00
17607.00
17617.00
17587.00
17571.00
17565.00
17622.00
17629.00
17601.00
17563.00
17585.00
17611.00
17631.00
17606.00
17566.00
17592.00
17628.00
17634.00
17627.00
17583.00
17588.00
17650.00
17632.00
17616.00
17569.00
17618.00
17629.00
17655.00
17639.00
17609.00
17601.00
17634.00
17636.00
17637.00
17590.00
17572.00
17627.00
17650.00
17625.00
17594.00
17599.00
17627.00
17644.00
17629.00
17599.00
17585.00
17631.00
17663.00
17641.00
17591.00
17567.00
17596.00
17633.00
17627.00
17579.00
17568.00
17586.00
17629.00
17626.00
17600.00
17579.00
17599.00
17634.00
17627.00
17591.00
17575.00
17580.00
17619.00
17627.00
17586.00
17579.00
17600.00
17631.00
17648.00
17602.00
17580.00
17603.00
17610.00
17624.00
17598.00
17555.00
17571.00
17626.00
17652.00
17626.00
17579.00
17582.00
17633.00
17646.00
17613.00
17586.00
17611.00
17639.00
17659.00
17617.00
17576.00
17579.00
17606.00
17639.00
17596.00
17588.00
17582.00
17614.00
17634.00
17613.00
17571.00
17564.00
17604.00
17618.00
17627.00
17589.00
17578.00
17608.00
17643.00
17637.00
17597.00
17581.00
17611.00
17647.00
17610.00
17581.00
17578.00
17595.00
17603.00
17623.00
17583.00
17567.00
17608.00
17620.00
17595.00
17590.00
17555.00
17582.00
17612.00
17632.00
17588.00
17560.00
17570.00
17607.00
17602.00
17603.00
17561.00
17575.00
17617.00
17631.00
17581.00
17586.00
17586.00
17615.00
17628.00
17612.00
17548.00
17564.00
17604.00
17610.00
17591.00
17561.00
17582.00
17613.00
17608.00
17601.00
17567.00
17581.00
17594.00
17610.00
17587.00
17566.00
17578.00
17589.00
17615.00
17589.00
17558.00
17553.00
17579.00
17600.00
17596.00
17533.00
17548.00
17564.00
17615.00
17574.00
17537.00
17529.00
17567.00
17579.00
17551.00
17485.00
17496.00
17516.00
17564.00
17542.00
17503.00
17456.00
17463.00
17486.00
17472.00
17422.00
17382.00
17400.00
17421.00
17394.00
17359.00
17318.00
17325.00
17343.00
17317.00
17269.00
17221.00
17232.00
17236.00
17199.00
17181.00
17141.00
17112.00
17123.00
17121.00
17067.00
17005.00
17004.00
17026.00
17010.00
16976.00
16927.00
16913.00
16921.00
16906.00
16848.00
16775.00
16767.00
16755.00
16743.00
16682.00
16638.00
16609.00
16633.00
16670.00
16634.00
16608.00
16615.00
16647.00
16640.00
16628.00
16587.00
16605.00
16641.00
16657.00
16632.00
16591.00
16596.00
16654.00
16672.00
16652.00
16638.00
16646.00
16707.00
16749.00
16785.00
16773.00
16784.00
16854.00
16896.00
16892.00
16848.00
16847.00
16871.00
16905.00
16876.00
16839.00
16858.00
16900.00
16948.00
16933.00
16919.00
16906.00
16943.00
16985.00
16978.00
16967.00
16961.00
17009.00
17054.00
17063.00
17035.00
17042.00
17057.00
17100.00
17081.00
17064.00
17024.00
17047.00
17084.00
17081.00
17048.00
17046.00
17068.00
17076.00
17079.00
17074.00
17043.00
17062.00
17109.00
17099.00
17089.00
17058.00
17069.00
17113.00
17133.00
17133.00
17112.00
17115.00
17180.00
17216.00
17211.00
17214.00
17229.00
17278.00
17298.00
17283.00
17255.00
17288.00
17332.00
17365.00
17361.00
17350.00
17360.00
17416.00
17442.00
17440.00
17399.00
17417.00
17458.00
17479.00
17474.00
17438.00
17458.00
17495.00
17532.00
17500.00
17465.00
17459.00
17484.00
17516.00
17490.00
17480.00
17466.00
17485.00
17535.00
17525.00
17490.00
17483.00
17512.00
17546.00
17522.00
17514.00
17473.00
17518.00
17560.00
17566.00
17516.00
17513.00
17529.00
17575.00
17536.00
17487.00
17486.00
17468.00
17484.00
17466.00
17422.00
17375.00
17382.00
17360.00
17319.00
17251.00
17196.00
17156.00
17106.00
17039.00
16949.00
16831.00
16739.00
16651.00
16521.00
16355.00
16210.00
16085.00
15930.00
15758.00
15554.00
15301.00
15109.00
14878.00
14618.00
14282.00
13952.00
13675.00
13381.00
13166.00
12974.00
12805.00
12676.00
12595.00
12430.00
12253.00
12065.00
11952.00
11830.00
11700.00
11556.00
11465.00
11384.00
11389.00
11362.00
11325.00
11330.00
11373.00
11395.00
11451.00
11461.00
11456.00
11488.00
11499.00
11510.00
11488.00
11459.00
11447.00
11483.00
11488.00
11481.00
11456.00
11429.00
11462.00
11462.00
11477.00
11477.00
11500.00
11528.00
11555.00
11552.00
11548.00
11589.00
11646.00
11702.00
11756.00
11806.00
11910.00
12016.00
12114.00
12207.00
12259.00
12383.00
12543.00
12768.00
12962.00
13177.00
13395.00
13668.00
13984.00
14258.00
14456.00
14613.00
14826.00
15051.00
15247.00
15375.00
15490.00
15673.00
15854.00
16031.00
16133.00
16234.00
16343.00
16472.00
16580.00
16649.00
16710.00
16795.00
16893.00
16956.00
16981.00
17002.00
17042.00
17093.00
17143.00
17135.00
17121.00
17161.00
17199.00
17235.00
17243.00
17205.00
17235.00
17307.00
17333.00
17333.00
17289.00
17314.00
17323.00
17346.00
17320.00
17299.00
17295.00
17344.00
17383.00
17355.00
17302.00
17322.00
17351.00
17374.00
17348.00
17315.00
17345.00
17365.00
17398.00
17387.00
17351.00
17348.00
17360.00
17404.00
17369.00
17323.00
17320.00
17344.00
17382.00
17333.00
17274.00
17237.00
17217.00
17221.00
17174.00
17082.00
17012.00
16923.00
16844.00
16686.00
16476.00
16235.00
16015.00
15816.00
15543.00
15236.00
14932.00
14696.00
14431.00
14109.00
13798.00
13511.00
13234.00
12964.00
12754.00
12502.00
12324.00
12221.00
12074.00
11932.00
11821.00
11763.00
11759.00
11672.00
11590.00
11546.00
11509.00
11495.00
11505.00
11467.00
11416.00
11344.00
11294.00
11287.00
11266.00
11232.00
11193.00
11184.00
11206.00
11181.00
11147.00
11100.00
11104.00
11132.00
11126.00
11083.00
11051.00
11079.00
11130.00
11156.00
11161.00
11140.00
11187.00
11233.00
11291.00
11309.00
11344.00
11378.00
11496.00
11585.00
11649.00
11699.00
11771.00
11878.00
11980.00
12040.00
12092.00
12199.00
12390.00
12589.00
12788.00
12948.00
13127.00
13423.00
13740.00
13984.00
14211.00
14469.00
14773.00
15044.00
15249.00
15414.00
15615.00
15825.00
16028.00
16140.00
16260.00
16372.00
16507.00
16639.00
16726.00
16782.00
16844.00
16956.00
17016.00
17047.00
17050.00
17072.00
17113.00
17197.00
17206.00
17197.00
17189.00
17247.00
17280.00
17289.00
17262.00
17266.00
17251.00
17303.00
17316.00
17300.00
17274.00
17282.00
17331.00
17347.00
17330.00
17311.00
17317.00
17341.00
17345.00
17319.00
17310.00
17324.00
17370.00
17379.00
17382.00
17337.00
17349.00
17367.00
17369.00
17346.00
17303.00
17319.00
17296.00
17298.00
17248.00
17180.00
17144.00
17152.00
17071.00
16996.00
16859.00
16759.00
16696.00
16567.00
16370.00
16125.00
15879.00
15649.00
15370.00
15010.00
14645.00
14334.00
14034.00
13761.00
13451.00
13083.00
12799.00
12543.00
12321.00
12081.00
11857.00
11637.00
11489.00
11395.00
11273.00
11163.00
11113.00
11075.00
11039.00
10964.00
10859.00
10790.00
10744.00
10722.00
10637.00
10577.00
10524.00
10533.00
10532.00
10501.00
10441.00
10398.00
10420.00
10420.00
10401.00
10350.00
10336.00
10360.00
10375.00
10347.00
10309.00
10292.00
10309.00
10331.00
10326.00
10294.00
10277.00
10311.00
10338.00
10331.00
10317.00
10284.00
10328.00
10349.00
10351.00
10295.00
10286.00
10289.00
10309.00
10335.00
10320.00
10361.00
10399.00
10445.00
10431.00
10425.00
10434.00
10484.00
10556.00
10588.00
10630.00
10714.00
10861.00
10989.00
11051.00
11118.00
11244.00
11401.00
11605.00
11775.00
11899.00
12048.00
12317.00
12620.00
12892.00
13109.00
13360.00
13659.00
13989.00
14244.00
14471.00
14733.00
15029.00
15287.00
15493.00
15585.00
15673.00
15842.00
16027.00
16201.00
16279.00
16343.00
16441.00
16554.00
16666.00
16696.00
16716.00
16766.00
16830.00
16910.00
16938.00
16922.00
16946.00
17025.00
17071.00
17093.00
17061.00
17073.00
17126.00
17157.00
17152.00
17114.00
17136.00
17157.00
17227.00
17216.00
17171.00
17171.00
17200.00
17243.00
17236.00
17196.00
17171.00
17215.00
17236.00
17266.00
17225.00
17197.00
17258.00
17287.00
17284.00
17250.00
17234.00
17279.00
17297.00
17299.00
17277.00
17234.00
17253.00
17269.00
17285.00
17246.00
17200.00
17210.00
17250.00
17242.00
17193.00
17139.00
17120.00
17145.00
17106.00
17041.00
16978.00
16924.00
16907.00
16847.00
16708.00
16589.00
16467.00
16347.00
16185.00
15934.00
15657.00
15366.00
15037.00
14696.00
14380.00
14042.00
13747.00
13471.00
13169.00
12842.00
12549.00
12320.00
12109.00
11901.00
11677.00
11441.00
11285.00
11206.00
11097.00
10938.00
10834.00
10786.00
10776.00
10746.00
10654.00
10592.00
10592.00
10585.00
10592.00
10539.00
10469.00
10454.00
10458.00
10472.00
10418.00
10331.00
10299.00
10305.00
10297.00
10280.00
10240.00
10226.00
10239.00
10267.00
10260.00
10231.00
10224.00
10241.00
10267.00
10231.00
10201.00
10192.00
10201.00
10226.00
10220.00
10210.00
10173.00
10197.00
10239.00
10236.00
10207.00
10190.00
10238.00
10298.00
10334.00
10328.00
10308.00
10362.00
10428.00
10472.00
10464.00
10465.00
10513.00
10612.00
10654.00
10700.00
10759.00
10846.00
10943.00
11025.00
11103.00
11235.00
11346.00
11492.00
11655.00
11842.00
12064.00
12291.00
12521.00
12772.00
13029.00
13257.00
13498.00
13739.00
13974.00
14188.00
14383.00
14555.00
14720.00
14910.00
15074.00
15212.00
15364.00
15490.00
15632.00
15759.00
15873.00
16026.00
16160.00
16259.00
16330.00
16370.00
16465.00
16582.00
16671.00
16707.00
16731.00
16794.00
16871.00
16962.00
16977.00
16972.00
16990.00
17038.00
17085.00
17107.00
17069.00
17088.00
17117.00
17164.00
17154.00
17117.00
17135.00
17135.00
17191.00
17189.00
17138.00
17131.00
17169.00
17203.00
17193.00
17182.00
17169.00
17197.00
17247.00
17237.00
17194.00
17185.00
17211.00
17236.00
17250.00
17239.00
17203.00
17223.00
17252.00
17219.00
17174.00
17161.00
17140.00
17168.00
17133.00
17089.00
17045.00
17046.00
17024.00
16984.00
16923.00
16822.00
16803.00
16765.00
16717.00
16614.00
16523.00
16449.00
16387.00
16255.00
16071.00
15771.00
15491.00
15164.00
14828.00
14511.00
14201.00
13936.00
13653.00
13362.00
13008.00
12695.00
12419.00
12215.00
12000.00
11773.00
11541.00
11360.00
11251.00
11153.00
11004.00
10880.00
10774.00
10701.00
10606.00
10563.00
10525.00
10533.00
10533.00
10516.00
10452.00
10353.00
10325.00
10339.00
10312.00
10288.00
10252.00
10248.00
10296.00
10315.00
10316.00
10292.00
10299.00
10363.00
10360.00
10339.00
10323.00
10317.00
10322.00
10335.00
10334.00
10283.00
10279.00
10313.00
10334.00
10316.00
10291.00
10289.00
10301.00
10326.00
10322.00
10315.00
10304.00
10318.00
10358.00
10368.00
10356.00
10341.00
10367.00
10403.00
10419.00
10419.00
10419.00
10451.00
10509.00
10538.00
10541.00
10540.00
10604.00
10710.00
10764.00
10825.00
10848.00
10924.00
11067.00
11186.00
11276.00
11361.00
11491.00
11664.00
11857.00
12033.00
12238.00
12487.00
12673.00
12850.00
13002.00
13234.00
13534.00
13797.00
13991.00
14126.00
14260.00
14467.00
14717.00
14913.00
15029.00
15170.00
15311.00
15483.00
15627.00
15742.00
15786.00
15931.00
16090.00
16221.00
16275.00
16339.00
16420.00
16539.00
16633.00
16695.00
16720.00
16779.00
16867.00
16905.00
16953.00
16930.00
16972.00
17019.00
17052.00
17075.00
17045.00
17057.00
17067.00
17106.00
17090.00
17070.00
17093.00
17115.00
17161.00
17153.00
17103.00
17098.00
17137.00
17154.00
17156.00
17133.00
17118.00
17126.00
17174.00
17182.00
17155.00
17134.00
17168.00
17199.00
17215.00
17192.00
17157.00
17172.00
17200.00
17216.00
17173.00
17155.00
17151.00
17195.00
17175.00
17119.00
17068.00
17058.00
17056.00
17029.00
16960.00
16898.00
16828.00
16811.00
16727.00
16604.00
16483.00
16391.00
16318.00
16219.00
16022.00
15820.00
15638.00
15452.00
15216.00
14923.00
14623.00
14385.00
14213.00
13983.00
13758.00
13516.00
13313.00
13132.00
12929.00
12676.00
12458.00
12253.00
12083.00
11919.00
11690.00
11483.00
11333.00
11205.00
11094.00
10992.00
10870.00
10802.00
10813.00
10792.00
10759.00
10715.00
10692.00
10692.00
10704.00
10654.00
10587.00
10589.00
10611.00
10586.00
10565.00
10532.00
10526.00
10556.00
10587.00
10590.00
10550.00
10547.00
10574.00
10596.00
10584.00
10556.00
10551.00
10550.00
10607.00
10607.00
10583.00
10599.00
10624.00
10655.00
10658.00
10644.00
10636.00
10674.00
10717.00
10718.00
10667.00
10647.00
10653.00
10697.00
10709.00
10704.00
10755.00
10844.00
10929.00
10985.00
11020.00
11075.00
11171.00
11295.00
11411.00
11478.00
11582.00
11722.00
11931.00
12106.00
12300.00
12498.00
12755.00
13014.00
13271.00
13534.00
13744.00
13982.00
14232.00
14468.00
14669.00
14826.00
15027.00
15249.00
15475.00
15642.00
15805.00
15955.00
16109.00
16207.00
16288.00
16322.00
16399.00
16489.00
16602.00
16643.00
16667.00
16728.00
16798.00
16854.00
16875.00
16886.00
16886.00
16966.00
17002.00
17008.00
16996.00
17017.00
17056.00
17082.00
17084.00
17045.00
17054.00
17101.00
17114.00
17114.00
17080.00
17081.00
17119.00
17161.00
17157.00
17105.00
17113.00
17119.00
17149.00
17103.00
17075.00
17074.00
17087.00
17104.00
17081.00
17035.00
16986.00
16976.00
16952.00
16926.00
16817.00
16748.00
16707.00
16662.00
16569.00
16459.00
16322.00
16197.00
16082.00
15899.00
15673.00
15380.00
15123.00
14852.00
14596.00
14256.00
13940.00
13659.00
13392.00
13095.00
12777.00
12516.00
12325.00
12138.00
11939.00
11725.00
11497.00
11335.00
11237.00
11089.00
10966.00
10820.00
10769.00
10717.00
10667.00
10603.00
10551.00
10517.00
10530.00
10521.00
10500.00
10492.00
10489.00
10514.00
10527.00
10501.00
10484.00
10511.00
10554.00
10571.00
10541.00
10492.00
10478.00
10493.00
10497.00
10479.00
10427.00
10441.00
10478.00
10493.00
10519.00
10497.00
10529.00
10589.00
10633.00
10635.00
10607.00
10635.00
10681.00
10731.00
10707.00
10667.00
10664.00
10681.00
10686.00
10662.00
10624.00
10616.00
10637.00
10698.00
10694.00
10695.00
10749.00
10814.00
10861.00
10903.00
10936.00
10958.00
11084.00
11192.00
11276.00
11330.00
11428.00
11545.00
11685.00
11788.00
11836.00
11914.00
12017.00
12148.00
12258.00
12309.00
12374.00
12449.00
12559.00
12650.00
12736.00
12819.00
12985.00
13176.00
13378.00
13562.00
13761.00
13950.00
14148.00
14316.00
14472.00
14599.00
14752.00
14916.00
15062.00
15206.00
15354.00
15515.00
15725.00
15854.00
15951.00
16071.00
16184.00
16323.00
16443.00
16491.00
16539.00
16611.00
16708.00
16769.00
16791.00
16807.00
16844.00
16890.00
16942.00
16956.00
16935.00
16961.00
17015.00
17063.00
17055.00
17041.00
17039.00
17091.00
17118.00
17131.00
17093.00
17088.00
17117.00
17120.00
17134.00
17099.00
17093.00
17137.00
17167.00
17149.00
17124.00
17129.00
17156.00
17171.00
17165.00
17112.00
17103.00
17100.00
17110.00
17078.00
17029.00
16974.00
16950.00
16934.00
16897.00
16820.00
16737.00
16676.00
16640.00
16578.00
16463.00
16353.00
16246.00
16114.00
15933.00
15676.00
15420.00
15170.00
14901.00
14609.00
14299.00
13979.00
13718.00
13490.00
13245.00
12956.00
12672.00
12460.00
12286.00
12067.00
11888.00
11748.00
11622.00
11496.00
11358.00
11206.00
11013.00
10914.00
10776.00
10659.00
10534.00
10426.00
10377.00
10341.00
10321.00
10247.00
10164.00
10107.00
10098.00
10067.00
10041.00
9991.00
9988.00
10043.00
10078.00
10064.00
10057.00
10083.00
10131.00
10165.00
10165.00
10130.00
10151.00
10195.00
10221.00
10223.00
10195.00
10176.00
10211.00
10227.00
10216.00
10183.00
10189.00
10228.00
10245.00
10235.00
10220.00
10231.00
10264.00
10291.00
10293.00
10273.00
10273.00
10307.00
10358.00
10368.00
10342.00
10352.00
10379.00
10436.00
10435.00
10377.00
10371.00
10419.00
10458.00
10456.00
10449.00
10446.00
10479.00
10556.00
10606.00
10635.00
10682.00
10769.00
10894.00
11006.00
11110.00
11222.00
11345.00
11483.00
11664.00
11827.00
11962.00
12143.00
12352.00
12546.00
12759.00
13012.00
13290.00
13558.00
13804.00
13960.00
14055.00
14163.00
14279.00
14410.00
14579.00
14744.00
14956.00
15132.00
15286.00
15409.00
15522.00
15650.00
15830.00
15970.00
16097.00
16174.00
16260.00
16369.00
16446.00
16524.00
16543.00
16595.00
16679.00
16750.00
16783.00
16784.00
16824.00
16867.00
16933.00
16955.00
16946.00
16987.00
17034.00
17054.00
17069.00
17057.00
17040.00
17099.00
17119.00
17124.00
17083.00
17064.00
17105.00
17151.00
17146.00
17114.00
17110.00
17145.00
17173.00
17182.00
17155.00
17143.00
17189.00
17230.00
17221.00
17184.00
17152.00
17184.00
17172.00
17147.00
17091.00
17062.00
17042.00
17040.00
17000.00
16907.00
16827.00
16791.00
16761.00
16700.00
16587.00
16482.00
16387.00
16308.00
16194.00
16025.00
15843.00
15671.00
15480.00
15236.00
14932.00
14636.00
14375.00
14163.00
13929.00
13664.00
13410.00
13186.00
12981.00
12757.00
12483.00
12212.00
11977.00
11818.00
11654.00
11469.00
11275.00
11116.00
10995.00
10838.00
10673.00
10542.00
10469.00
10386.00
10335.00
10246.00
10168.00
10131.00
10121.00
10109.00
10080.00
10062.00
10052.00
10101.00
10143.00
10144.00
10109.00
10105.00
10100.00
10133.00
10139.00
10097.00
10118.00
10150.00
10204.00
10189.00
10156.00
10166.00
10187.00
10227.00
10219.00
10173.00
10187.00
10230.00
10275.00
10267.00
10229.00
10226.00
10251.00
10297.00
10299.00
10265.00
10253.00
10279.00
10323.00
10293.00
10275.00
10258.00
10283.00
10348.00
10345.00
10320.00
10310.00
10362.00
10420.00
10449.00
10417.00
10431.00
10476.00
10547.00
10587.00
10596.00
10620.00
10723.00
10856.00
10965.00
11028.00
11093.00
11204.00
11359.00
11513.00
11615.00
11661.00
11784.00
11965.00
12123.00
12281.00
12470.00
12715.00
12953.00
13142.00
13288.00
13443.00
13609.00
13813.00
13985.00
14117.00
14242.00
14435.00
14664.00
14861.00
15004.00
15147.00
15326.00
15508.00
15668.00
15797.00
15875.00
16021.00
16180.00
16324.00
16399.00
16429.00
16509.00
16574.00
16658.00
16710.00
16722.00
16797.00
16857.00
16944.00
16961.00
16952.00
16978.00
17031.00
17062.00
17065.00
17062.00
17053.00
17115.00
17145.00
17137.00
17103.00
17088.00
17119.00
17173.00
17147.00
17091.00
17117.00
17152.00
17201.00
17192.00
17165.00
17164.00
17187.00
17194.00
17208.00
17160.00
17117.00
17138.00
17163.00
17121.00
17074.00
17011.00
17005.00
16991.00
16969.00
16869.00
16804.00
16757.00
16720.00
16640.00
16551.00
16419.00
16303.00
16232.00
16062.00
15849.00
15618.00
15423.00
15208.00
14957.00
14647.00
14384.00
14142.00
13914.00
13682.00
13437.00
13166.00
12949.00
12731.00
12523.00
12303.00
12107.00
11894.00
11760.00
11616.00
11442.00
11264.00
11149.00
11045.00
10927.00
10800.00
10647.00
10561.00
10522.00
10495.00
10420.00
10328.00
10300.00
10297.00
10275.00
10234.00
10150.00
10139.00
10131.00
10130.00
10109.00
10076.00
10089.00
10124.00
10146.00
10156.00
10102.00
10106.00
10148.00
10181.00
10159.00
10130.00
10112.00
10137.00
10162.00
10129.00
10099.00
10095.00
10118.00
10153.00
10143.00
10140.00
10129.00
10149.00
10197.00
10187.00
10165.00
10150.00
10181.00
10224.00
10214.00
10193.00
10189.00
10251.00
10292.00
10308.00
10299.00
10315.00
10343.00
10384.00
10383.00
10363.00
10360.00
10403.00
10452.00
10461.00
10427.00
10448.00
10491.00
10591.00
10659.00
10698.00
10754.00
10895.00
11082.00
11246.00
11381.00
11503.00
11662.00
11861.00
12012.00
12148.00
12231.00
12415.00
12641.00
12822.00
12973.00
13082.00
13280.00
13514.00
13736.00
13912.00
14036.00
14175.00
14327.00
14482.00
14615.00
14724.00
14902.00
15063.00
15212.00
15302.00
15396.00
15511.00
15658.00
15778.00
15864.00
15931.00
16002.00
16124.00
16190.00
16199.00
16194.00
16217.00
16294.00
16335.00
16375.00
16409.00
16475.00
16566.00
16670.00
16692.00
16694.00
16722.00
16752.00
16815.00
16825.00
16798.00
16799.00
16854.00
16892.00
16890.00
16871.00
16879.00
16898.00
16941.00
16930.00
16882.00
16881.00
16884.00
16927.00
16911.00
16868.00
16832.00
16821.00
16822.00
16784.00
16700.00
16636.00
16587.00
16578.00
16494.00
16376.00
16251.00
16174.00
16078.00
15948.00
15771.00
15608.00
15462.00
15282.00
15107.00
14898.00
14719.00
14532.00
14346.00
14086.00
13864.00
13602.00
13401.00
13196.00
12978.00
12751.00
12527.00
12371.00
12230.00
12069.00
11908.00
11750.00
11641.00
11532.00
11428.00
11312.00
11159.00
11093.00
11030.00
10992.00
10865.00
10760.00
10708.00
10687.00
10658.00
10599.00
10539.00
10492.00
10510.00
10501.00
10454.00
10408.00
10407.00
10438.00
10458.00
10408.00
10349.00
10316.00
10341.00
10363.00
10353.00
10331.00
10371.00
10415.00
10452.00
10439.00
10386.00
10389.00
10405.00
10429.00
10398.00
10369.00
10351.00
10377.00
10412.00
10411.00
10399.00
10398.00
10428.00
10469.00
10461.00
10446.00
10442.00
10496.00
10539.00
10529.00
10487.00
10520.00
10523.00
10565.00
10564.00
10526.00
10544.00
10578.00
10626.00
10642.00
10626.00
10667.00
10734.00
10831.00
10903.00
10959.00
11010.00
11159.00
11309.00
11422.00
11534.00
11623.00
11792.00
12003.00
12197.00
12327.00
12468.00
12663.00
12851.00
13035.00
13118.00
13241.00
13379.00
13543.00
13680.00
13780.00
13893.00
14067.00
14232.00
14381.00
14488.00
14608.00
14777.00
15030.00
15225.00
15314.00
15400.00
15548.00
15682.00
15832.00
15932.00
16015.00
16125.00
16253.00
16357.00
16391.00
16446.00
16536.00
16617.00
16678.00
16709.00
16708.00
16759.00
16821.00
16868.00
16856.00
16860.00
16866.00
16937.00
16959.00
16968.00
16919.00
16931.00
16966.00
17003.00
16967.00
16932.00
16947.00
16972.00
16988.00
17007.00
16959.00
16946.00
16998.00
16999.00
17012.00
16994.00
16999.00
17035.00
17066.00
17064.00
17021.00
17010.00
17027.00
17062.00
17018.00
16954.00
16939.00
16951.00
16960.00
16936.00
16866.00
16798.00
16824.00
16793.00
16712.00
16602.00
16503.00
16460.00
16455.00
16377.00
16276.00
16171.00
16096.00
15993.00
15887.00
15707.00
15536.00
15377.00
15226.00
15052.00
14782.00
14515.00
14267.00
14097.00
13893.00
13697.00
13500.00
13313.00
13173.00
12982.00
12798.00
12601.00
12450.00
12305.00
12127.00
11911.00
11716.00
11598.00
11491.00
11349.00
11188.00
11038.00
10962.00
10890.00
10787.00
10669.00
10573.00
10516.00
10503.00
10457.00
10392.00
10349.00
10375.00
10416.00
10417.00
10395.00
10366.00
10351.00
10396.00
10398.00
10374.00
10343.00
10379.00
10430.00
10471.00
10469.00
10444.00
10483.00
10520.00
10518.00
10493.00
10457.00
10478.00
10519.00
10537.00
10523.00
10492.00
10499.00
10535.00
10569.00
10529.00
10497.00
10505.00
10536.00
10578.00
10571.00
10538.00
10582.00
10638.00
10709.00
10727.00
10715.00
10762.00
10862.00
10996.00
11118.00
11195.00
11297.00
11422.00
11571.00
11730.00
11846.00
12033.00
12256.00
12488.00
12673.00
12845.00
13019.00
13210.00
13475.00
13661.00
13839.00
14039.00
14281.00
14499.00
14678.00
14822.00
14980.00
15211.00
15423.00
15550.00
15650.00
15746.00
15880.00
16034.00
16111.00
16164.00
16187.00
16284.00
16368.00
16400.00
16399.00
16403.00
16452.00
16499.00
16498.00
16478.00
16464.00
16496.00
16543.00
16548.00
16526.00
16513.00
16527.00
16595.00
16636.00
16639.00
16632.00
16662.00
16715.00
16716.00
16712.00
16697.00
16714.00
16771.00
16793.00
16754.00
16725.00
16730.00
16750.00
16749.00
16692.00
16629.00
16597.00
16616.00
16568.00
16510.00
16409.00
16353.00
16299.00
16237.00
16112.00
15980.00
15865.00
15753.00
15608.00
15435.00
15219.00
15033.00
14849.00
14645.00
14455.00
14293.00
14136.00
13978.00
13829.00
13642.00
13415.00
13297.00
13142.00
12973.00
12771.00
12557.00
12393.00
12274.00
12143.00
11993.00
11765.00
11620.00
11513.00
11393.00
11253.00
11084.00
10970.00
10883.00
10808.00
10687.00
10593.00
10515.00
10466.00
10449.00
10386.00
10330.00
10272.00
10252.00
10244.00
10198.00
10165.00
10133.00
10152.00
10170.00
10169.00
10160.00
10163.00
10183.00
10250.00
10243.00
10233.00
10211.00
10250.00
10300.00
10318.00
10290.00
10256.00
10319.00
10338.00
10336.00
10310.00
10297.00
10313.00
10342.00
10357.00
10331.00
10310.00
10354.00
10394.00
10419.00
10408.00
10379.00
10399.00
10440.00
10435.00
10425.00
10397.00
10440.00
10464.00
10491.00
10482.00
10453.00
10454.00
10531.00
10597.00
10651.00
10701.00
10783.00
10902.00
11015.00
11119.00
11200.00
11314.00
11459.00
11609.00
11741.00
11895.00
12115.00
12346.00
12603.00
12770.00
12934.00
13168.00
13373.00
13576.00
13768.00
13912.00
14119.00
14329.00
14524.00
14632.00
14714.00
14817.00
14946.00
15046.00
15132.00
15186.00
15289.00
15398.00
15497.00
15552.00
15592.00
15719.00
15861.00
15995.00
16089.00
16134.00
16220.00
16357.00
16465.00
16537.00
16574.00
16636.00
16732.00
16818.00
16825.00
16832.00
16830.00
16889.00
16933.00
16934.00
16916.00
16910.00
16953.00
16977.00
16957.00
16927.00
16920.00
16958.00
16965.00
16969.00
16937.00
16941.00
16981.00
17024.00
17032.00
16993.00
16960.00
17010.00
17022.00
17022.00
16968.00
16935.00
16950.00
16962.00
16970.00
16902.00
16825.00
16810.00
16804.00
16762.00
16707.00
16621.00
16614.00
16589.00
16547.00
16429.00
16337.00
16278.00
16207.00
16086.00
15894.00
15739.00
15581.00
15507.00
15355.00
15147.00
14939.00
14742.00
14611.00
14445.00
14267.00
14100.00
14035.00
14044.00
14056.00
13960.00
13797.00
13672.00
13573.00
13469.00
13328.00
13128.00
12969.00
12791.00
12633.00
12414.00
12215.00
12016.00
11857.00
11708.00
11529.00
11384.00
11263.00
11182.00
11103.00
10972.00
10824.00
10766.00
10718.00
10687.00
10627.00
10570.00
10541.00
10542.00
10556.00
10524.00
10470.00
10458.00
10481.00
10515.00
10509.00
10477.00
10483.00
10521.00
10559.00
10553.00
10520.00
10499.00
10528.00
10557.00
10566.00
10537.00
10524.00
10539.00
10571.00
10557.00
10531.00
10495.00
10538.00
10555.00
10563.00
10537.00
10510.00
10526.00
10582.00
10603.00
10573.00
10572.00
10624.00
10693.00
10737.00
10724.00
10725.00
10769.00
10804.00
10834.00
10807.00
10775.00
10791.00
10831.00
10851.00
10821.00
10806.00
10864.00
10916.00
10941.00
10919.00
10913.00
10982.00
11077.00
11168.00
11227.00
11266.00
11351.00
11459.00
11570.00
11641.00
11722.00
11881.00
12075.00
12235.00
12399.00
12590.00
12820.00
13097.00
13305.00
13503.00
13662.00
13815.00
14001.00
14185.00
14283.00
14406.00
14535.00
14715.00
14851.00
14965.00
15077.00
15192.00
15341.00
15519.00
15649.00
15741.00
15882.00
15997.00
16127.00
16204.00
16240.00
16285.00
16377.00
16471.00
16520.00
16517.00
16565.00
16641.00
16693.00
16733.00
16722.00
16739.00
16813.00
16850.00
16868.00
16862.00
16834.00
16873.00
16916.00
16906.00
16881.00
16884.00
16919.00
16953.00
16947.00
16918.00
16874.00
16895.00
16923.00
16904.00
16834.00
16771.00
16760.00
16768.00
16696.00
16596.00
16529.00
16455.00
16412.00
16342.00
16239.00
16093.00
15982.00
15895.00
15809.00
15690.00
15528.00
15407.00
15307.00
15193.00
15033.00
14876.00
14734.00
14634.00
14522.00
14400.00
14239.00
14108.00
13966.00
13860.00
13653.00
13414.00
13224.00
13076.00
12894.00
12689.00
12453.00
12251.00
12143.00
12033.00
11861.00
11672.00
11530.00
11437.00
11340.00
11236.00
11075.00
10980.00
10927.00
10887.00
10832.00
10747.00
10703.00
10705.00
10719.00
10679.00
10604.00
10565.00
10599.00
10617.00
10624.00
10569.00
10555.00
10566.00
10622.00
10649.00
10643.00
10657.00
10684.00
10757.00
10766.00
10753.00
10754.00
10781.00
10813.00
10808.00
10767.00
10758.00
10782.00
10815.00
10804.00
10777.00
10779.00
10802.00
10826.00
10825.00
10790.00
10775.00
10765.00
10823.00
10829.00
10806.00
10783.00
10819.00
10883.00
10937.00
10936.00
10930.00
10989.00
11072.00
11153.00
11196.00
11232.00
11339.00
11441.00
11540.00
11611.00
11737.00
11914.00
12137.00
12338.00
12512.00
12685.00
12909.00
13177.00
13426.00
13613.00
13791.00
14055.00
14309.00
14531.00
14757.00
14941.00
15145.00
15365.00
15559.00
15694.00
15835.00
16010.00
16184.00
16335.00
16416.00
16469.00
16533.00
16622.00
16687.00
16722.00
16753.00
16775.00
16824.00
16887.00
16917.00
16875.00
16896.00
16939.00
16974.00
16988.00
16950.00
16970.00
17017.00
17051.00
17048.00
16996.00
16993.00
16996.00
17050.00
17039.00
17022.00
16986.00
17025.00
17074.00
17081.00
17052.00
17050.00
17070.00
17104.00
17099.00
17089.00
17032.00
17085.00
17091.00
17079.00
17029.00
16974.00
16957.00
17000.00
16956.00
16887.00
16845.00
16833.00
16841.00
16793.00
16738.00
16681.00
16676.00
16667.00
16648.00
16567.00
16493.00
16434.00
16360.00
16289.00
16190.00
16087.00
16005.00
15899.00
15730.00
15579.00
15448.00
15342.00
15229.00
15068.00
14813.00
14557.00
14425.00
14309.00
14124.00
13911.00
13698.00
13572.00
13483.00
13368.00
13198.00
13007.00
12872.00
12791.00
12674.00
12518.00
12348.00
12216.00
12178.00
12123.00
12008.00
11829.00
11720.00
11667.00
11667.00
11616.00
11485.00
11373.00
11342.00
11333.00
11289.00
11190.00
11122.00
11077.00
11037.00
10972.00
10908.00
10902.00
10903.00
10913.00
10849.00
10801.00
10804.00
10822.00
10873.00
10887.00
10875.00
10886.00
10942.00
10985.00
10974.00
10937.00
10903.00
10919.00
10964.00
10962.00
10919.00
10886.00
10902.00
10932.00
10942.00
10932.00
10910.00
10964.00
11041.00
11063.00
11068.00
11083.00
11147.00
11255.00
11317.00
11349.00
11381.00
11512.00
11620.00
11693.00
11744.00
11844.00
11968.00
12114.00
12258.00
12401.00
12555.00
12772.00
13044.00
13341.00
13583.00
13743.00
13886.00
14074.00
14286.00
14456.00
14670.00
14868.00
15079.00
15273.00
15427.00
15516.00
15688.00
15855.00
16048.00
16122.00
16200.00
16307.00
16431.00
16543.00
16591.00
16612.00
16658.00
16737.00
16809.00
16817.00
16828.00
16853.00
16919.00
16974.00
16969.00
16935.00
16951.00
16991.00
17021.00
17023.00
16981.00
16975.00
17009.00
17059.00
17066.00
17020.00
17012.00
17038.00
17076.00
17068.00
17026.00
17004.00
17052.00
17055.00
17048.00
17033.00
16986.00
17015.00
17008.00
17017.00
16952.00
16923.00
16944.00
16992.00
16988.00
16949.00
16887.00
16874.00
16874.00
16864.00
16823.00
16737.00
16717.00
16761.00
16753.00
16694.00
16607.00
16594.00
16570.00
16535.00
16416.00
16299.00
16242.00
16210.00
16124.00
15995.00
15771.00
15605.00
15444.00
15324.00
15082.00
14752.00
14454.00
14245.00
14091.00
13887.00
13687.00
13493.00
13292.00
13155.00
13000.00
12774.00
12601.00
12441.00
12270.00
12113.00
11934.00
11771.00
11613.00
11485.00
11405.00
11213.00
11275.00
11087.00
10957.00
10857.00
10679.00
10637.00
10621.00
10532.00
10420.00
10299.00
10371.00
10357.00
10348.00
10275.00
10224.00
10201.00
10228.00
10275.00
10280.00
10247.00
10237.00
10265.00
10312.00
10330.00
10284.00
10267.00
10281.00
10331.00
10336.00
10311.00
10299.00
10308.00
10347.00
10348.00
10334.00
10336.00
10361.00
10402.00
10402.00
10356.00
10357.00
10381.00
10399.00
10414.00
10383.00
10350.00
10376.00
10414.00
10449.00
10463.00
10438.00
10473.00
10503.00
10542.00
10553.00
10556.00
10593.00
10662.00
10724.00
10720.00
10720.00
10796.00
10925.00
11012.00
11065.00
11125.00
11193.00
11322.00
11452.00
11541.00
11610.00
11729.00
11897.00
12109.00
12264.00
12398.00
12636.00
12871.00
13128.00
13335.00
13488.00
13650.00
13795.00
13942.00
14033.00
14097.00
14185.00
14321.00
14434.00
14538.00
14614.00
14753.00
14922.00
15110.00
15190.00
15224.00
15326.00
15461.00
15639.00
15756.00
15854.00
15952.00
16070.00
16158.00
16203.00
16216.00
16215.00
16263.00
16323.00
16361.00
16348.00
16351.00
16361.00
16401.00
16423.00
16363.00
16329.00
16340.00
16352.00
16327.00
16253.00
16194.00
16168.00
16142.00
16072.00
16001.00
15928.00
15891.00
15882.00
15842.00
15755.00
15647.00
15583.00
15520.00
15412.00
15277.00
15113.00
14980.00
14843.00
14653.00
14470.00
14263.00
14137.00
14028.00
13849.00
13664.00
13506.00
13379.00
13259.00
13129.00
12999.00
12799.00
12662.00
12545.00
12444.00
12287.00
12089.00
11923.00
11795.00
11692.00
11555.00
11395.00
11267.00
11171.00
11088.00
10995.00
10884.00
10816.00
10765.00
10742.00
10677.00
10614.00
10569.00
10570.00
10590.00
10567.00
10529.00
10519.00
10501.00
10522.00
10473.00
10434.00
10413.00
10444.00
10501.00
10517.00
10514.00
10517.00
10558.00
10623.00
10621.00
10582.00
10571.00
10612.00
10681.00
10708.00
10699.00
10672.00
10725.00
10764.00
10781.00
10761.00
10763.00
10804.00
10841.00
10904.00
10927.00
10952.00
11019.00
11087.00
11129.00
11151.00
11174.00
11260.00
11353.00
11443.00
11475.00
11498.00
11562.00
11655.00
11755.00
11806.00
11836.00
11930.00
12057.00
12127.00
12182.00
12231.00
12389.00
12579.00
12772.00
12918.00
13038.00
13186.00
13409.00
13579.00
13766.00
13889.00
14080.00
14259.00
14494.00
14644.00
14794.00
14954.00
15149.00
15343.00
15493.00
15592.00
15722.00
15872.00
16027.00
16133.00
16188.00
16264.00
16350.00
16456.00
16461.00
16447.00
16484.00
16524.00
16582.00
16592.00
16553.00
16566.00
16583.00
16605.00
16601.00
16552.00
16496.00
16497.00
16504.00
16490.00
16431.00
16385.00
16410.00
16402.00
16362.00
16295.00
16238.00
16246.00
16232.00
16190.00
16107.00
16039.00
15989.00
15980.00
15916.00
15827.00
15693.00
15630.00
15569.00
15509.00
15405.00
15297.00
15211.00
15153.00
15023.00
14863.00
14698.00
14571.00
14509.00
14395.00
14251.00
14033.00
13864.00
13751.00
13618.00
13437.00
13203.00
13042.00
12947.00
12813.00
12647.00
12465.00
12322.00
12216.00
12113.00
12002.00
11852.00
11757.00
11683.00
11613.00
11507.00
11394.00
11321.00
11255.00
11208.00
11098.00
10973.00
10879.00
10825.00
10808.00
10730.00
10631.00
10591.00
10580.00
10563.00
10555.00
10483.00
10463.00
10501.00
10515.00
10500.00
10457.00
10455.00
10492.00
10533.00
10536.00
10515.00
10518.00
10557.00
10611.00
10622.00
10618.00
10625.00
10659.00
10710.00
10737.00
10705.00
10684.00
10733.00
10762.00
10791.00
10757.00
10752.00
10773.00
10844.00
10852.00
10836.00
10822.00
10866.00
10934.00
10988.00
10995.00
11031.00
11101.00
11205.00
11276.00
11298.00
11308.00
11386.00
11448.00
11530.00
11598.00
11643.00
11760.00
11922.00
12015.00
12111.00
12154.00
12308.00
12512.00
12683.00
12799.00
12928.00
13099.00
13335.00
13476.00
13628.00
13777.00
13971.00
14168.00
14393.00
14555.00
14735.00
14937.00
15198.00
15421.00
15584.00
15720.00
15890.00
16066.00
16197.00
16283.00
16356.00
16420.00
16531.00
16618.00
16706.00
16696.00
16722.00
16790.00
16845.00
16849.00
16826.00
16846.00
16896.00
16971.00
16953.00
16915.00
16917.00
16963.00
16989.00
17004.00
16955.00
16967.00
16983.00
17015.00
17008.00
16991.00
16977.00
17020.00
17046.00
17056.00
17018.00
17007.00
17024.00
17073.00
17080.00
17045.00
17035.00
17037.00
17061.00
17075.00
17018.00
17008.00
17005.00
17025.00
17007.00
16969.00
16902.00
16887.00
16921.00
16893.00
16837.00
16788.00
16777.00
16761.00
16724.00
16669.00
16580.00
16528.00
16509.00
16403.00
16297.00
16176.00
16072.00
15989.00
15854.00
15682.00
15474.00
15339.00
15259.00
15173.00
15002.00
14799.00
14639.00
14523.00
14424.00
14271.00
14100.00
14000.00
13964.00
13912.00
13840.00
13731.00
13611.00
13544.00
13526.00
13482.00
13384.00
13298.00
13230.00
13174.00
13144.00
13074.00
12989.00
12913.00
12897.00
12841.00
12784.00
12711.00
12640.00
12595.00
12531.00
12480.00
12435.00
12408.00
12395.00
12342.00
12418.00
12131.00
12183.00
12093.00
11757.00
12122.00
12083.00
12090.00
12090.00
12047.00
11978.00
11889.00
11875.00
11874.00
11820.00
11741.00
11628.00
11602.00
11596.00
11585.00
11511.00
11415.00
11387.00
11379.00
11338.00
11271.00
11169.00
11117.00
11070.00
11015.00
10911.00
10808.00
10763.00
10731.00
10667.00
10570.00
10495.00
10459.00
10434.00
10403.00
10359.00
10295.00
10277.00
10274.00
10269.00
10249.00
10182.00
10185.00
10198.00
10226.00
10216.00
10197.00
10197.00
10211.00
10242.00
10239.00
10256.00
10272.00
10319.00
10366.00
10380.00
10361.00
10377.00
10430.00
10484.00
10504.00
10500.00
10516.00
10558.00
10591.00
10593.00
10585.00
10557.00
10597.00
10623.00
10624.00
10595.00
10570.00
10610.00
10640.00
10634.00
10623.00
10625.00
10654.00
10707.00
10706.00
10684.00
10667.00
10694.00
10727.00
10740.00
10726.00
10712.00
10739.00
10783.00
10778.00
10771.00
10759.00
10780.00
10827.00
10863.00
10823.00
10793.00
10820.00
10912.00
10948.00
10937.00
10950.00
10993.00
11062.00
11121.00
11154.00
11168.00
11247.00
11317.00
11357.00
11380.00
11396.00
11461.00
11570.00
11692.00
11767.00
11836.00
11959.00
12112.00
12275.00
12389.00
12517.00
12663.00
12833.00
13018.00
13108.00
13170.00
13306.00
13494.00
13760.00
13913.00
14016.00
14182.00
14348.00
14524.00
14635.00
14708.00
14795.00
14926.00
15049.00
15154.00
15227.00
15320.00
15489.00
15632.00
15749.00
15829.00
15904.00
16031.00
16136.00
16174.00
16199.00
16258.00
16329.00
16370.00
16397.00
16360.00
16372.00
16421.00
16468.00
16479.00
16471.00
16459.00
16472.00
16518.00
16524.00
16520.00
16523.00
16548.00
16599.00
16632.00
16636.00
16585.00
16628.00
16653.00
16655.00
16636.00
16622.00
16657.00
16687.00
16698.00
16658.00
16605.00
16609.00
16643.00
16644.00
16617.00
16556.00
16553.00
16622.00
16617.00
16593.00
16537.00
16522.00
16533.00
16546.00
16514.00
16440.00
16411.00
16397.00
16401.00
16344.00
16268.00
16242.00
16219.00
16204.00
16182.00
16121.00
16058.00
15997.00
15960.00
15904.00
15830.00
15780.00
15745.00
15695.00
15591.00
15497.00
15418.00
15418.00
15387.00
15330.00
15263.00
15189.00
15159.00
15147.00
15085.00
15024.00
14949.00
14935.00
14888.00
14788.00
14642.00
14559.00
14550.00
14492.00
14344.00
14184.00
14072.00
14046.00
14044.00
13990.00
13887.00
13843.00
13848.00
13855.00
13840.00
13744.00
13685.00
13645.00
13637.00
13594.00
13504.00
13404.00
13350.00
13323.00
13279.00
13180.00
13076.00
13037.00
12991.00
12907.00
12799.00
12704.00
12625.00
12595.00
12551.00
12480.00
12371.00
12316.00
12295.00
12246.00
12186.00
12090.00
12051.00
12017.00
11971.00
11922.00
11851.00
11807.00
11787.00
11751.00
11677.00
11607.00
11557.00
11532.00
11512.00
11449.00
11360.00
11308.00
11263.00
11249.00
11167.00
11073.00
11022.00
10996.00
10977.00
10924.00
10871.00
10837.00
10844.00
10858.00
10812.00
10754.00
10708.00
10735.00
10746.00
10697.00
10620.00
10585.00
10587.00
10613.00
10591.00
10572.00
10562.00
10579.00
10614.00
10608.00
10590.00
10562.00
10571.00
10605.00
10586.00
10555.00
10539.00
10545.00
10552.00
10569.00
10555.00
10550.00
10591.00
10642.00
10661.00
10677.00
10679.00
10727.00
10772.00
10765.00
10738.00
10712.00
10739.00
10781.00
10801.00
10773.00
10756.00
10776.00
10811.00
10823.00
10837.00
10811.00
10828.00
10875.00
10921.00
10906.00
10889.00
10901.00
10967.00
11009.00
11004.00
10990.00
11015.00
11075.00
11138.00
11145.00
11164.00
11202.00
11265.00
11320.00
11331.00
11337.00
11381.00
11452.00
11512.00
11550.00
11527.00
11616.00
11711.00
11807.00
11873.00
11889.00
11975.00
12092.00
12249.00
12313.00
12407.00
12483.00
12628.00
12778.00
12914.00
13005.00
13138.00
13276.00
13463.00
13597.00
13795.00
13910.00
14137.00
14351.00
14543.00
14672.00
14848.00
15023.00
15172.00
15282.00
15349.00
15403.00
15531.00
15614.00
15665.00
15692.00
15712.00
15842.00
15978.00
16069.00
16075.00
16056.00
16085.00
16144.00
16195.00
16204.00
16201.00
16249.00
16293.00
16351.00
16345.00
16341.00
16393.00
16448.00
16474.00
16485.00
16480.00
16523.00
16590.00
16606.00
16605.00
16587.00
16594.00
16627.00
16658.00
16626.00
16584.00
16582.00
16620.00
16616.00
16608.00
16543.00
16554.00
16578.00
16604.00
16561.00
16523.00
16508.00
16512.00
16510.00
16482.00
16449.00
16435.00
16470.00
16466.00
16419.00
16346.00
16330.00
16317.00
16312.00
16272.00
16208.00
16180.00
16188.00
16186.00
16144.00
16060.00
15980.00
15962.00
15956.00
15882.00
15799.00
15696.00
15639.00
15618.00
15562.00
15423.00
15306.00
15235.00
15215.00
15154.00
15038.00
14915.00
14824.00
14767.00
14659.00
14525.00
14354.00
14233.00
14145.00
14143.00
14090.00
13988.00
13961.00
13948.00
13929.00
13895.00
13826.00
13827.00
13816.00
13783.00
13713.00
13628.00
13576.00
13555.00
13481.00
13405.00
13317.00
13281.00
13228.00
13194.00
13147.00
13096.00
13117.00
13183.00
13247.00
13303.00
13381.00
13482.00
13598.00
13706.00
13769.00
13746.00
13798.00
13900.00
14000.00
14077.00
14136.00
14207.00
14332.00
14426.00
14503.00
14542.00
14578.00
14657.00
14796.00
14986.00
15168.00
15357.00
15464.00
15559.00
15614.00
15606.00
15579.00
15583.00
15564.00
15534.00
15500.00
15501.00
15522.00
15573.00
15590.00
15562.00
15561.00
15653.00
15793.00
15972.00
16073.00
16143.00
16205.00
16255.00
16297.00
16299.00
16324.00
16373.00
16402.00
16428.00
16462.00
16523.00
16613.00
16695.00
16763.00
16773.00
16799.00
16804.00
16852.00
16829.00
16783.00
16734.00
16726.00
16748.00
16769.00
16729.00
16691.00
16674.00
16677.00
16698.00
16657.00
16600.00
16560.00
16526.00
16493.00
16423.00
16372.00
16351.00
16329.00
16304.00
16225.00
16163.00
16124.00
16122.00
16103.00
16053.00
15970.00
15958.00
15941.00
15927.00
15881.00
15860.00
15825.00
15812.00
15789.00
15728.00
15706.00
15679.00
15646.00
15640.00
15590.00
15508.00
15480.00
15488.00
15506.00
15505.00
15430.00
15367.00
15341.00
15332.00
15297.00
15246.00
15215.00
15216.00
15208.00
15183.00
15140.00
15112.00
15137.00
15164.00
15180.00
15165.00
15191.00
15261.00
15327.00
15365.00
15366.00
15395.00
15452.00
15534.00
15568.00
15567.00
15599.00
15650.00
15706.00
15744.00
15742.00
15763.00
15804.00
15868.00
15901.00
15907.00
15904.00
15970.00
16045.00
16092.00
16083.00
16120.00
16147.00
16197.00
16231.00
16231.00
16231.00
16262.00
16294.00
16280.00
16244.00
16204.00
16171.00
16212.00
16231.00
16187.00
16162.00
16174.00
16202.00
16229.00
16207.00
16222.00
16243.00
16328.00
16381.00
16355.00
16381.00
16411.00
16450.00
16487.00
16490.00
16471.00
16453.00
16492.00
16485.00
16473.00
16452.00
16429.00
16451.00
16478.00
16462.00
16453.00
16435.00
16505.00
16545.00
16567.00
16556.00
16589.00
16607.00
16674.00
16681.00
16659.00
16681.00
16715.00
16771.00
16783.00
16738.00
16749.00
16782.00
16819.00
16832.00
16813.00
16818.00
16860.00
