17309.00
17299.00
17282.00
17280.00
17305.00
17317.00
17269.00
17265.00
17265.00
17299.00
17307.00
17292.00
17258.00
17292.00
17305.00
17303.00
17281.00
17250.00
17247.00
17285.00
17306.00
17293.00
17261.00
17262.00
17312.00
17316.00
17281.00
17266.00
17252.00
17274.00
17301.00
17274.00
17266.00
17261.00
17296.00
17307.00
17294.00
17277.00
17253.00
17285.00
17299.00
17311.00
17279.00
17270.00
17321.00
17316.00
17323.00
17300.00
17278.00
17308.00
17319.00
17321.00
17295.00
17276.00
17279.00
17311.00
17309.00
17283.00
17241.00
17270.00
17305.00
17313.00
17292.00
17254.00
17269.00
17301.00
17302.00
17284.00
17238.00
17258.00
17303.00
17294.00
17294.00
17256.00
17266.00
17280.00
17321.00
17311.00
17269.00
17291.00
17305.00
17333.00
17303.00
17297.00
17261.00
17292.00
17322.00
17303.00
17271.00
17265.00
17290.00
17319.00
17331.00
17291.00
17280.00
17292.00
17284.00
17305.00
17270.00
17279.00
17286.00
17319.00
17311.00
17280.00
17265.00
17293.00
17304.00
17328.00
17282.00
17246.00
17273.00
17306.00
17315.00
17287.00
17278.00
17269.00
17290.00
17317.00
17306.00
17264.00
17267.00
17287.00
17303.00
17280.00
17269.00
17259.00
17282.00
17323.00
17303.00
17256.00
17264.00
17278.00
17330.00
17269.00
17253.00
17250.00
17279.00
17300.00
17293.00
17258.00
17249.00
17275.00
17284.00
17305.00
17283.00
17283.00
17293.00
17332.00
17326.00
17285.00
17253.00
17276.00
17309.00
17311.00
17286.00
17258.00
17289.00
17310.00
17304.00
17281.00
17269.00
17283.00
17289.00
17307.00
17266.00
17252.00
17253.00
17293.00
17316.00
17284.00
17233.00
17228.00
17283.00
17300.00
17286.00
17266.00
17249.00
17281.00
17301.00
17274.00
17257.00
17245.00
17278.00
17276.00
17261.00
17243.00
17237.00
17269.00
17298.00
17288.00
17239.00
17246.00
17282.00
17293.00
17289.00
17247.00
17239.00
17245.00
17283.00
17265.00
17244.00
17232.00
17258.00
17290.00
17290.00
17270.00
17228.00
17248.00
17283.00
17284.00
17265.00
17237.00
17254.00
17288.00
17298.00
17271.00
17250.00
17263.00
17271.00
17298.00
17277.00
17234.00
17263.00
17299.00
17284.00
17283.00
17244.00
17260.00
17270.00
17283.00
17251.00
17231.00
17221.00
17271.00
17288.00
17305.00
17261.00
17244.00
17255.00
17298.00
17292.00
17256.00
17245.00
17264.00
17295.00
17281.00
17267.00
17254.00
17284.00
17318.00
17297.00
17262.00
17270.00
17269.00
17303.00
17302.00
17288.00
17259.00
17266.00
17288.00
17305.00
17269.00
17264.00
17270.00
17293.00
17279.00
17295.00
17237.00
17243.00
17298.00
17312.00
17277.00
17256.00
17255.00
17282.00
17302.00
17279.00
17230.00
17244.00
17256.00
17293.00
17276.00
17247.00
17245.00
17270.00
17285.00
17275.00
17238.00
17235.00
17262.00
17290.00
17287.00
17261.00
17252.00
17266.00
17306.00
17296.00
17254.00
17246.00
17267.00
17279.00
17286.00
17270.00
17248.00
17274.00
17298.00
17296.00
17257.00
17245.00
17253.00
17287.00
17280.00
17260.00
17238.00
17262.00
17293.00
17300.00
17288.00
17258.00
17258.00
17308.00
17304.00
17283.00
17277.00
17290.00
17310.00
17309.00
17304.00
17272.00
17268.00
17298.00
17344.00
17315.00
17271.00
17291.00
17304.00
17324.00
17314.00
17291.00
17284.00
17296.00
17319.00
17307.00
17289.00
17280.00
17286.00
17302.00
17311.00
17276.00
17252.00
17288.00
17305.00
17318.00
17271.00
17272.00
17296.00
17315.00
17334.00
17298.00
17283.00
17295.00
17318.00
17316.00
17289.00
17264.00
17273.00
17306.00
17315.00
17302.00
17283.00
17283.00
17324.00
17324.00
17296.00
17282.00
17299.00
17313.00
17326.00
17291.00
17267.00
17270.00
17321.00
17341.00
17295.00
17268.00
17276.00
17295.00
17324.00
17303.00
17292.00
17282.00
17298.00
17328.00
17306.00
17275.00
17265.00
17287.00
17314.00
17307.00
17277.00
17290.00
17309.00
17310.00
17316.00
17283.00
17252.00
17285.00
17307.00
17306.00
17276.00
17266.00
17271.00
17337.00
17310.00
17294.00
17296.00
17289.00
17301.00
17320.00
17304.00
17261.00
17278.00
17321.00
17316.00
17291.00
17284.00
17280.00
17328.00
17332.00
17295.00
17276.00
17275.00
17321.00
17323.00
17325.00
17286.00
17289.00
17321.00
17324.00
17308.00
17287.00
17297.00
17314.00
17333.00
17332.00
17320.00
17311.00
17319.00
17349.00
17334.00
17282.00
17287.00
17305.00
17349.00
17327.00
17301.00
17285.00
17309.00
17340.00
17323.00
17320.00
17292.00
17295.00
17332.00
17342.00
17305.00
17306.00
17321.00
17358.00
17353.00
17330.00
17297.00
17316.00
17348.00
17347.00
17324.00
17291.00
17318.00
17346.00
17363.00
17332.00
17306.00
17290.00
17333.00
17347.00
17322.00
17288.00
17294.00
17325.00
17355.00
17335.00
17312.00
17324.00
17331.00
17361.00
17350.00
17304.00
17303.00
17314.00
17336.00
17332.00
17298.00
17295.00
17329.00
17343.00
17317.00
17312.00
17273.00
17297.00
17310.00
17337.00
17295.00
17266.00
17303.00
17344.00
17326.00
17309.00
17283.00
17311.00
17338.00
17326.00
17305.00
17279.00
17293.00
17346.00
17350.00
17327.00
17313.00
17319.00
17361.00
17340.00
17312.00
17288.00
17313.00
17345.00
17381.00
17354.00
17336.00
17315.00
17334.00
17342.00
17321.00
17295.00
17279.00
17322.00
17340.00
17319.00
17303.00
17297.00
17328.00
17351.00
17329.00
17288.00
17293.00
17297.00
17319.00
17318.00
17296.00
17296.00
17319.00
17339.00
17339.00
17317.00
17305.00
17304.00
17340.00
17335.00
17317.00
17306.00
17317.00
17354.00
17340.00
17316.00
17301.00
17301.00
17334.00
17336.00
17318.00
17291.00
17314.00
17344.00
17358.00
17329.00
17298.00
17307.00
17329.00
17342.00
17340.00
17299.00
17313.00
17345.00
17362.00
17345.00
17288.00
17291.00
17346.00
17355.00
17322.00
17283.00
17305.00
17333.00
17361.00
17323.00
17300.00
17307.00
17319.00
17332.00
17324.00
17309.00
17297.00
17308.00
17360.00
17343.00
17312.00
17282.00
17308.00
17352.00
17325.00
17299.00
17293.00
17296.00
17346.00
17325.00
17311.00
17304.00
17303.00
17317.00
17353.00
17323.00
17300.00
17294.00
17335.00
17331.00
17305.00
17293.00
17299.00
17325.00
17334.00
17307.00
17292.00
17293.00
17313.00
17331.00
17309.00
17270.00
17322.00
17349.00
17344.00
17344.00
17301.00
17297.00
17322.00
17350.00
17339.00
17296.00
17330.00
17326.00
17352.00
17354.00
17306.00
17306.00
17323.00
17353.00
17348.00
17311.00
17306.00
17318.00
17358.00
17369.00
17326.00
17309.00
17330.00
17354.00
17336.00
17318.00
17298.00
17318.00
17342.00
17344.00
17312.00
17303.00
17325.00
17345.00
17362.00
17332.00
17276.00
17290.00
17338.00
17343.00
17339.00
17295.00
17326.00
17343.00
17345.00
17337.00
17297.00
17290.00
17339.00
17340.00
17334.00
17288.00
17310.00
17340.00
17352.00
17351.00
17315.00
17318.00
17320.00
17342.00
17336.00
17298.00
17291.00
17316.00
17348.00
17356.00
17326.00
17321.00
17344.00
17359.00
17352.00
17331.00
17327.00
17322.00
17365.00
17377.00
17339.00
17325.00
17325.00
17361.00
17374.00
17331.00
17316.00
17315.00
17354.00
17371.00
17341.00
17320.00
17327.00
17350.00
17369.00
17343.00
17287.00
17309.00
17326.00
17358.00
17328.00
17313.00
17327.00
17362.00
17356.00
17366.00
17334.00
17323.00
17365.00
17364.00
17326.00
17325.00
17317.00
17349.00
17359.00
17349.00
17297.00
17309.00
17341.00
17366.00
17347.00
17314.00
17312.00
17323.00
17340.00
17342.00
17335.00
17307.00
17323.00
17374.00
17345.00
17304.00
17301.00
17330.00
17336.00
17346.00
17332.00
17307.00
17312.00
17369.00
17365.00
17340.00
17310.00
17322.00
17343.00
17354.00
17319.00
17297.00
17323.00
17330.00
17356.00
17330.00
17296.00
17308.00
17332.00
17352.00
17317.00
17288.00
17270.00
17325.00
17322.00
17339.00
17299.00
17298.00
17332.00
17332.00
17335.00
17290.00
17304.00
17320.00
17343.00
17323.00
17314.00
17286.00
17328.00
17343.00
17336.00
17296.00
17297.00
17299.00
17337.00
17336.00
17305.00
17300.00
17316.00
17350.00
17337.00
17313.00
17284.00
17307.00
17323.00
17362.00
17315.00
17278.00
17298.00
17317.00
17338.00
17333.00
17295.00
17297.00
17316.00
17337.00
17317.00
17298.00
17302.00
17345.00
17370.00
17337.00
17314.00
17302.00
17327.00
17327.00
17309.00
17295.00
17281.00
17329.00
17336.00
17345.00
17320.00
17313.00
17332.00
17342.00
17331.00
17297.00
17270.00
17314.00
17329.00
17340.00
17318.00
17296.00
17319.00
17365.00
17344.00
17306.00
17289.00
17314.00
17354.00
17341.00
17327.00
17311.00
17329.00
17369.00
17364.00
17322.00
17282.00
17328.00
17350.00
17356.00
17329.00
17323.00
17307.00
17354.00
17349.00
17345.00
17293.00
17335.00
17341.00
17359.00
17338.00
17329.00
17307.00
17346.00
17367.00
17376.00
17332.00
17317.00
17340.00
17386.00
17338.00
17328.00
17323.00
17341.00
17381.00
17361.00
17349.00
17312.00
17327.00
17363.00
17345.00
17308.00
17309.00
17336.00
17342.00
17375.00
17335.00
17325.00
17351.00
17342.00
17347.00
17326.00
17316.00
17345.00
17374.00
17383.00
17351.00
17338.00
17331.00
17368.00
17367.00
17347.00
17315.00
17328.00
17361.00
17367.00
17364.00
17326.00
17344.00
17357.00
17370.00
17365.00
17320.00
17318.00
17344.00
17336.00
17347.00
17324.00
17319.00
17360.00
17366.00
17371.00
17321.00
17312.00
17361.00
17376.00
17349.00
17320.00
17311.00
17328.00
17370.00
17363.00
17330.00
17300.00
17335.00
17374.00
17358.00
17348.00
17318.00
17331.00
17339.00
17358.00
17336.00
17322.00
17362.00
17379.00
17371.00
17353.00
17335.00
17324.00
17355.00
17360.00
17331.00
17325.00
17326.00
17357.00
17377.00
17345.00
17304.00
17315.00
17356.00
17349.00
17314.00
17302.00
17321.00
17343.00
17349.00
17349.00
17320.00
17308.00
17343.00
17367.00
17342.00
17296.00
17315.00
17341.00
17354.00
17342.00
17304.00
17290.00
17322.00
17341.00
17349.00
17311.00
17301.00
17334.00
17351.00
17342.00
17322.00
17307.00
17330.00
17346.00
17351.00
17300.00
17313.00
17311.00
17374.00
17364.00
17353.00
17305.00
17294.00
17349.00
17352.00
17329.00
17292.00
17298.00
17357.00
17383.00
17349.00
17304.00
17321.00
17345.00
17364.00
17329.00
17299.00
17314.00
17336.00
17347.00
17344.00
17325.00
17325.00
17355.00
17359.00
17370.00
17335.00
17332.00
17349.00
17384.00
17356.00
17316.00
17319.00
17333.00
17385.00
17355.00
17319.00
17328.00
17345.00
17364.00
17350.00
17335.00
17326.00
17350.00
17380.00
17378.00
17333.00
17322.00
17345.00
17369.00
17373.00
17323.00
17315.00
17339.00
17390.00
17396.00
17377.00
17338.00
17345.00
17381.00
17382.00
17346.00
17330.00
17340.00
17371.00
17387.00
17361.00
17328.00
17323.00
17365.00
17385.00
17351.00
17331.00
17330.00
17366.00
17363.00
17356.00
17311.00
17331.00
17374.00
17382.00
17374.00
17329.00
17330.00
17351.00
17371.00
17357.00
17342.00
17330.00
17330.00
17383.00
17383.00
17333.00
17324.00
17349.00
17356.00
17367.00
17338.00
17316.00
17348.00
17367.00
17394.00
17345.00
17312.00
17341.00
17363.00
17364.00
17354.00
17338.00
17347.00
17373.00
17400.00
17376.00
17335.00
17347.00
17366.00
17387.00
17381.00
17315.00
17356.00
17364.00
17384.00
17375.00
17339.00
17337.00
17361.00
17378.00
17359.00
17326.00
17313.00
17353.00
17360.00
17355.00
17314.00
17314.00
17344.00
17380.00
17374.00
17317.00
17323.00
17359.00
17383.00
17368.00
17315.00
17328.00
17359.00
17402.00
17378.00
17340.00
17325.00
17342.00
17369.00
17373.00
17348.00
17333.00
17367.00
17379.00
17378.00
17351.00
17342.00
17346.00
17399.00
17397.00
17353.00
17319.00
17331.00
17372.00
17398.00
17367.00
17325.00
17351.00
17384.00
17395.00
17366.00
17323.00
17346.00
17373.00
17394.00
17370.00
17320.00
17336.00
17366.00
17407.00
17357.00
17333.00
17330.00
17359.00
17377.00
17368.00
17331.00
17335.00
17377.00
17388.00
17363.00
17338.00
17336.00
17358.00
17389.00
17363.00
17351.00
17343.00
17348.00
17379.00
17376.00
17342.00
17309.00
17342.00
17371.00
17363.00
17356.00
17325.00
17327.00
17351.00
17355.00
17335.00
17290.00
17329.00
17392.00
17381.00
17354.00
17340.00
17337.00
17371.00
17374.00
17372.00
17346.00
17365.00
17382.00
17392.00
17379.00
17332.00
17341.00
17363.00
17395.00
17345.00
17332.00
17313.00
17341.00
17386.00
17367.00
17343.00
17322.00
17360.00
17367.00
17366.00
17312.00
17329.00
17357.00
17393.00
17382.00
17359.00
17356.00
17350.00
17380.00
17370.00
17343.00
17316.00
17339.00
17362.00
17351.00
17341.00
17293.00
17307.00
17322.00
17307.00
17268.00
17231.00
17222.00
17239.00
17230.00
17169.00
17094.00
17055.00
17040.00
16992.00
16920.00
16824.00
16796.00
16761.00
16715.00
16656.00
16551.00
16470.00
16429.00
16377.00
16277.00
16160.00
16092.00
16041.00
16012.00
15913.00
15824.00
15777.00
15759.00
15722.00
15650.00
15576.00
15534.00
15538.00
15544.00
15521.00
15467.00
15446.00
15472.00
15520.00
15518.00
15487.00
15498.00
15517.00
15545.00
15546.00
15524.00
15519.00
15546.00
15588.00
15594.00
15586.00
15555.00
15567.00
15628.00
15623.00
15586.00
15563.00
15606.00
15647.00
15668.00
15654.00
15626.00
15652.00
15695.00
15703.00
15688.00
15653.00
15679.00
15712.00
15714.00
15705.00
15660.00
15688.00
15734.00
15760.00
15728.00
15709.00
15708.00
15759.00
15789.00
15772.00
15733.00
15734.00
15795.00
15822.00
15799.00
15779.00
15762.00
15794.00
15818.00
15815.00
15776.00
15771.00
15795.00
15855.00
15848.00
15822.00
15814.00
15836.00
15891.00
15881.00
15863.00
15831.00
15883.00
15908.00
15941.00
15922.00
15882.00
15903.00
15952.00
15973.00
15923.00
15915.00
15914.00
15970.00
15961.00
15950.00
15920.00
15938.00
15988.00
16011.00
15988.00
15936.00
15966.00
15978.00
16045.00
16022.00
15982.00
15978.00
16028.00
16048.00
16022.00
15979.00
15989.00
16037.00
16071.00
16063.00
16021.00
16027.00
16078.00
16112.00
16110.00
16057.00
16042.00
16080.00
16111.00
16104.00
16061.00
16057.00
16083.00
16141.00
16121.00
16119.00
16075.00
16103.00
16148.00
16160.00
16136.00
16097.00
16123.00
16169.00
16165.00
16144.00
16128.00
16149.00
16191.00
16194.00
16167.00
16126.00
16146.00
16205.00
16212.00
16185.00
16160.00
16173.00
16199.00
16233.00
16200.00
16165.00
16178.00
16198.00
16215.00
16201.00
16187.00
16177.00
16223.00
16243.00
16228.00
16194.00
16181.00
16219.00
16240.00
16229.00
16191.00
16151.00
16195.00
16219.00
16237.00
16213.00
16197.00
16201.00
16240.00
16231.00
16205.00
16194.00
16216.00
16242.00
16259.00
16223.00
16197.00
16220.00
16268.00
16250.00
16237.00
16189.00
16206.00
16257.00
16259.00
16242.00
16196.00
16227.00
16256.00
16277.00
16242.00
16184.00
16220.00
16241.00
16250.00
16240.00
16215.00
16231.00
16251.00
16257.00
16252.00
16193.00
16218.00
16254.00
16268.00
16249.00
16222.00
16216.00
16253.00
16273.00
16268.00
16196.00
16229.00
16242.00
16288.00
16270.00
16225.00
16238.00
16253.00
16280.00
16263.00
16231.00
16218.00
16243.00
16292.00
16286.00
16233.00
16211.00
16243.00
16289.00
16288.00
16255.00
16234.00
16265.00
16290.00
16286.00
16264.00
16233.00
16255.00
16300.00
16306.00
16285.00
16220.00
16274.00
16303.00
16318.00
16269.00
16236.00
16291.00
16301.00
16317.00
16295.00
16279.00
16292.00
16328.00
16354.00
16308.00
16274.00
16263.00
16313.00
16339.00
16321.00
16295.00
16284.00
16320.00
16345.00
16324.00
16288.00
16263.00
16298.00
16333.00
16308.00
16261.00
16269.00
16311.00
16318.00
16320.00
16278.00
16269.00
16280.00
16305.00
16304.00
16270.00
16249.00
16286.00
16322.00
16317.00
16276.00
16241.00
16276.00
16312.00
16307.00
16289.00
16241.00
16269.00
16296.00
16302.00
16277.00
16257.00
16269.00
16316.00
16319.00
16284.00
16257.00
16269.00
16310.00
16317.00
16307.00
16287.00
16289.00
16328.00
16330.00
16318.00
16275.00
16277.00
16319.00
16310.00
16329.00
16272.00
16290.00
16343.00
16359.00
16329.00
16295.00
16270.00
16323.00
16344.00
16322.00
16284.00
16275.00
16322.00
16345.00
16333.00
16291.00
16279.00
16311.00
16356.00
16337.00
16279.00
16272.00
16306.00
16349.00
16327.00
16301.00
16263.00
16300.00
16330.00
16323.00
16271.00
16255.00
16280.00
16317.00
16330.00
16290.00
16271.00
16285.00
16319.00
16325.00
16303.00
16281.00
16284.00
16304.00
16322.00
16293.00
16292.00
16271.00
16302.00
16338.00
16309.00
16273.00
16275.00
16306.00
16351.00
16321.00
16288.00
16285.00
16313.00
16341.00
16320.00
16290.00
16290.00
16321.00
16344.00
16319.00
16318.00
16296.00
16295.00
16333.00
16335.00
16281.00
16286.00
16308.00
16330.00
16322.00
16297.00
16286.00
16308.00
16345.00
16335.00
16293.00
16285.00
16301.00
16319.00
16338.00
16300.00
16256.00
16294.00
16339.00
16321.00
16313.00
16264.00
16289.00
16341.00
16335.00
16307.00
16278.00
16286.00
16335.00
16351.00
16323.00
16291.00
16286.00
16348.00
16359.00
16338.00
16301.00
16308.00
16343.00
16364.00
16353.00
16312.00
16320.00
16341.00
16365.00
16351.00
16316.00
16316.00
16355.00
16362.00
16355.00
16331.00
16326.00
16350.00
16381.00
16378.00
16323.00
16314.00
16345.00
16372.00
16358.00
16329.00
16318.00
16308.00
16360.00
16363.00
16330.00
16304.00
16329.00
16385.00
16371.00
16354.00
16312.00
16323.00
16355.00
16363.00
16341.00
16310.00
16345.00
16363.00
16378.00
16341.00
16298.00
16328.00
16348.00
16381.00
16352.00
16325.00
16336.00
16365.00
16392.00
16365.00
16341.00
16344.00
16380.00
16393.00
16365.00
16323.00
16327.00
16363.00
16401.00
16392.00
16348.00
16346.00
16363.00
16392.00
16385.00
16348.00
16326.00
16348.00
16382.00
16378.00
16341.00
16313.00
16341.00
16386.00
16366.00
16322.00
16318.00
16334.00
16364.00
16368.00
16323.00
16307.00
16342.00
16374.00
16380.00
16344.00
16302.00
16322.00
16379.00
16378.00
16332.00
16303.00
16327.00
16364.00
16389.00
16366.00
16310.00
16341.00
16363.00
16368.00
16348.00
16306.00
16324.00
16350.00
16359.00
16367.00
16315.00
16328.00
16349.00
16366.00
16358.00
16304.00
16295.00
16326.00
16321.00
16284.00
16206.00
16140.00
16114.00
16045.00
15913.00
15733.00
15561.00
15406.00
15319.00
15178.00
14988.00
14852.00
14744.00
14642.00
14479.00
14263.00
14075.00
13920.00
13822.00
13672.00
13516.00
13338.00
13250.00
13209.00
13126.00
13004.00
12888.00
12837.00
12812.00
12756.00
12674.00
12597.00
12579.00
12585.00
12596.00
12554.00
12533.00
12552.00
12584.00
12602.00
12584.00
12536.00
12546.00
12588.00
12609.00
12603.00
12557.00
12558.00
12588.00
12633.00
12603.00
12568.00
12571.00
12613.00
12645.00
12637.00
12603.00
12571.00
12630.00
12656.00
12641.00
12606.00
12585.00
12616.00
12644.00
12657.00
12613.00
12621.00
12645.00
12665.00
12683.00
12631.00
12616.00
12640.00
12671.00
12683.00
12643.00
12622.00
12660.00
12688.00
12697.00
12676.00
12630.00
12654.00
12701.00
12713.00
12676.00
12646.00
12672.00
12724.00
12728.00
12711.00
12667.00
12688.00
12719.00
12738.00
12715.00
12662.00
12676.00
12715.00
12743.00
12742.00
12690.00
12681.00
12719.00
12756.00
12732.00
12693.00
12676.00
12711.00
12745.00
12737.00
12701.00
12690.00
12720.00
12761.00
12738.00
12690.00
12686.00
12699.00
12759.00
12734.00
12691.00
12700.00
12734.00
12765.00
12756.00
12708.00
12678.00
12710.00
12762.00
12756.00
12732.00
12702.00
12728.00
12752.00
12774.00
12737.00
12696.00
12720.00
12764.00
12774.00
12747.00
12717.00
12749.00
12785.00
12792.00
12771.00
12724.00
12735.00
12790.00
12799.00
12780.00
12723.00
12731.00
12788.00
12823.00
12781.00
12750.00
12749.00
12776.00
12812.00
12796.00
12747.00
12741.00
12777.00
12818.00
12806.00
12763.00
12752.00
12789.00
12824.00
12802.00
12753.00
12751.00
12776.00
12839.00
12828.00
12787.00
12761.00
12787.00
12834.00
12821.00
12789.00
12765.00
12782.00
12813.00
12814.00
12788.00
12765.00
12778.00
12818.00
12837.00
12799.00
12765.00
12779.00
12821.00
12833.00
12803.00
12764.00
12781.00
12837.00
12854.00
12818.00
12776.00
12783.00
12831.00
12850.00
12827.00
12775.00
12776.00
12809.00
12858.00
12829.00
12782.00
12773.00
12822.00
12848.00
12825.00
12790.00
12778.00
12820.00
12858.00
12846.00
12810.00
12802.00
12820.00
12852.00
12848.00
12819.00
12804.00
12821.00
12863.00
12860.00
12824.00
12796.00
12814.00
12857.00
12850.00
12821.00
12784.00
12809.00
12854.00
12856.00
12842.00
12799.00
12818.00
12875.00
12878.00
12836.00
12794.00
12810.00
12844.00
12859.00
12846.00
12813.00
12824.00
12856.00
12895.00
12854.00
12821.00
12806.00
12858.00
12868.00
12842.00
12807.00
12815.00
12856.00
12881.00
12846.00
12806.00
12800.00
12838.00
12866.00
12853.00
12812.00
12808.00
12849.00
12875.00
12885.00
12847.00
12829.00
12862.00
12878.00
12878.00
12835.00
12834.00
12851.00
12894.00
12891.00
12858.00
12836.00
12865.00
12895.00
12906.00
12856.00
12854.00
12880.00
12914.00
12926.00
12890.00
12856.00
12862.00
12912.00
12916.00
12887.00
12837.00
12878.00
12925.00
12952.00
12917.00
12879.00
12890.00
12934.00
12951.00
12928.00
12871.00
12879.00
12907.00
12956.00
12936.00
12906.00
12912.00
12930.00
12967.00
12943.00
12924.00
12895.00
12932.00
12990.00
12957.00
12918.00
12910.00
12932.00
12978.00
12960.00
12922.00
12900.00
12916.00
12968.00
12969.00
12934.00
12904.00
12941.00
12974.00
12962.00
12929.00
12890.00
12916.00
12949.00
12963.00
12916.00
12895.00
12915.00
12969.00
12971.00
12945.00
12898.00
12914.00
12956.00
12952.00
12928.00
12889.00
12894.00
12931.00
12951.00
12934.00
12878.00
12907.00
12935.00
12948.00
12934.00
12883.00
12885.00
12935.00
12950.00
12950.00
12900.00
12895.00
12931.00
12960.00
12935.00
12899.00
12885.00
12909.00
12952.00
12959.00
12905.00
12904.00
12927.00
12963.00
12949.00
12905.00
12893.00
12917.00
12966.00
12949.00
12913.00
12887.00
12912.00
12955.00
12956.00
12931.00
12895.00
12909.00
12938.00
12953.00
12921.00
12875.00
12909.00
12952.00
12968.00
12938.00
12893.00
12913.00
12953.00
12950.00
12934.00
12901.00
12914.00
12937.00
12968.00
12948.00
12897.00
12897.00
12924.00
12966.00
12940.00
12882.00
12895.00
12890.00
12913.00
12832.00
12731.00
12657.00
12622.00
12587.00
12519.00
12401.00
12313.00
12273.00
12235.00
12070.00
11917.00
11771.00
11722.00
11672.00
11558.00
11439.00
11319.00
11268.00
11221.00
11139.00
11034.00
10930.00
10875.00
10838.00
10785.00
10689.00
10595.00
10579.00
10577.00
10546.00
10486.00
10418.00
10428.00
10452.00
10415.00
10393.00
10342.00
10350.00
10373.00
10376.00
10348.00
10313.00
10326.00
10378.00
10414.00
10393.00
10348.00
10365.00
10399.00
10429.00
10415.00
10377.00
10390.00
10426.00
10453.00
10451.00
10424.00
10409.00
10456.00
10494.00
10500.00
10459.00
10446.00
10475.00
10518.00
10533.00
10480.00
10465.00
10507.00
10559.00
10556.00
10535.00
10516.00
10540.00
10594.00
10593.00
10554.00
10534.00
10564.00
10616.00
10632.00
10590.00
10555.00
10563.00
10620.00
10626.00
10597.00
10566.00
10572.00
10640.00
10662.00
10633.00
10595.00
10604.00
10645.00
10658.00
10643.00
10611.00
10606.00
10663.00
10680.00
10670.00
10626.00
10628.00
10671.00
10689.00
10683.00
10633.00
10613.00
10645.00
10690.00
10667.00
10612.00
10612.00
10627.00
10648.00
10647.00
10584.00
10577.00
10600.00
10628.00
10636.00
10609.00
10584.00
10600.00
10637.00
10647.00
10591.00
10578.00
10577.00
10612.00
10648.00
10600.00
10566.00
10605.00
10638.00
10630.00
10600.00
10563.00
10592.00
10616.00
10644.00
10611.00
10593.00
10585.00
10637.00
10651.00
10630.00
10576.00
10582.00
10622.00
10652.00
10628.00
10597.00
10585.00
10644.00
10662.00
10644.00
10587.00
10579.00
10617.00
10650.00
10624.00
10595.00
10565.00
10611.00
10633.00
10641.00
10597.00
10588.00
10613.00
10647.00
10645.00
10594.00
10576.00
10606.00
10631.00
10629.00
10597.00
10596.00
10615.00
10657.00
10654.00
10614.00
10581.00
10593.00
10646.00
10650.00
10600.00
10563.00
10592.00
10643.00
10650.00
10624.00
10581.00
10600.00
10618.00
10631.00
10625.00
10573.00
10581.00
10627.00
10657.00
10637.00
10591.00
10600.00
10625.00
10655.00
10636.00
10587.00
10592.00
10631.00
10666.00
10643.00
10595.00
10589.00
10630.00
10661.00
10631.00
10614.00
10590.00
10631.00
10658.00
10644.00
10600.00
10595.00
10629.00
10648.00
10661.00
10618.00
10591.00
10612.00
10646.00
10654.00
10608.00
10598.00
10618.00
10646.00
10666.00
10618.00
10593.00
10602.00
10656.00
10653.00
10644.00
10592.00
10624.00
10671.00
10675.00
10645.00
10600.00
10631.00
10647.00
10666.00
10627.00
10586.00
10606.00
10645.00
10675.00
10664.00
10619.00
10601.00
10637.00
10675.00
10651.00
10596.00
10591.00
10625.00
10674.00
10660.00
10616.00
10604.00
10628.00
10675.00
10661.00
10611.00
10600.00
10632.00
10661.00
10634.00
10623.00
10584.00
10631.00
10670.00
10656.00
10626.00
10595.00
10614.00
10641.00
10663.00
10611.00
10582.00
10604.00
10651.00
10654.00
10628.00
10608.00
10604.00
10640.00
10647.00
10622.00
10586.00
10584.00
10624.00
10646.00
10625.00
10595.00
10619.00
10650.00
10672.00
10647.00
10608.00
10604.00
10643.00
10673.00
10656.00
10615.00
10607.00
10649.00
10682.00
10673.00
10629.00
10619.00
10635.00
10678.00
10670.00
10625.00
10617.00
10646.00
10683.00
10678.00
10639.00
10610.00
10620.00
10660.00
10651.00
10626.00
10613.00
10618.00
10666.00
10675.00
10642.00
10609.00
10633.00
10659.00
10664.00
10637.00
10579.00
10620.00
10650.00
10675.00
10639.00
10604.00
10614.00
10639.00
10682.00
10659.00
10605.00
10615.00
10645.00
10672.00
10658.00
10613.00
10625.00
10649.00
10675.00
10644.00
10615.00
10600.00
10638.00
10658.00
10643.00
10594.00
10597.00
10631.00
10664.00
10674.00
10600.00
10611.00
10620.00
10672.00
10656.00
10618.00
10601.00
10631.00
10672.00
10673.00
10628.00
10603.00
10623.00
10664.00
10674.00
10643.00
10594.00
10609.00
10669.00
10681.00
10637.00
10610.00
10614.00
10656.00
10656.00
10643.00
10600.00
10613.00
10654.00
10664.00
10648.00
10594.00
10606.00
10634.00
10663.00
10655.00
10600.00
10628.00
10652.00
10674.00
10657.00
10609.00
10606.00
10651.00
10672.00
10652.00
10620.00
10605.00
10631.00
10684.00
10677.00
10643.00
10634.00
10654.00
10687.00
10679.00
10637.00
10619.00
10630.00
10679.00
10687.00
10653.00
10626.00
10667.00
10685.00
10700.00
10672.00
10635.00
10647.00
10656.00
10702.00
10676.00
10630.00
10641.00
10677.00
10711.00
10676.00
10642.00
10639.00
10677.00
10702.00
10680.00
10631.00
10644.00
10681.00
10703.00
10670.00
10640.00
10631.00
10658.00
10676.00
10675.00
10624.00
10640.00
10660.00
10700.00
10697.00
10640.00
10612.00
10636.00
10680.00
10659.00
10605.00
10565.00
10547.00
10535.00
10496.00
10403.00
10327.00
10270.00
10264.00
10202.00
10146.00
10065.00
10030.00
10051.00
10018.00
9952.00
9883.00
9891.00
9924.00
9910.00
9863.00
9837.00
9840.00
9883.00
9897.00
9851.00
9825.00
9825.00
9858.00
9894.00
9875.00
9826.00
9850.00
9892.00
9939.00
9932.00
9894.00
9896.00
9938.00
9972.00
9949.00
9906.00
9904.00
9931.00
9960.00
9956.00
9925.00
9909.00
9934.00
9973.00
9975.00
9910.00
9911.00
9938.00
9983.00
9973.00
9921.00
9915.00
9926.00
9965.00
9965.00
9922.00
9910.00
9927.00
9966.00
9982.00
9955.00
9918.00
9929.00
9951.00
9976.00
9930.00
9902.00
9906.00
9942.00
9983.00
9952.00
9918.00
9927.00
9963.00
9986.00
9962.00
9930.00
9917.00
9944.00
9983.00
9961.00
9946.00
9934.00
9966.00
9986.00
9981.00
9945.00
9932.00
9979.00
10006.00
9997.00
9955.00
9951.00
9978.00
10007.00
9993.00
9969.00
9963.00
9974.00
10039.00
10033.00
9990.00
9956.00
9966.00
10008.00
10014.00
9991.00
9962.00
9984.00
10027.00
10044.00
10016.00
9973.00
9995.00
10034.00
10051.00
10007.00
9975.00
9986.00
10025.00
10063.00
10037.00
10007.00
10003.00
10037.00
10065.00
10031.00
10000.00
10004.00
10030.00
10057.00
10064.00
10013.00
10003.00
10025.00
10072.00
10061.00
10013.00
9992.00
10041.00
10094.00
10079.00
10044.00
10025.00
10060.00
10089.00
10075.00
10056.00
10025.00
10047.00
10096.00
10105.00
10084.00
10051.00
10074.00
10110.00
10120.00
10084.00
10059.00
10089.00
10105.00
10129.00
10100.00
10059.00
10066.00
10113.00
10139.00
10116.00
10085.00
10069.00
10101.00
10123.00
10100.00
10070.00
10091.00
10112.00
10149.00
10115.00
10081.00
10085.00
10106.00
10135.00
10108.00
10083.00
10074.00
10111.00
10149.00
10131.00
10100.00
10083.00
10117.00
10142.00
10141.00
10078.00
10058.00
10089.00
10125.00
10125.00
10110.00
10086.00
10103.00
10130.00
10140.00
10112.00
10075.00
10091.00
10132.00
10146.00
10124.00
10065.00
10086.00
10133.00
10150.00
10127.00
10081.00
10071.00
10122.00
10149.00
10129.00
10081.00
10100.00
10139.00
10161.00
10135.00
10089.00
10085.00
10113.00
10125.00
10117.00
10094.00
10079.00
10107.00
10147.00
10142.00
10105.00
10089.00
10103.00
10151.00
10139.00
10099.00
10088.00
10108.00
10136.00
10151.00
10121.00
10106.00
10123.00
10149.00
10154.00
10124.00
10101.00
10100.00
10153.00
10165.00
10128.00
10116.00
10119.00
10148.00
10156.00
10134.00
10088.00
10104.00
10151.00
10176.00
10149.00
10120.00
10107.00
10143.00
10162.00
10151.00
10107.00
10102.00
10134.00
10163.00
10158.00
10105.00
10108.00
10140.00
10166.00
10170.00
10108.00
10103.00
10129.00
10156.00
10147.00
10098.00
10081.00
10110.00
10149.00
10158.00
10125.00
10101.00
10118.00
10145.00
10150.00
10127.00
10082.00
10123.00
10152.00
10178.00
10136.00
10087.00
10106.00
10142.00
10156.00
10131.00
10084.00
10092.00
10131.00
10142.00
10136.00
10104.00
10104.00
10137.00
10160.00
10140.00
10094.00
10087.00
10130.00
10153.00
10152.00
10107.00
10094.00
10134.00
10167.00
10168.00
10115.00
10104.00
10135.00
10156.00
10164.00
10121.00
10086.00
10121.00
10155.00
10145.00
10121.00
10100.00
10119.00
10166.00
10166.00
10130.00
10071.00
10108.00
10147.00
10166.00
10131.00
10110.00
10120.00
10142.00
10156.00
10132.00
10104.00
10112.00
10138.00
10163.00
10144.00
10114.00
10106.00
10137.00
10179.00
10156.00
10097.00
10104.00
10117.00
10172.00
10149.00
10110.00
10095.00
10129.00
10181.00
10157.00
10118.00
10110.00
10115.00
10166.00
10155.00
10120.00
10098.00
10114.00
10159.00
10160.00
10128.00
10097.00
10122.00
10166.00
10167.00
10123.00
10097.00
10129.00
10159.00
10166.00
10136.00
10105.00
10115.00
10152.00
10163.00
10136.00
10089.00
10111.00
10151.00
10163.00
10153.00
10098.00
10123.00
10138.00
10160.00
10125.00
10109.00
10097.00
10137.00
10163.00
10162.00
10117.00
10118.00
10141.00
10159.00
10157.00
10112.00
10098.00
10128.00
10146.00
10165.00
10127.00
10104.00
10132.00
10165.00
10170.00
10123.00
10108.00
10112.00
10133.00
10141.00
10131.00
10112.00
10126.00
10176.00
10184.00
10146.00
10097.00
10112.00
10141.00
10157.00
10135.00
10111.00
10105.00
10156.00
10184.00
10164.00
10134.00
10117.00
10157.00
10180.00
10165.00
10125.00
10115.00
10151.00
10187.00
10147.00
10128.00
10116.00
10132.00
10156.00
10152.00
10124.00
10100.00
10129.00
10180.00
10175.00
10119.00
10112.00
10130.00
10175.00
10171.00
10145.00
10107.00
10129.00
10185.00
10172.00
10159.00
10117.00
10131.00
10174.00
10186.00
10157.00
10129.00
10136.00
10169.00
10179.00
10177.00
10133.00
10155.00
10191.00
10224.00
10198.00
10166.00
10169.00
10210.00
10235.00
10224.00
10217.00
10197.00
10256.00
10308.00
10307.00
10313.00
10320.00
10367.00
10427.00
10472.00
10481.00
10490.00
10552.00
10622.00
10680.00
10706.00
10716.00
10788.00
10842.00
10875.00
10907.00
10920.00
10959.00
11032.00
11095.00
11107.00
11095.00
11113.00
11189.00
11253.00
11238.00
11206.00
11226.00
11302.00
11344.00
11349.00
11315.00
11343.00
11395.00
11431.00
11402.00
11357.00
11348.00
11383.00
11424.00
11404.00
11338.00
11372.00
11386.00
11403.00
11412.00
11345.00
11326.00
11332.00
11353.00
11365.00
11319.00
11301.00
11297.00
11344.00
11337.00
11296.00
11264.00
11270.00
11317.00
11301.00
11276.00
11247.00
11267.00
11282.00
11279.00
11257.00
11213.00
11219.00
11258.00
11267.00
11230.00
11189.00
11192.00
11214.00
11242.00
11218.00
11171.00
11177.00
11201.00
11239.00
11220.00
11181.00
11161.00
11195.00
11228.00
11226.00
11185.00
11157.00
11199.00
11238.00
11212.00
11183.00
11166.00
11179.00
11230.00
11228.00
11189.00
11176.00
11191.00
11232.00
11242.00
11198.00
11157.00
11184.00
11232.00
11230.00
11200.00
11150.00
11175.00
11225.00
11232.00
11222.00
11174.00
11187.00
11215.00
11226.00
11200.00
11166.00
11178.00
11197.00
11213.00
11214.00
11163.00
11158.00
11200.00
11228.00
11203.00
11162.00
11137.00
11177.00
11207.00
11207.00
11161.00
11146.00
11166.00
11205.00
11198.00
11148.00
11135.00
11151.00
11194.00
11190.00
11153.00
11138.00
11161.00
11189.00
11191.00
11158.00
11119.00
11132.00
11175.00
11189.00
11151.00
11123.00
11135.00
11176.00
11190.00
11169.00
11117.00
11119.00
11168.00
11187.00
11160.00
11127.00
11126.00
11151.00
11204.00
11163.00
11124.00
11116.00
11150.00
11173.00
11166.00
11135.00
11120.00
11149.00
11181.00
11165.00
11129.00
11111.00
11130.00
11173.00
11174.00
11130.00
11119.00
11140.00
11181.00
11199.00
11162.00
11133.00
11151.00
11178.00
11195.00
11149.00
11123.00
11129.00
11174.00
11178.00
11171.00
11129.00
11130.00
11175.00
11192.00
11175.00
11134.00
11146.00
11180.00
11186.00
11184.00
11144.00
11148.00
11187.00
11218.00
11196.00
11144.00
11137.00
11169.00
11201.00
11199.00
11162.00
11148.00
11184.00
11220.00
11195.00
11150.00
11128.00
11161.00
11193.00
11195.00
11171.00
11136.00
11165.00
11192.00
11195.00
11177.00
11137.00
11155.00
11196.00
11202.00
11168.00
11147.00
11153.00
11180.00
11191.00
11189.00
11138.00
11149.00
11180.00
11199.00
11160.00
11137.00
11163.00
11171.00
11203.00
11183.00
11135.00
11127.00
11145.00
11188.00
11161.00
11134.00
11113.00
11146.00
11181.00
11186.00
11136.00
11129.00
11152.00
11178.00
11173.00
11123.00
11117.00
11127.00
11175.00
11172.00
11150.00
11124.00
11145.00
11185.00
11193.00
11151.00
11107.00
11122.00
11165.00
11181.00
11134.00
11111.00
11126.00
11165.00
11182.00
11154.00
11113.00
11117.00
11152.00
11192.00
11167.00
11133.00
11117.00
11148.00
11178.00
11162.00
11127.00
11097.00
11142.00
11160.00
11162.00
11122.00
11111.00
11146.00
11157.00
11167.00
11117.00
11103.00
11138.00
11168.00
11159.00
11118.00
11109.00
11128.00
11168.00
11161.00
11141.00
11121.00
11125.00
11161.00
11160.00
11130.00
11115.00
11129.00
11169.00
11168.00
11149.00
11109.00
11137.00
11160.00
11179.00
11141.00
11109.00
11116.00
11163.00
11191.00
11171.00
11131.00
11131.00
11163.00
11184.00
11163.00
11114.00
11126.00
11137.00
11167.00
11155.00
11123.00
11131.00
11150.00
11179.00
11178.00
11138.00
11118.00
11153.00
11185.00
11178.00
11140.00
11116.00
11150.00
11158.00
11172.00
11142.00
11103.00
11137.00
11175.00
11182.00
11148.00
11099.00
11117.00
11167.00
11181.00
11153.00
11130.00
11124.00
11173.00
11181.00
11159.00
11105.00
11114.00
11160.00
11185.00
11165.00
11119.00
11126.00
11161.00
11191.00
11170.00
11122.00
11110.00
11148.00
11174.00
11168.00
11128.00
11111.00
11151.00
11195.00
11185.00
11143.00
11122.00
11142.00
11181.00
11176.00
11128.00
11108.00
11139.00
11181.00
11163.00
11144.00
11107.00
11130.00
11166.00
11178.00
11126.00
11104.00
11129.00
11183.00
11197.00
11160.00
11129.00
11136.00
11165.00
11175.00
11168.00
11102.00
11128.00
11163.00
11198.00
11169.00
11133.00
11135.00
11172.00
11193.00
11187.00
11132.00
11137.00
11167.00
11203.00
11192.00
11151.00
11159.00
11174.00
11209.00
11208.00
11166.00
11136.00
11168.00
11201.00
11197.00
11149.00
11132.00
11162.00
11194.00
11203.00
11153.00
11122.00
11157.00
11186.00
11208.00
11169.00
11134.00
11138.00
11188.00
11215.00
11178.00
11119.00
11154.00
11195.00
11208.00
11174.00
11132.00
11147.00
11203.00
11223.00
11210.00
11160.00
11162.00
11223.00
11263.00
11257.00
11261.00
11280.00
11369.00
11469.00
11513.00
11546.00
11641.00
11743.00
11857.00
11914.00
11943.00
11985.00
12106.00
12213.00
12284.00
12337.00
12398.00
12567.00
12739.00
12891.00
13019.00
13129.00
13282.00
13462.00
13619.00
13734.00
13861.00
14049.00
14227.00
14342.00
14382.00
14420.00
14486.00
14548.00
14590.00
14580.00
14544.00
14562.00
14598.00
14632.00
14601.00
14545.00
14543.00
14579.00
14582.00
14553.00
14514.00
14505.00
14507.00
14528.00
14506.00
14463.00
14447.00
14482.00
14502.00
14484.00
14441.00
14440.00
14448.00
14489.00
14474.00
14434.00
14431.00
14464.00
14509.00
14506.00
14465.00
14442.00
14450.00
14517.00
14495.00
14475.00
14456.00
14487.00
14517.00
14512.00
14490.00
14446.00
14464.00
14501.00
14506.00
14486.00
14416.00
14425.00
14485.00
14484.00
14482.00
14432.00
14435.00
14461.00
14479.00
14446.00
14402.00
14393.00
14427.00
14465.00
14440.00
14397.00
14411.00
14438.00
14456.00
14432.00
14398.00
14381.00
14408.00
14450.00
14454.00
14421.00
14403.00
14435.00
14472.00
14460.00
14431.00
14410.00
14434.00
14470.00
14466.00
14440.00
14397.00
14442.00
14479.00
14483.00
14446.00
14416.00
14437.00
14475.00
14492.00
14453.00
14423.00
14447.00
14484.00
14489.00
14467.00
14428.00
14464.00
14501.00
14517.00
14492.00
14449.00
14449.00
14496.00
14519.00
14506.00
14456.00
14452.00
14479.00
14496.00
14483.00
14452.00
14437.00
14490.00
14496.00
14498.00
14450.00
14451.00
14470.00
14507.00
14493.00
14453.00
14420.00
14449.00
14479.00
14484.00
14442.00
14431.00
14451.00
14499.00
14512.00
14466.00
14429.00
14441.00
14476.00
14487.00
14454.00
14431.00
14436.00
14490.00
14487.00
14478.00
14432.00
14443.00
14474.00
14487.00
14465.00
14437.00
14443.00
14471.00
14501.00
14470.00
14430.00
14430.00
14463.00
14486.00
14468.00
14428.00
14417.00
14459.00
14490.00
14478.00
14431.00
14426.00
14450.00
14470.00
14453.00
14408.00
14401.00
14462.00
14465.00
14470.00
14418.00
14406.00
14441.00
14481.00
14475.00
14414.00
14394.00
14428.00
14463.00
14463.00
14420.00
14389.00
14416.00
14449.00
14473.00
14425.00
14392.00
14390.00
14442.00
14453.00
14421.00
14393.00
14402.00
14459.00
14463.00
14444.00
14397.00
14403.00
14446.00
14464.00
14424.00
14404.00
14382.00
14444.00
14469.00
14456.00
14397.00
14397.00
14439.00
14462.00
14446.00
14405.00
14400.00
14420.00
14459.00
14452.00
14411.00
14404.00
14442.00
14463.00
14450.00
14396.00
14387.00
14415.00
14450.00
14445.00
14421.00
14405.00
14440.00
14466.00
14453.00
14422.00
14390.00
14419.00
14441.00
14460.00
14407.00
14384.00
14408.00
14443.00
14447.00
14427.00
14384.00
14393.00
14449.00
14444.00
14427.00
14371.00
14401.00
14435.00
14470.00
14446.00
14391.00
14396.00
14444.00
14461.00
14436.00
14374.00
14392.00
14440.00
14467.00
14440.00
14409.00
14406.00
14452.00
14465.00
14445.00
14420.00
14389.00
14440.00
14466.00
14460.00
14400.00
14413.00
14435.00
14483.00
14463.00
14422.00
14394.00
14435.00
14468.00
14477.00
14444.00
14420.00
14455.00
14478.00
14485.00
14443.00
14409.00
14417.00
14457.00
14468.00
14425.00
14405.00
14442.00
14481.00
14488.00
14467.00
14430.00
14439.00
14479.00
14510.00
14475.00
14416.00
14440.00
14477.00
14517.00
14478.00
14441.00
14452.00
14480.00
14506.00
14467.00
14439.00
14436.00
14483.00
14508.00
14471.00
14442.00
14448.00
14494.00
14501.00
14485.00
14446.00
14430.00
14473.00
14502.00
14476.00
14450.00
14439.00
14466.00
14486.00
14471.00
14444.00
14427.00
14459.00
14485.00
14482.00
14439.00
14437.00
14443.00
14496.00
14501.00
14461.00
14447.00
14464.00
14488.00
14493.00
14461.00
14424.00
14431.00
14491.00
14493.00
14456.00
14424.00
14427.00
14466.00
14482.00
14443.00
14414.00
14404.00
14468.00
14496.00
14479.00
14431.00
14435.00
14470.00
14489.00
14466.00
14423.00
14431.00
14461.00
14491.00
14465.00
14424.00
14430.00
14460.00
14481.00
14469.00
14430.00
14422.00
14443.00
14478.00
14473.00
14402.00
14415.00
14439.00
14468.00
14468.00
14460.00
14411.00
14452.00
14486.00
14473.00
14440.00
14420.00
14451.00
14495.00
14501.00
14472.00
14424.00
14453.00
14491.00
14493.00
14459.00
14431.00
14437.00
14467.00
14492.00
14466.00
14430.00
14446.00
14492.00
14508.00
14480.00
14441.00
14446.00
14483.00
14509.00
14469.00
14439.00
14424.00
14478.00
14510.00
14496.00
14433.00
14437.00
14472.00
14500.00
14477.00
14438.00
14426.00
14463.00
14492.00
14492.00
14437.00
14430.00
14456.00
14503.00
14494.00
14431.00
14426.00
14458.00
14508.00
14472.00
14460.00
14442.00
14449.00
14508.00
14482.00
14448.00
14424.00
14447.00
14482.00
14494.00
14487.00
14428.00
14468.00
14510.00
14511.00
14484.00
14441.00
14454.00
14507.00
14498.00
14467.00
14422.00
14442.00
14485.00
14503.00
14475.00
14433.00
14464.00
14487.00
14517.00
14495.00
14455.00
14457.00
14529.00
14529.00
14522.00
14486.00
14505.00
14540.00
14583.00
14593.00
14565.00
14593.00
14659.00
14756.00
14811.00
14841.00
14904.00
15023.00
15158.00
15255.00
15294.00
15365.00
15463.00
15597.00
15678.00
15731.00
15816.00
15919.00
16048.00
16125.00
16183.00
16225.00
16338.00
16422.00
16464.00
16468.00
16474.00
16521.00
16589.00
16620.00
16617.00
16605.00
16637.00
16699.00
16717.00
16666.00
16655.00
16679.00
16742.00
16758.00
16739.00
16703.00
16705.00
16753.00
16765.00
16757.00
16701.00
16707.00
16747.00
16761.00
16761.00
16726.00
16716.00
16763.00
16778.00
16780.00
16730.00
16722.00
16745.00
16776.00
16761.00
16722.00
16721.00
16759.00
16786.00
16775.00
16736.00
16733.00
16753.00
16783.00
16770.00
16723.00
16721.00
16768.00
16778.00
16759.00
16739.00
16715.00
16735.00
16775.00
16774.00
16758.00
16725.00
16746.00
16788.00
16792.00
16766.00
16724.00
16744.00
16761.00
16786.00
16761.00
16726.00
16743.00
16773.00
16761.00
16758.00
16732.00
16754.00
16797.00
16787.00
16767.00
16720.00
16731.00
16752.00
16795.00
16755.00
16724.00
16735.00
16748.00
16795.00
16767.00
16726.00
16740.00
16752.00
16781.00
16788.00
16740.00
16738.00
16764.00
16797.00
16790.00
16759.00
16724.00
16756.00
16796.00
16791.00
16775.00
16743.00
16756.00
16794.00
16802.00
16765.00
16746.00
16765.00
16805.00
16802.00
16787.00
16756.00
16759.00
16796.00
16797.00
16773.00
16721.00
16776.00
16781.00
16803.00
16793.00
16740.00
16761.00
16786.00
16804.00
16787.00
16749.00
16744.00
16786.00
16802.00
16784.00
16744.00
16747.00
16793.00
16803.00
16789.00
16746.00
16761.00
16768.00
16808.00
16788.00
16744.00
16745.00
16792.00
16821.00
16812.00
16784.00
16777.00
16786.00
16823.00
16807.00
16784.00
16762.00
16772.00
16832.00
16825.00
16790.00
16774.00
16802.00
16808.00
16824.00
16799.00
16759.00
16786.00
16820.00
16813.00
16811.00
16766.00
16791.00
16820.00
16815.00
16794.00
16761.00
16766.00
16812.00
16812.00
16807.00
16760.00
16791.00
16821.00
16815.00
16787.00
16764.00
16768.00
16797.00
16818.00
16805.00
16764.00
16763.00
16812.00
16843.00
16820.00
16797.00
16793.00
16830.00
16839.00
16814.00
16787.00
16781.00
16817.00
16829.00
16839.00
16798.00
16778.00
16811.00
16839.00
16837.00
16794.00
16780.00
16798.00
16834.00
16839.00
16805.00
16803.00
16796.00
16832.00
16829.00
16799.00
16768.00
16782.00
16847.00
16855.00
16805.00
16798.00
16798.00
16835.00
16844.00
16822.00
16791.00
16794.00
16848.00
16841.00
16821.00
16778.00
16806.00
16839.00
16862.00
16834.00
16784.00
16797.00
16832.00
16842.00
16849.00
16771.00
16794.00
16823.00
16854.00
16834.00
16792.00
16790.00
16814.00
16845.00
16833.00
16787.00
16779.00
16829.00
16843.00
16832.00
16785.00
16775.00
16797.00
16847.00
16813.00
16798.00
16780.00
16819.00
16844.00
16861.00
16821.00
16820.00
16818.00
16853.00
16843.00
16824.00
16797.00
16811.00
16885.00
16875.00
16840.00
16830.00
16827.00
16845.00
16852.00
16826.00
16799.00
16796.00
16841.00
16872.00
16844.00
16826.00
16817.00
16856.00
16869.00
16856.00
16802.00
16814.00
16842.00
16882.00
16877.00
16831.00
16830.00
16863.00
16863.00
16844.00
16810.00
16824.00
16850.00
16853.00
16842.00
16812.00
16817.00
16844.00
16870.00
16867.00
16814.00
16816.00
16841.00
16868.00
16857.00
16807.00
16810.00
16817.00
16852.00
16876.00
16829.00
16802.00
16842.00
16875.00
16870.00
16832.00
16806.00
16821.00
16857.00
16846.00
16828.00
16811.00
16825.00
16876.00
16855.00
16859.00
16817.00
16817.00
16840.00
16867.00
16849.00
16814.00
16830.00
16882.00
16884.00
16835.00
16795.00
16829.00
16856.00
16856.00
16842.00
16815.00
16818.00
16869.00
16875.00
16862.00
16825.00
16824.00
16843.00
16877.00
16873.00
16823.00
16809.00
16856.00
16868.00
16860.00
16821.00
16824.00
16863.00
16887.00
16859.00
16838.00
16815.00
16850.00
16863.00
16855.00
16840.00
16812.00
16834.00
16882.00
16868.00
16837.00
16810.00
16857.00
16870.00
16878.00
16834.00
16814.00
16835.00
16874.00
16901.00
16845.00
16812.00
16842.00
16859.00
16876.00
16852.00
16811.00
