43408.00
43416.00
43387.00
43358.00
43381.00
43392.00
43414.00
43373.00
43365.00
43390.00
43421.00
43408.00
43389.00
43387.00
43386.00
43426.00
43414.00
43402.00
43391.00
43412.00
43443.00
43449.00
43432.00
43415.00
43420.00
43464.00
43469.00
43441.00
43415.00
43443.00
43496.00
43496.00
43479.00
43450.00
43456.00
43497.00
43490.00
43496.00
43457.00
43474.00
43500.00
43483.00
43484.00
43453.00
43480.00
43506.00
43499.00
43478.00
43443.00
43462.00
43487.00
43496.00
43474.00
43451.00
43459.00
43493.00
43508.00
43480.00
43454.00
43456.00
43502.00
43502.00
43515.00
43474.00
43476.00
43483.00
43507.00
43476.00
43468.00
43467.00
43488.00
43516.00
43498.00
43443.00
43465.00
43479.00
43511.00
43479.00
43451.00
43441.00
43479.00
43520.00
43478.00
43457.00
43437.00
43488.00
43502.00
43479.00
43448.00
43439.00
43483.00
43502.00
43473.00
43467.00
43459.00
43472.00
43496.00
43491.00
43469.00
43440.00
43469.00
43497.00
43476.00
43467.00
43446.00
43473.00
43482.00
43486.00
43448.00
43431.00
43440.00
43472.00
43471.00
43425.00
43422.00
43448.00
43481.00
43482.00
43443.00
43418.00
43448.00
43477.00
43461.00
43448.00
43414.00
43420.00
43464.00
43448.00
43411.00
43406.00
43416.00
43454.00
43446.00
43421.00
43387.00
43419.00
43454.00
43451.00
43415.00
43389.00
43414.00
43440.00
43450.00
43401.00
43384.00
43396.00
43431.00
43420.00
43397.00
43372.00
43379.00
43422.00
43419.00
43404.00
43365.00
43371.00
43422.00
43417.00
43393.00
43355.00
43375.00
43406.00
43415.00
43384.00
43362.00
43384.00
43413.00
43407.00
43405.00
43380.00
43385.00
43414.00
43417.00
43389.00
43378.00
43363.00
43411.00
43414.00
43393.00
43343.00
43355.00
43380.00
43408.00
43386.00
43346.00
43367.00
43394.00
43405.00
43388.00
43355.00
43349.00
43379.00
43410.00
43373.00
43352.00
43335.00
43379.00
43408.00
43374.00
43339.00
43339.00
43364.00
43398.00
43366.00
43351.00
43329.00
43365.00
43392.00
43378.00
43354.00
43333.00
43349.00
43393.00
43379.00
43341.00
43334.00
43356.00
43399.00
43388.00
43367.00
43353.00
43369.00
43409.00
43383.00
43355.00
43352.00
43373.00
43404.00
43388.00
43368.00
43360.00
43384.00
43402.00
43382.00
43351.00
43336.00
43370.00
43389.00
43377.00
43360.00
43344.00
43369.00
43400.00
43387.00
43360.00
43327.00
43358.00
43370.00
43367.00
43353.00
43320.00
43341.00
43368.00
43371.00
43333.00
43315.00
43336.00
43366.00
43367.00
43345.00
43306.00
43338.00
43374.00
43380.00
43364.00
43338.00
43348.00
43400.00
43395.00
43369.00
43337.00
43362.00
43397.00
43402.00
43373.00
43338.00
43348.00
43391.00
43420.00
43386.00
43364.00
43347.00
43370.00
43390.00
43389.00
43356.00
43354.00
43390.00
43396.00
43377.00
43341.00
43353.00
43378.00
43403.00
43371.00
43334.00
43342.00
43362.00
43398.00
43363.00
43335.00
43349.00
43371.00
43379.00
43355.00
43335.00
43327.00
43351.00
43372.00
43359.00
43325.00
43315.00
43351.00
43371.00
43363.00
43332.00
43327.00
43347.00
43371.00
43354.00
43332.00
43325.00
43370.00
43384.00
43377.00
43356.00
43337.00
43361.00
43373.00
43362.00
43324.00
43329.00
43341.00
43390.00
43357.00
43339.00
43328.00
43344.00
43371.00
43350.00
43335.00
43319.00
43342.00
43361.00
43358.00
43321.00
43314.00
43324.00
43358.00
43339.00
43324.00
43305.00
43321.00
43349.00
43335.00
43319.00
43303.00
43316.00
43345.00
43353.00
43317.00
43304.00
43305.00
43358.00
43354.00
43321.00
43286.00
43308.00
43354.00
43354.00
43322.00
43297.00
43315.00
43354.00
43353.00
43335.00
43315.00
43317.00
43369.00
43358.00
43347.00
43334.00
43343.00
43372.00
43368.00
43331.00
43313.00
43321.00
43358.00
43365.00
43338.00
43327.00
43305.00
43371.00
43377.00
43350.00
43326.00
43324.00
43359.00
43359.00
43346.00
43305.00
43319.00
43355.00
43365.00
43345.00
43307.00
43303.00
43329.00
43360.00
43341.00
43307.00
43294.00
43331.00
43336.00
43324.00
43310.00
43315.00
43334.00
43350.00
43344.00
43310.00
43312.00
43336.00
43347.00
43340.00
43302.00
43310.00
43327.00
43372.00
43355.00
43310.00
43296.00
43346.00
43373.00
43354.00
43316.00
43293.00
43319.00
43361.00
43351.00
43323.00
43306.00
43352.00
43398.00
43351.00
43352.00
43341.00
43357.00
43409.00
43389.00
43351.00
43333.00
43370.00
43405.00
43401.00
43383.00
43341.00
43370.00
43406.00
43402.00
43360.00
43347.00
43362.00
43404.00
43384.00
43350.00
43331.00
43362.00
43367.00
43386.00
43338.00
43330.00
43351.00
43387.00
43394.00
43352.00
43326.00
43345.00
43397.00
43373.00
43364.00
43331.00
43345.00
43372.00
43378.00
43341.00
43321.00
43325.00
43345.00
43352.00
43318.00
43301.00
43308.00
43346.00
43365.00
43325.00
43301.00
43309.00
43357.00
43352.00
43329.00
43322.00
43308.00
43352.00
43366.00
43345.00
43317.00
43323.00
43351.00
43356.00
43346.00
43313.00
43314.00
43360.00
43376.00
43355.00
43324.00
43316.00
43363.00
43394.00
43357.00
43329.00
43325.00
43360.00
43362.00
43356.00
43323.00
43342.00
43345.00
43381.00
43356.00
43320.00
43319.00
43338.00
43372.00
43370.00
43339.00
43321.00
43352.00
43369.00
43355.00
43315.00
43304.00
43347.00
43381.00
43344.00
43323.00
43319.00
43341.00
43373.00
43373.00
43334.00
43321.00
43354.00
43380.00
43378.00
43350.00
43344.00
43360.00
43399.00
43373.00
43340.00
43352.00
43363.00
43390.00
43373.00
43335.00
43331.00
43356.00
43379.00
43380.00
43347.00
43340.00
43345.00
43388.00
43377.00
43344.00
43326.00
43363.00
43391.00
43381.00
43348.00
43318.00
43346.00
43391.00
43383.00
43356.00
43336.00
43350.00
43380.00
43391.00
43365.00
43362.00
43361.00
43394.00
43415.00
43385.00
43376.00
43379.00
43406.00
43404.00
43389.00
43360.00
43376.00
43408.00
43415.00
43384.00
43354.00
43372.00
43396.00
43396.00
43374.00
43353.00
43364.00
43378.00
43399.00
43371.00
43340.00
43358.00
43385.00
43400.00
43370.00
43329.00
43339.00
43382.00
43391.00
43378.00
43345.00
43354.00
43383.00
43414.00
43381.00
43351.00
43350.00
43385.00
43413.00
43391.00
43359.00
43349.00
43373.00
43428.00
43402.00
43349.00
43357.00
43382.00
43407.00
43404.00
43359.00
43365.00
43394.00
43418.00
43404.00
43357.00
43357.00
43380.00
43414.00
43399.00
43353.00
43354.00
43399.00
43418.00
43410.00
43379.00
43355.00
43371.00
43406.00
43396.00
43362.00
43352.00
43379.00
43428.00
43402.00
43371.00
43358.00
43377.00
43417.00
43397.00
43381.00
43363.00
43388.00
43398.00
43403.00
43379.00
43359.00
43384.00
43418.00
43403.00
43377.00
43368.00
43383.00
43402.00
43412.00
43389.00
43366.00
43377.00
43415.00
43422.00
43382.00
43345.00
43364.00
43398.00
43395.00
43361.00
43334.00
43342.00
43392.00
43393.00
43364.00
43330.00
43344.00
43374.00
43368.00
43336.00
43309.00
43326.00
43369.00
43379.00
43344.00
43325.00
43341.00
43386.00
43375.00
43350.00
43335.00
43354.00
43374.00
43384.00
43350.00
43333.00
43356.00
43371.00
43399.00
43392.00
43337.00
43348.00
43386.00
43384.00
43360.00
43330.00
43347.00
43369.00
43378.00
43366.00
43325.00
43342.00
43382.00
43396.00
43362.00
43334.00
43352.00
43382.00
43391.00
43374.00
43333.00
43336.00
43366.00
43399.00
43365.00
43319.00
43325.00
43361.00
43389.00
43366.00
43348.00
43332.00
43374.00
43404.00
43367.00
43353.00
43339.00
43367.00
43382.00
43364.00
43350.00
43343.00
43358.00
43399.00
43404.00
43358.00
43340.00
43356.00
43431.00
43395.00
43381.00
43359.00
43375.00
43404.00
43393.00
43363.00
43356.00
43377.00
43426.00
43410.00
43359.00
43362.00
43374.00
43413.00
43413.00
43364.00
43354.00
43366.00
43397.00
43402.00
43348.00
43337.00
43370.00
43394.00
43396.00
43350.00
43334.00
43357.00
43390.00
43383.00
43352.00
43328.00
43354.00
43378.00
43385.00
43344.00
43335.00
43356.00
43383.00
43387.00
43359.00
43341.00
43369.00
43383.00
43384.00
43356.00
43336.00
43350.00
43389.00
43365.00
43348.00
43334.00
43345.00
43378.00
43392.00
43370.00
43342.00
43345.00
43397.00
43388.00
43375.00
43320.00
43344.00
43360.00
43373.00
43367.00
43334.00
43340.00
43360.00
43374.00
43346.00
43335.00
43318.00
43358.00
43355.00
43351.00
43298.00
43309.00
43358.00
43364.00
43351.00
43314.00
43318.00
43346.00
43373.00
43334.00
43306.00
43307.00
43356.00
43365.00
43353.00
43310.00
43311.00
43348.00
43369.00
43366.00
43322.00
43319.00
43353.00
43369.00
43343.00
43318.00
43331.00
43339.00
43368.00
43354.00
43320.00
43328.00
43341.00
43366.00
43370.00
43328.00
43317.00
43361.00
43387.00
43374.00
43346.00
43336.00
43360.00
43374.00
43371.00
43328.00
43320.00
43357.00
43376.00
43360.00
43350.00
43323.00
43348.00
43376.00
43366.00
43341.00
43312.00
43328.00
43374.00
43371.00
43340.00
43331.00
43341.00
43392.00
43383.00
43363.00
43329.00
43347.00
43378.00
43376.00
43360.00
43319.00
43355.00
43376.00
43390.00
43352.00
43340.00
43353.00
43381.00
43381.00
43345.00
43331.00
43353.00
43392.00
43382.00
43362.00
43329.00
43340.00
43400.00
43386.00
43349.00
43345.00
43343.00
43388.00
43391.00
43375.00
43345.00
43361.00
43382.00
43376.00
43346.00
43327.00
43331.00
43362.00
43365.00
43341.00
43320.00
43332.00
43368.00
43360.00
43329.00
43315.00
43325.00
43355.00
43358.00
43336.00
43320.00
43310.00
43349.00
43355.00
43334.00
43295.00
43297.00
43345.00
43342.00
43328.00
43305.00
43310.00
43342.00
43359.00
43336.00
43307.00
43318.00
43351.00
43362.00
43332.00
43306.00
43303.00
43347.00
43375.00
43361.00
43325.00
43325.00
43352.00
43378.00
43377.00
43336.00
43333.00
43371.00
43378.00
43364.00
43342.00
43337.00
43364.00
43381.00
43380.00
43342.00
43338.00
43362.00
43406.00
43381.00
43338.00
43346.00
43357.00
43393.00
43362.00
43338.00
43330.00
43353.00
43383.00
43384.00
43350.00
43346.00
43351.00
43389.00
43394.00
43337.00
43318.00
43337.00
43391.00
43374.00
43359.00
43335.00
43360.00
43411.00
43376.00
43344.00
43333.00
43348.00
43382.00
43377.00
43339.00
43341.00
43353.00
43380.00
43369.00
43354.00
43332.00
43354.00
43397.00
43397.00
43341.00
43335.00
43353.00
43399.00
43366.00
43362.00
43330.00
43340.00
43374.00
43356.00
43341.00
43327.00
43328.00
43359.00
43369.00
43347.00
43315.00
43325.00
43381.00
43364.00
43337.00
43318.00
43324.00
43375.00
43363.00
43330.00
43312.00
43312.00
43361.00
43373.00
43356.00
43329.00
43329.00
43370.00
43364.00
43355.00
43315.00
43343.00
43364.00
43365.00
43347.00
43323.00
43343.00
43370.00
43385.00
43352.00
43315.00
43333.00
43377.00
43386.00
43361.00
43339.00
43334.00
43378.00
43382.00
43374.00
43339.00
43347.00
43393.00
43393.00
43363.00
43331.00
43327.00
43381.00
43393.00
43374.00
43349.00
43336.00
43375.00
43381.00
43361.00
43335.00
43341.00
43370.00
43391.00
43364.00
43346.00
43325.00
43359.00
43387.00
43355.00
43330.00
43334.00
43355.00
43362.00
43359.00
43325.00
43343.00
43364.00
43389.00
43373.00
43328.00
43331.00
43363.00
43383.00
43379.00
43342.00
43334.00
43372.00
43395.00
43376.00
43345.00
43347.00
43357.00
43390.00
43363.00
43341.00
43323.00
43341.00
43392.00
43359.00
43346.00
43347.00
43356.00
43403.00
43373.00
43343.00
43339.00
43363.00
43411.00
43384.00
43351.00
43334.00
43354.00
43397.00
43376.00
43330.00
43324.00
43334.00
43374.00
43371.00
43333.00
43324.00
43345.00
43384.00
43344.00
43334.00
43327.00
43371.00
43385.00
43384.00
43326.00
43324.00
43337.00
43369.00
43369.00
43335.00
43329.00
43339.00
43383.00
43373.00
43338.00
43324.00
43330.00
43386.00
43378.00
43362.00
43335.00
43347.00
43382.00
43374.00
43349.00
43337.00
43339.00
43367.00
43381.00
43342.00
43322.00
43329.00
43380.00
43376.00
43353.00
43334.00
43333.00
43367.00
43367.00
43327.00
43312.00
43316.00
43363.00
43370.00
43336.00
43312.00
43333.00
43355.00
43380.00
43345.00
43306.00
43319.00
43347.00
43370.00
43333.00
43314.00
43310.00
43357.00
43380.00
43349.00
43308.00
43328.00
43356.00
43370.00
43339.00
43315.00
43325.00
43377.00
43370.00
43350.00
43315.00
43326.00
43351.00
43389.00
43351.00
43333.00
43314.00
43359.00
43380.00
43357.00
43333.00
43335.00
43359.00
43377.00
43351.00
43329.00
43309.00
43349.00
43368.00
43352.00
43313.00
43318.00
43343.00
43376.00
43363.00
43327.00
43323.00
43339.00
43366.00
43342.00
43324.00
43295.00
43349.00
43364.00
43343.00
43310.00
43314.00
43341.00
43369.00
43347.00
43334.00
43328.00
43343.00
43375.00
43363.00
43332.00
43325.00
43348.00
43375.00
43357.00
43330.00
43311.00
43350.00
43379.00
43361.00
43333.00
43315.00
43345.00
43371.00
43367.00
43325.00
43311.00
43344.00
43382.00
43383.00
43357.00
43337.00
43350.00
43383.00
43388.00
43341.00
43340.00
43369.00
43407.00
43414.00
43403.00
43356.00
43404.00
43446.00
43453.00
43414.00
43408.00
43437.00
43464.00
43494.00
43472.00
43472.00
43490.00
43548.00
43563.00
43540.00
43543.00
43563.00
43630.00
43665.00
43646.00
43663.00
43696.00
43770.00
43800.00
43813.00
43834.00
43891.00
43971.00
44016.00
44022.00
44038.00
44079.00
44159.00
44215.00
44219.00
44247.00
44312.00
44380.00
44450.00
44477.00
44497.00
44572.00
44657.00
44720.00
44744.00
44780.00
44847.00
44943.00
45007.00
45041.00
45049.00
45119.00
45192.00
45232.00
45266.00
45270.00
45321.00
45398.00
45447.00
45474.00
45479.00
45520.00
45600.00
45628.00
45631.00
45637.00
45652.00
45728.00
45760.00
45747.00
45740.00
45776.00
45830.00
45855.00
45847.00
45820.00
45850.00
45885.00
45906.00
45881.00
45859.00
45855.00
45891.00
45915.00
45895.00
45862.00
45870.00
45910.00
45921.00
45897.00
45868.00
45880.00
45906.00
45921.00
45908.00
45864.00
45871.00
45884.00
45893.00
45868.00
45835.00
45846.00
45867.00
45874.00
45855.00
45815.00
45796.00
45830.00
45846.00
45834.00
45786.00
45783.00
45802.00
45821.00
45793.00
45761.00
45749.00
45770.00
45795.00
45759.00
45740.00
45741.00
45769.00
45793.00
45750.00
45743.00
45728.00
45761.00
45778.00
45767.00
45744.00
45725.00
45748.00
45773.00
45767.00
45726.00
45724.00
45742.00
45784.00
45762.00
45733.00
45719.00
45732.00
45766.00
45748.00
45728.00
45717.00
45727.00
45740.00
45733.00
45707.00
45697.00
45718.00
45746.00
45731.00
45703.00
45688.00
45690.00
45751.00
45725.00
45703.00
45683.00
45681.00
45739.00
45708.00
45684.00
45660.00
45692.00
45720.00
45719.00
45688.00
45657.00
45682.00
45710.00
45702.00
45687.00
45660.00
45669.00
45712.00
45694.00
45675.00
45650.00
45674.00
45715.00
45709.00
45673.00
45652.00
45675.00
45686.00
45688.00
45666.00
45656.00
45664.00
45691.00
45685.00
45666.00
45649.00
45656.00
45706.00
45698.00
45670.00
45654.00
45662.00
45702.00
45692.00
45675.00
45652.00
45659.00
45683.00
45703.00
45682.00
45647.00
45649.00
45692.00
45705.00
45681.00
45650.00
45655.00
45689.00
45713.00
45667.00
45636.00
45635.00
45672.00
45705.00
45664.00
45622.00
45643.00
45662.00
45689.00
45646.00
45640.00
45625.00
45659.00
45675.00
45657.00
45620.00
45620.00
45667.00
45662.00
45637.00
45623.00
45612.00
45656.00
45673.00
45649.00
45627.00
45616.00
45662.00
45671.00
45648.00
45616.00
45629.00
45648.00
45670.00
45641.00
45622.00
45613.00
45650.00
45652.00
45642.00
45607.00
45605.00
45638.00
45665.00
45641.00
45613.00
45613.00
45639.00
45659.00
45643.00
45612.00
45614.00
45637.00
45667.00
45635.00
45626.00
45606.00
45635.00
45648.00
45643.00
45610.00
45613.00
45634.00
45672.00
45650.00
45625.00
45590.00
45627.00
45661.00
45640.00
45593.00
45608.00
45628.00
45659.00
45644.00
45606.00
45615.00
45633.00
45667.00
45657.00
45623.00
45619.00
45632.00
45664.00
45669.00
45609.00
45618.00
45637.00
45677.00
45663.00
45635.00
45605.00
45633.00
45657.00
45650.00
45608.00
45594.00
45629.00
45651.00
45649.00
45625.00
45613.00
45636.00
45667.00
45670.00
45633.00
45609.00
45614.00
45665.00
45660.00
45642.00
45607.00
45621.00
45671.00
45652.00
45636.00
45600.00
45618.00
45657.00
45655.00
45616.00
45598.00
45601.00
45632.00
45636.00
45599.00
45582.00
45600.00
45631.00
45626.00
45596.00
45584.00
45601.00
45612.00
45627.00
45609.00
45576.00
45598.00
45628.00
45644.00
45602.00
45581.00
45600.00
45631.00
45628.00
45610.00
45580.00
45602.00
45644.00
45634.00
45616.00
45575.00
45598.00
45624.00
45635.00
45615.00
45603.00
45585.00
45628.00
45644.00
45627.00
45598.00
45606.00
45632.00
45646.00
45630.00
45591.00
45604.00
45647.00
45649.00
45626.00
45597.00
45598.00
45635.00
45632.00
45629.00
45588.00
45597.00
45634.00
45652.00
45635.00
45598.00
45603.00
45626.00
45638.00
45628.00
45601.00
45594.00
45626.00
45660.00
45631.00
45614.00
45605.00
45631.00
45659.00
45629.00
45600.00
45604.00
45630.00
45664.00
45636.00
45595.00
45586.00
45630.00
45654.00
45645.00
45599.00
45603.00
45622.00
45655.00
45634.00
45611.00
45606.00
45636.00
45659.00
45641.00
45601.00
45600.00
45629.00
45638.00
45645.00
45605.00
45598.00
45629.00
45647.00
45625.00
45603.00
45595.00
45621.00
45646.00
45646.00
45604.00
45596.00
45623.00
45664.00
45642.00
45607.00
45592.00
45618.00
45661.00
45641.00
45629.00
45607.00
45621.00
45663.00
45644.00
45617.00
45602.00
45633.00
45649.00
45631.00
45593.00
45592.00
45620.00
45654.00
45628.00
45617.00
45614.00
45624.00
45650.00
45640.00
45616.00
45617.00
45631.00
45643.00
45641.00
45636.00
45613.00
45627.00
45669.00
45661.00
45635.00
45611.00
45638.00
45668.00
45674.00
45655.00
45645.00
45661.00
45731.00
45738.00
45736.00
45727.00
45766.00
45828.00
45851.00
45840.00
45843.00
45891.00
45951.00
46005.00
46014.00
46027.00
46076.00
46166.00
46208.00
46219.00
46230.00
46281.00
46368.00
46418.00
46433.00
46460.00
46511.00
46589.00
46632.00
46658.00
46678.00
46725.00
46805.00
46861.00
46880.00
46895.00
46940.00
47013.00
47081.00
47077.00
47096.00
47136.00
47216.00
47274.00
47275.00
47278.00
47307.00
47371.00
47408.00
47405.00
47399.00
47421.00
47481.00
47512.00
47480.00
47482.00
47482.00
47549.00
47573.00
47562.00
47545.00
47557.00
47582.00
47623.00
47611.00
47577.00
47591.00
47645.00
47666.00
47641.00
47597.00
47611.00
47642.00
47667.00
47647.00
47601.00
47615.00
47653.00
47663.00
47642.00
47616.00
47619.00
47658.00
47675.00
47641.00
47599.00
47614.00
47641.00
47668.00
47645.00
47610.00
47601.00
47637.00
47647.00
47636.00
47591.00
47603.00
47625.00
47653.00
47634.00
47600.00
47601.00
47622.00
47656.00
47634.00
47616.00
47594.00
47634.00
47662.00
47647.00
47613.00
47596.00
47623.00
47671.00
47654.00
47611.00
47605.00
47643.00
47661.00
47631.00
47620.00
47602.00
47632.00
47671.00
47656.00
47628.00
47605.00
47633.00
47666.00
47649.00
47623.00
47624.00
47629.00
47652.00
47663.00
47634.00
47606.00
47638.00
47665.00
47663.00
47632.00
47623.00
47624.00
47675.00
47668.00
47643.00
47633.00
47629.00
47678.00
47672.00
47642.00
47622.00
47651.00
47704.00
47682.00
47658.00
47634.00
47655.00
47693.00
47688.00
47654.00
47643.00
47655.00
47696.00
47695.00
47666.00
47637.00
47659.00
47698.00
47696.00
47651.00
47631.00
47645.00
47678.00
47681.00
47648.00
47615.00
47632.00
47665.00
47668.00
47649.00
47624.00
47626.00
47671.00
47674.00
47639.00
47604.00
47613.00
47656.00
47650.00
47628.00
47600.00
47601.00
47643.00
47650.00
47628.00
47602.00
47608.00
47642.00
47653.00
47615.00
47593.00
47588.00
47614.00
47632.00
47604.00
47569.00
47585.00
47607.00
47635.00
47609.00
47577.00
47564.00
47604.00
47612.00
47601.00
47577.00
47572.00
47610.00
47630.00
47588.00
47571.00
47566.00
47601.00
47623.00
47594.00
47550.00
47561.00
47574.00
47608.00
47575.00
47545.00
47552.00
47581.00
47594.00
47575.00
47546.00
47533.00
47568.00
47589.00
47559.00
47528.00
47531.00
47557.00
47581.00
47558.00
47522.00
47526.00
47556.00
47572.00
47559.00
47533.00
47516.00
47552.00
47574.00
47562.00
47528.00
47508.00
47535.00
47568.00
47556.00
47518.00
47496.00
47531.00
47563.00
47553.00
47528.00
47523.00
47537.00
47562.00
47553.00
47517.00
47513.00
47539.00
47560.00
47559.00
47534.00
47495.00
47527.00
47564.00
47561.00
47514.00
47504.00
47537.00
47562.00
47547.00
47525.00
47521.00
47533.00
47572.00
47550.00
47534.00
47509.00
47520.00
47563.00
47565.00
47519.00
47496.00
47524.00
47565.00
47556.00
47512.00
47500.00
47516.00
47569.00
47556.00
47530.00
47505.00
47503.00
47550.00
47547.00
47518.00
47506.00
47518.00
47551.00
47553.00
47528.00
47486.00
47513.00
47547.00
47546.00
47516.00
47486.00
47494.00
47538.00
47544.00
47528.00
47492.00
47503.00
47554.00
47548.00
47525.00
47487.00
47504.00
47527.00
47548.00
47520.00
47484.00
47502.00
47527.00
47530.00
47510.00
47482.00
47488.00
47526.00
47538.00
47509.00
47476.00
47480.00
47508.00
47516.00
47498.00
47470.00
47475.00
47508.00
47518.00
47504.00
47450.00
47457.00
47489.00
47518.00
47480.00
47460.00
47450.00
47486.00
47517.00
47485.00
47448.00
47457.00
47472.00
47489.00
47484.00
47448.00
47458.00
47480.00
47522.00
47498.00
47465.00
47460.00
47496.00
47525.00
47517.00
47467.00
47479.00
47515.00
47542.00
47540.00
47499.00
47501.00
47526.00
47551.00
47547.00
47519.00
47523.00
47539.00
47578.00
47566.00
47546.00
47543.00
47573.00
47597.00
47597.00
47569.00
47568.00
47603.00
47645.00
47633.00
47617.00
47621.00
47650.00
47685.00
47681.00
47648.00
47645.00
47664.00
47716.00
47703.00
47677.00
47660.00
47686.00
47736.00
47734.00
47693.00
47681.00
47711.00
47746.00
47750.00
47714.00
47696.00
47715.00
47742.00
47748.00
47723.00
47709.00
47734.00
47766.00
47769.00
47737.00
47719.00
47741.00
47780.00
47794.00
47766.00
47735.00
47749.00
47802.00
47783.00
47756.00
47735.00
47762.00
47780.00
47792.00
47767.00
47743.00
47763.00
47800.00
47801.00
47768.00
47738.00
47744.00
47776.00
47797.00
47750.00
47725.00
47735.00
47767.00
47781.00
47762.00
47740.00
47736.00
47777.00
47778.00
47763.00
47723.00
47728.00
47771.00
47788.00
47767.00
47739.00
47753.00
47806.00
47834.00
47823.00
47801.00
47816.00
47848.00
47873.00
47882.00
47863.00
47878.00
47915.00
47943.00
47943.00
47908.00
47927.00
47952.00
47979.00
47990.00
47951.00
47974.00
48000.00
48041.00
48017.00
48001.00
48009.00
48048.00
48083.00
48074.00
48040.00
48037.00
48072.00
48118.00
48100.00
48069.00
48062.00
48087.00
48122.00
48113.00
48079.00
48073.00
48103.00
48128.00
48123.00
48078.00
48087.00
48105.00
48140.00
48128.00
48111.00
48090.00
48126.00
48163.00
48150.00
48132.00
48127.00
48157.00
48182.00
48176.00
48145.00
48131.00
48159.00
48199.00
48183.00
48154.00
48153.00
48181.00
48211.00
48199.00
48179.00
48166.00
48192.00
48225.00
48213.00
48196.00
48163.00
48176.00
48220.00
48213.00
48162.00
48164.00
48171.00
48210.00
48204.00
48172.00
48166.00
48175.00
48214.00
48220.00
48183.00
48164.00
48187.00
48212.00
48220.00
48185.00
48157.00
48178.00
48216.00
48224.00
48194.00
48175.00
48177.00
48201.00
48212.00
48185.00
48167.00
48164.00
48218.00
48208.00
48196.00
48166.00
48173.00
48209.00
48208.00
48180.00
48156.00
48163.00
48194.00
48208.00
48185.00
48145.00
48163.00
48195.00
48212.00
48187.00
48147.00
48153.00
48172.00
48200.00
48168.00
48148.00
48140.00
48191.00
48200.00
48174.00
48137.00
48150.00
48167.00
48186.00
48172.00
48143.00
48136.00
48168.00
48184.00
48165.00
48146.00
48140.00
48162.00
48187.00
48172.00
48149.00
48146.00
48168.00
48183.00
48177.00
48150.00
48139.00
48165.00
48192.00
48188.00
48124.00
48135.00
48165.00
48187.00
48172.00
48139.00
48131.00
48169.00
48193.00
48164.00
48142.00
48126.00
48152.00
48185.00
48163.00
48146.00
48124.00
48144.00
48172.00
48186.00
48142.00
48132.00
48151.00
48180.00
48178.00
48128.00
48122.00
48130.00
48170.00
48169.00
48149.00
48113.00
48144.00
48174.00
48165.00
48137.00
48130.00
48120.00
48163.00
48160.00
48136.00
48126.00
48138.00
48172.00
48166.00
48131.00
48129.00
48130.00
48172.00
48167.00
48147.00
48112.00
48124.00
48167.00
48173.00
48147.00
48122.00
48142.00
48169.00
48182.00
48157.00
48099.00
48137.00
48173.00
48181.00
48153.00
48120.00
48123.00
48150.00
48174.00
48140.00
48125.00
48130.00
48157.00
48175.00
48147.00
48114.00
48125.00
48155.00
48171.00
48145.00
48126.00
48122.00
48145.00
48167.00
48141.00
48108.00
48127.00
48164.00
48165.00
48149.00
48117.00
48125.00
48163.00
48170.00
48161.00
48125.00
48114.00
48140.00
48174.00
48148.00
48112.00
48107.00
48133.00
48163.00
48146.00
48116.00
48109.00
48135.00
48157.00
48145.00
48108.00
48104.00
48124.00
48162.00
48145.00
48117.00
48110.00
48115.00
48147.00
48149.00
48111.00
48107.00
48134.00
48156.00
48159.00
48111.00
48094.00
48118.00
48140.00
48143.00
48102.00
48093.00
48106.00
48151.00
48121.00
48088.00
48086.00
48101.00
48148.00
48130.00
48098.00
48076.00
48105.00
48139.00
48135.00
48099.00
48075.00
48122.00
48144.00
48138.00
48112.00
48091.00
48095.00
48139.00
48137.00
48109.00
48084.00
48098.00
48132.00
48138.00
48095.00
48088.00
48091.00
48133.00
48132.00
48095.00
48078.00
48091.00
48121.00
48122.00
48094.00
48080.00
48087.00
48127.00
48118.00
48105.00
48070.00
48086.00
48091.00
48131.00
48096.00
48083.00
48082.00
48119.00
48122.00
48114.00
48085.00
48076.00
48112.00
48127.00
48100.00
48088.00
48083.00
48123.00
48133.00
48105.00
48071.00
48082.00
48111.00
48138.00
48105.00
48095.00
48082.00
48124.00
48133.00
48117.00
48093.00
48091.00
48108.00
48149.00
48117.00
48083.00
48086.00
48128.00
48152.00
48128.00
48096.00
48102.00
48116.00
48150.00
48130.00
48104.00
48095.00
48141.00
48145.00
48129.00
48097.00
48098.00
48108.00
48140.00
48122.00
48094.00
48095.00
48103.00
48135.00
48134.00
48098.00
48106.00
48121.00
48143.00
48132.00
48109.00
48097.00
48119.00
48159.00
48136.00
48101.00
48102.00
48130.00
48134.00
48132.00
48098.00
48090.00
48108.00
48137.00
48142.00
48094.00
48084.00
48100.00
48144.00
48128.00
48106.00
48072.00
48103.00
48130.00
48134.00
48104.00
48084.00
48106.00
48135.00
48137.00
48101.00
48093.00
48094.00
48141.00
48128.00
48093.00
48074.00
48107.00
48140.00
48141.00
48103.00
48092.00
48087.00
48126.00
48127.00
48107.00
48079.00
48086.00
48127.00
48128.00
48107.00
48083.00
48093.00
48133.00
48127.00
48107.00
48086.00
48097.00
48129.00
48153.00
48122.00
48086.00
48093.00
48134.00
48149.00
48106.00
48100.00
48100.00
48129.00
48142.00
48124.00
48095.00
48094.00
48125.00
48139.00
48120.00
48082.00
48097.00
48123.00
48139.00
48122.00
48102.00
48086.00
48123.00
48145.00
48118.00
48091.00
48084.00
48123.00
48134.00
48131.00
48088.00
48093.00
48121.00
48136.00
48133.00
48085.00
48084.00
48112.00
48129.00
48110.00
48076.00
48085.00
48114.00
48136.00
48126.00
48093.00
48088.00
48117.00
48155.00
48127.00
48108.00
48089.00
48104.00
48135.00
48129.00
48096.00
48086.00
48113.00
48135.00
48124.00
48109.00
48092.00
48123.00
48139.00
48135.00
48096.00
48099.00
48115.00
48161.00
48137.00
48111.00
48095.00
48115.00
48156.00
48146.00
48111.00
48099.00
48108.00
48142.00
48150.00
48133.00
48119.00
48129.00
48175.00
48164.00
48168.00
48151.00
48188.00
48238.00
48235.00
48230.00
48231.00
48254.00
48300.00
48332.00
48314.00
48312.00
48322.00
48366.00
48393.00
48372.00
48363.00
48397.00
48435.00
48449.00
48425.00
48399.00
48440.00
48472.00
48494.00
48472.00
48459.00
48476.00
48526.00
48532.00
48512.00
48481.00
48500.00
48526.00
48552.00
48542.00
48534.00
48542.00
48592.00
48606.00
48595.00
48573.00
48589.00
48635.00
48648.00
48637.00
48624.00
48636.00
48687.00
48709.00
48676.00
48654.00
48670.00
48690.00
48713.00
48679.00
48663.00
48667.00
48701.00
48712.00
48699.00
48674.00
48672.00
48698.00
48721.00
48694.00
48669.00
48665.00
48685.00
48710.00
48692.00
48671.00
48667.00
48700.00
48717.00
48700.00
48669.00
48669.00
48708.00
48723.00
48729.00
48691.00
48692.00
48716.00
48747.00
48741.00
48701.00
48699.00
48719.00
48737.00
48733.00
48677.00
48689.00
48716.00
48728.00
48708.00
48672.00
48675.00
48698.00
48717.00
48695.00
48694.00
48654.00
48698.00
48727.00
48723.00
48691.00
48671.00
48698.00
48721.00
48724.00
48691.00
48680.00
48701.00
48720.00
48715.00
48688.00
48682.00
48691.00
48721.00
48710.00
48684.00
48660.00
48671.00
48713.00
48698.00
48671.00
48655.00
48664.00
48692.00
48685.00
48652.00
48636.00
48645.00
48676.00
48683.00
48654.00
48622.00
48650.00
48681.00
48658.00
48639.00
48631.00
48646.00
48656.00
48671.00
48642.00
48638.00
48641.00
48669.00
48675.00
48636.00
48631.00
48634.00
48677.00
48675.00
48651.00
48618.00
48628.00
48665.00
48664.00
48649.00
48619.00
48619.00
48669.00
48646.00
48637.00
48603.00
48629.00
48658.00
48668.00
48641.00
48608.00
48618.00
48662.00
48657.00
48659.00
48611.00
48611.00
48642.00
48674.00
48652.00
48627.00
48626.00
48661.00
48666.00
48653.00
48625.00
48621.00
48658.00
48655.00
48639.00
48611.00
48622.00
48641.00
48662.00
48644.00
48602.00
48619.00
48641.00
48665.00
48633.00
48610.00
48621.00
48642.00
48659.00
48647.00
48611.00
48604.00
48631.00
48657.00
48625.00
48612.00
48615.00
48640.00
48653.00
48633.00
48614.00
48609.00
48635.00
48658.00
48642.00
48607.00
48588.00
48632.00
48653.00
48635.00
48610.00
48592.00
48627.00
48645.00
48628.00
48614.00
48600.00
48626.00
48648.00
48649.00
48619.00
48622.00
48638.00
48660.00
48649.00
48617.00
48606.00
48629.00
48650.00
48648.00
48627.00
48614.00
48636.00
48661.00
48659.00
48635.00
48626.00
48655.00
48660.00
48678.00
48641.00
48634.00
48647.00
48673.00
48667.00
48638.00
48635.00
48627.00
48675.00
48648.00
48627.00
48605.00
48622.00
48659.00
48643.00
48608.00
48606.00
48623.00
48652.00
48660.00
48614.00
48607.00
48615.00
48659.00
48652.00
48623.00
48610.00
48624.00
48662.00
48658.00
48631.00
48601.00
48628.00
48671.00
48662.00
48626.00
48607.00
48618.00
48654.00
48651.00
48632.00
48594.00
48614.00
48660.00
48647.00
48619.00
48598.00
48604.00
48634.00
48640.00
48624.00
48590.00
48601.00
48633.00
48617.00
48613.00
48593.00
48603.00
48637.00
48629.00
48611.00
48591.00
48596.00
48629.00
48634.00
48601.00
48596.00
48582.00
48626.00
48628.00
48595.00
48568.00
48570.00
48594.00
48620.00
48584.00
48574.00
48577.00
48601.00
48613.00
48586.00
48567.00
48563.00
48599.00
48619.00
48583.00
48578.00
48567.00
48614.00
48613.00
48601.00
48582.00
48579.00
48610.00
48626.00
48594.00
48558.00
48571.00
48595.00
48609.00
48588.00
48564.00
48557.00
48579.00
48592.00
48574.00
48551.00
48548.00
48582.00
48599.00
48579.00
48559.00
48557.00
48589.00
48611.00
48590.00
48557.00
48554.00
48583.00
48619.00
48598.00
48555.00
48581.00
48578.00
48599.00
48572.00
48560.00
48534.00
48557.00
48591.00
48563.00
48525.00
48521.00
48542.00
48565.00
48546.00
48540.00
48514.00
48553.00
48569.00
48559.00
48536.00
48535.00
48557.00
48582.00
48559.00
48535.00
48539.00
48552.00
48591.00
48553.00
48526.00
48516.00
48549.00
48562.00
48550.00
48519.00
48503.00
48518.00
48547.00
48537.00
48508.00
48511.00
48522.00
48541.00
48530.00
48511.00
48498.00
48510.00
48538.00
48536.00
48511.00
48505.00
48520.00
48542.00
48544.00
48512.00
48507.00
48521.00
48554.00
48546.00
48505.00
48494.00
48515.00
48568.00
48532.00
48512.00
48494.00
48506.00
48534.00
48528.00
48493.00
48484.00
48506.00
48529.00
48514.00
48488.00
48465.00
48459.00
48490.00
48466.00
48421.00
48382.00
48375.00
48399.00
48364.00
48312.00
48272.00
48267.00
48278.00
48246.00
48197.00
48157.00
48164.00
48171.00
48155.00
48112.00
48064.00
48052.00
48048.00
48023.00
47952.00
47907.00
47860.00
47862.00
47835.00
47769.00
47691.00
47672.00
47672.00
47641.00
47573.00
47516.00
47483.00
47486.00
47458.00
47407.00
47356.00
47342.00
47339.00
47318.00
47254.00
47186.00
47162.00
47169.00
47136.00
47073.00
47005.00
46989.00
47001.00
46962.00
46889.00
46808.00
46781.00
46781.00
46763.00
46732.00
46709.00
46693.00
46714.00
46714.00
46699.00
46659.00
46655.00
46666.00
46675.00
46661.00
46627.00
46623.00
46654.00
46655.00
46659.00
46629.00
46624.00
46659.00
46675.00
46645.00
46620.00
46616.00
46640.00
46659.00
46632.00
46610.00
46608.00
46645.00
46651.00
46633.00
46616.00
46622.00
46639.00
46648.00
46652.00
46633.00
46615.00
46661.00
46677.00
46655.00
46627.00
46613.00
46650.00
46664.00
46646.00
46624.00
46618.00
46661.00
46666.00
46659.00
46637.00
46606.00
46634.00
46662.00
46648.00
46609.00
46620.00
46633.00
46662.00
46648.00
46612.00
46612.00
46642.00
46662.00
46648.00
46617.00
46614.00
46661.00
46676.00
46661.00
46639.00
46640.00
46659.00
46704.00
46688.00
46666.00
46657.00
46686.00
46715.00
46715.00
46677.00
46683.00
46696.00
46729.00
46718.00
46709.00
46689.00
46722.00
46756.00
46742.00
46712.00
46703.00
46731.00
46757.00
46739.00
46729.00
46710.00
46733.00
46771.00
46765.00
46737.00
46737.00
46771.00
46805.00
46795.00
46769.00
46773.00
46790.00
46826.00
46817.00
46805.00
46806.00
46822.00
46867.00
46849.00
46840.00
46826.00
46840.00
46894.00
46886.00
46870.00
46868.00
46897.00
46951.00
46945.00
46927.00
46919.00
46938.00
46991.00
46973.00
46979.00
46961.00
47007.00
47038.00
47049.00
47035.00
47021.00
47058.00
47103.00
47106.00
47093.00
47077.00
47105.00
47140.00
47154.00
47120.00
47100.00
47110.00
47150.00
47168.00
47137.00
47112.00
47139.00
47168.00
47172.00
47128.00
47118.00
47141.00
47181.00
47171.00
47139.00
47116.00
47128.00
47164.00
47157.00
47145.00
47120.00
47154.00
47184.00
47193.00
47160.00
47141.00
47160.00
47178.00
47199.00
47162.00
47156.00
47158.00
47199.00
47211.00
47185.00
47168.00
47175.00
47201.00
47209.00
47191.00
47152.00
47176.00
47203.00
47217.00
47188.00
47164.00
47187.00
47217.00
47209.00
47197.00
47173.00
47172.00
47211.00
47212.00
47201.00
47172.00
47180.00
47219.00
47219.00
47212.00
47178.00
47170.00
47204.00
47240.00
47210.00
47185.00
47180.00
47231.00
47234.00
47224.00
47199.00
47184.00
47225.00
47234.00
47208.00
47185.00
47193.00
47215.00
47227.00
47200.00
47177.00
47183.00
47219.00
47222.00
47209.00
47176.00
47177.00
47204.00
47216.00
47208.00
47174.00
47184.00
47218.00
47219.00
47204.00
47161.00
47173.00
47206.00
47202.00
47185.00
47157.00
47156.00
47172.00
47208.00
47187.00
47149.00
47148.00
47178.00
47188.00
47192.00
47155.00
47154.00
47182.00
47213.00
47196.00
47166.00
47161.00
47198.00
47210.00
47191.00
47149.00
47148.00
47178.00
47210.00
47187.00
47173.00
47164.00
47181.00
47213.00
47193.00
47160.00
47158.00
47183.00
47199.00
47180.00
47150.00
47161.00
47178.00
47216.00
47194.00
47155.00
47154.00
47178.00
47201.00
47193.00
47165.00
47163.00
47183.00
47208.00
47204.00
47165.00
47151.00
47175.00
47195.00
47179.00
47162.00
47147.00
47173.00
47198.00
47196.00
47164.00
47142.00
47176.00
47210.00
47210.00
47175.00
47152.00
47165.00
47217.00
47213.00
47168.00
47165.00
47181.00
47208.00
47210.00
47171.00
47158.00
47177.00
47206.00
47203.00
47172.00
47141.00
47176.00
47207.00
47197.00
47158.00
47151.00
47172.00
47195.00
47178.00
47154.00
47121.00
47150.00
47184.00
47183.00
47140.00
47136.00
47144.00
47195.00
47188.00
47149.00
47130.00
47156.00
47189.00
47179.00
47160.00
47131.00
47147.00
47191.00
47174.00
47160.00
47135.00
47147.00
47187.00
47169.00
47149.00
47141.00
47138.00
47174.00
47169.00
47148.00
47131.00
47148.00
47173.00
47172.00
47133.00
47130.00
47151.00
47183.00
47188.00
47140.00
47127.00
47127.00
47189.00
47173.00
47154.00
47137.00
47123.00
47175.00
47175.00
47137.00
47120.00
47129.00
47149.00
47157.00
47124.00
47113.00
47111.00
47172.00
47167.00
47138.00
47122.00
47120.00
47160.00
47153.00
47132.00
47112.00
47125.00
47152.00
47162.00
47138.00
47109.00
47112.00
47159.00
47151.00
47134.00
47101.00
47098.00
47134.00
47147.00
47113.00
47096.00
47099.00
47136.00
47139.00
47133.00
47093.00
47103.00
47133.00
47141.00
47124.00
47100.00
47100.00
47145.00
47153.00
47139.00
47103.00
47093.00
47125.00
47145.00
47121.00
47087.00
47080.00
47119.00
47123.00
47092.00
47052.00
47051.00
47083.00
47079.00
47040.00
47010.00
47006.00
47041.00
47036.00
47001.00
46952.00
46948.00
46959.00
46951.00
46930.00
46872.00
46836.00
46850.00
46836.00
46787.00
46714.00
46686.00
46666.00
46653.00
46608.00
46515.00
46491.00
46464.00
46456.00
46399.00
46314.00
46278.00
46262.00
46240.00
46178.00
46109.00
46074.00
46050.00
46029.00
45969.00
45895.00
45859.00
45852.00
45817.00
45764.00
45710.00
45658.00
45643.00
45627.00
45581.00
45512.00
45496.00
45466.00
45468.00
45425.00
45357.00
45332.00
45323.00
45306.00
45278.00
45227.00
45182.00
45189.00
45204.00
45154.00
45104.00
45063.00
45068.00
45081.00
45055.00
45016.00
44977.00
44991.00
45010.00
45006.00
44980.00
44966.00
44988.00
45014.00
44996.00
44965.00
44955.00
44972.00
44998.00
45009.00
44971.00
44963.00
44985.00
45017.00
45015.00
44985.00
44990.00
45002.00
45045.00
45030.00
45015.00
45009.00
45025.00
45078.00
45073.00
45044.00
45029.00
45050.00
45097.00
45081.00
45055.00
45047.00
45053.00
45096.00
45094.00
45079.00
45071.00
45074.00
45105.00
45109.00
45069.00
45040.00
45057.00
45084.00
45082.00
45033.00
45027.00
45051.00
45062.00
45063.00
45039.00
45014.00
45025.00
45041.00
45027.00
45017.00
45007.00
45021.00
45049.00
45046.00
45009.00
45000.00
45002.00
45033.00
45025.00
45007.00
44973.00
44974.00
45004.00
45007.00
44985.00
44946.00
44963.00
44989.00
44992.00
44959.00
44933.00
44931.00
44978.00
44961.00
44929.00
44908.00
44917.00
44944.00
44945.00
44910.00
44877.00
44896.00
44924.00
44909.00
44895.00
44877.00
44860.00
44889.00
44896.00
44869.00
44850.00
44842.00
44874.00
44869.00
44849.00
44829.00
44823.00
44852.00
44852.00
44832.00
44806.00
44806.00
44835.00
44851.00
44839.00
44816.00
44818.00
44835.00
44862.00
44847.00
44815.00
44814.00
44846.00
44859.00
44835.00
44804.00
44817.00
44835.00
44860.00
44863.00
44805.00
44812.00
44846.00
44861.00
44848.00
44830.00
44820.00
44844.00
44889.00
44854.00
44816.00
44815.00
44854.00
44863.00
44869.00
44837.00
44809.00
44848.00
44879.00
44857.00
44834.00
44824.00
44851.00
44870.00
44860.00
44819.00
44811.00
44846.00
44864.00
44869.00
44852.00
44833.00
44846.00
44876.00
44854.00
44825.00
44811.00
44844.00
44875.00
44866.00
44828.00
44821.00
44841.00
44871.00
44851.00
44831.00
44803.00
44830.00
44858.00
44833.00
44807.00
44797.00
44832.00
44846.00
44838.00
44807.00
44804.00
44821.00
44844.00
44841.00
44805.00
44804.00
44828.00
44859.00
44847.00
44824.00
44810.00
44829.00
44867.00
44859.00
44835.00
44812.00
44836.00
44874.00
44866.00
44844.00
44822.00
44841.00
44879.00
44876.00
44858.00
44842.00
44857.00
44879.00
44879.00
44866.00
44836.00
44860.00
44891.00
44877.00
44845.00
44841.00
44839.00
44870.00
44877.00
44852.00
44828.00
44848.00
44879.00
44868.00
44844.00
44823.00
44828.00
44871.00
44862.00
44836.00
44805.00
44831.00
44865.00
44856.00
44812.00
44794.00
44802.00
44838.00
44822.00
44813.00
44791.00
44792.00
44828.00
44836.00
44811.00
44780.00
44801.00
44837.00
44838.00
44813.00
44790.00
44818.00
44835.00
44851.00
44823.00
44799.00
44812.00
44856.00
44850.00
44837.00
44814.00
44800.00
44842.00
44854.00
44836.00
44793.00
44805.00
44844.00
44850.00
44820.00
44787.00
44784.00
44810.00
44838.00
44813.00
44782.00
44777.00
44815.00
44827.00
44803.00
44771.00
44784.00
44797.00
44826.00
44795.00
44774.00
44757.00
44800.00
44808.00
44793.00
44769.00
44773.00
44796.00
44809.00
44782.00
44762.00
44761.00
44785.00
44790.00
44771.00
44757.00
44740.00
44773.00
44774.00
44752.00
44733.00
44747.00
44752.00
44780.00
44744.00
44730.00
44727.00
44769.00
44777.00
44741.00
44712.00
44704.00
44729.00
44749.00
44732.00
44705.00
44707.00
44728.00
44752.00
44748.00
44710.00
44705.00
44731.00
44745.00
44737.00
44712.00
44699.00
44718.00
44736.00
44734.00
44698.00
44696.00
44712.00
44730.00
44719.00
44705.00
44706.00
44717.00
44756.00
44745.00
44702.00
44707.00
44713.00
44746.00
44729.00
44686.00
44690.00
44701.00
44749.00
44712.00
44700.00
44697.00
44725.00
44742.00
44743.00
44720.00
44694.00
44710.00
44732.00
44739.00
44706.00
44691.00
44710.00
44748.00
44732.00
44705.00
44696.00
44707.00
44732.00
44729.00
44702.00
44683.00
44704.00
44732.00
44736.00
44700.00
44689.00
44706.00
44737.00
44741.00
44694.00
44692.00
44709.00
44733.00
44740.00
44709.00
44695.00
44706.00
44718.00
44711.00
44681.00
44671.00
44677.00
44711.00
44694.00
44656.00
44612.00
44608.00
44654.00
44616.00
44556.00
44524.00
44509.00
44523.00
44511.00
44474.00
44426.00
44409.00
44423.00
44397.00
44370.00
44318.00
44307.00
44301.00
44295.00
44258.00
44208.00
44208.00
44210.00
44205.00
44159.00
44122.00
44086.00
44118.00
44109.00
44081.00
44042.00
44022.00
44019.00
44017.00
43968.00
43929.00
43909.00
43933.00
43921.00
43891.00
43860.00
43853.00
43872.00
43875.00
43842.00
43808.00
43802.00
43826.00
43848.00
43798.00
43752.00
43759.00
43795.00
43790.00
43771.00
43739.00
43730.00
43757.00
43765.00
43762.00
43704.00
43712.00
43736.00
43757.00
43726.00
43696.00
43679.00
43713.00
43729.00
43715.00
43667.00
43664.00
43683.00
43723.00
43708.00
43662.00
43667.00
43707.00
43728.00
43707.00
43679.00
43663.00
43705.00
43728.00
43704.00
43673.00
43674.00
43703.00
43726.00
43710.00
43672.00
43661.00
43696.00
43709.00
43711.00
43671.00
43646.00
43675.00
43712.00
43681.00
43658.00
43640.00
43657.00
43694.00
43692.00
43657.00
43618.00
43653.00
43672.00
43680.00
43653.00
43625.00
43641.00
43702.00
43680.00
43662.00
43627.00
43647.00
43668.00
43655.00
43659.00
43622.00
43627.00
43661.00
43652.00
43624.00
43599.00
43632.00
43671.00
43668.00
43627.00
43597.00
43618.00
43668.00
43653.00
43635.00
43605.00
43619.00
43647.00
43654.00
43633.00
43601.00
43610.00
43646.00
43651.00
43618.00
43588.00
43597.00
43634.00
43633.00
43635.00
43588.00
43594.00
43639.00
43639.00
43616.00
43592.00
43604.00
43645.00
43636.00
43618.00
43582.00
43600.00
43638.00
43638.00
43613.00
43588.00
43593.00
43644.00
43639.00
43627.00
43593.00
43603.00
43625.00
43647.00
43633.00
43591.00
43603.00
43624.00
43640.00
43610.00
43600.00
43596.00
43643.00
43636.00
43632.00
43597.00
43597.00
43613.00
43635.00
43615.00
43575.00
43599.00
43632.00
43617.00
43614.00
43587.00
43585.00
43613.00
43626.00
43611.00
43569.00
43578.00
43596.00
43633.00
43601.00
43571.00
43578.00
43605.00
43622.00
43625.00
43595.00
43572.00
43599.00
43628.00
43625.00
43572.00
43567.00
43592.00
43619.00
43613.00
43587.00
43575.00
43603.00
43625.00
43607.00
43575.00
43568.00
43595.00
43622.00
43606.00
43567.00
43566.00
43571.00
43590.00
43593.00
43571.00
43551.00
43578.00
43598.00
43601.00
43557.00
43557.00
43571.00
43596.00
43590.00
43548.00
43542.00
43554.00
43576.00
43597.00
43559.00
43543.00
43556.00
43595.00
43590.00
43564.00
43550.00
43551.00
43589.00
43595.00
43557.00
43548.00
43570.00
43601.00
43613.00
43580.00
43557.00
43568.00
43593.00
43590.00
43566.00
43533.00
43546.00
43597.00
43601.00
43565.00
43546.00
43538.00
43575.00
43585.00
43560.00
43542.00
43546.00
43567.00
43586.00
43562.00
43532.00
43546.00
43566.00
43579.00
43562.00
43546.00
43531.00
43565.00
43574.00
43542.00
43527.00
43533.00
43571.00
43560.00
43552.00
43521.00
43520.00
43555.00
43577.00
43558.00
43524.00
43522.00
43551.00
43574.00
43565.00
43512.00
43509.00
43540.00
43560.00
43543.00
43498.00
43515.00
43536.00
43571.00
43550.00
43515.00
43504.00
43542.00
43554.00
43539.00
43506.00
43499.00
43520.00
43555.00
43540.00
43503.00
43502.00
43515.00
43553.00
43532.00
43514.00
43494.00
43512.00
43555.00
43543.00
43514.00
43498.00
43513.00
43550.00
43531.00
43493.00
43477.00
43503.00
43540.00
43523.00
43503.00
43475.00
43498.00
43542.00
43517.00
43493.00
43481.00
43497.00
43526.00
43523.00
43492.00
43473.00
43507.00
43527.00
43528.00
43493.00
43458.00
43502.00
43530.00
43532.00
43502.00
43482.00
43492.00
43541.00
43552.00
43520.00
43482.00
43509.00
43541.00
43548.00
43506.00
43495.00
43493.00
43548.00
43558.00
43510.00
43495.00
43510.00
43548.00
43537.00
43506.00
43493.00
43494.00
43541.00
43537.00
43509.00
43490.00
43505.00
43538.00
43534.00
43508.00
43474.00
43499.00
43536.00
43525.00
43504.00
43472.00
43486.00
43523.00
43525.00
43507.00
43469.00
43480.00
43521.00
43534.00
43507.00
43473.00
43480.00
43514.00
43521.00
43505.00
43460.00
43466.00
43504.00
43523.00
43494.00
43490.00
43468.00
43506.00
43537.00
43517.00
43473.00
43489.00
43507.00
43528.00
43504.00
43474.00
43484.00
43504.00
43541.00
43514.00
43484.00
43474.00
43502.00
43538.00
