20454.00
20461.00
20460.00
20457.00
20441.00
20449.00
20451.00
20457.00
20441.00
20432.00
20428.00
20445.00
20459.00
20445.00
20448.00
20453.00
20469.00
20475.00
20457.00
20444.00
20447.00
20436.00
20462.00
20470.00
20434.00
20441.00
20447.00
20455.00
20456.00
20441.00
20441.00
20430.00
20459.00
20460.00
20441.00
20452.00
20462.00
20464.00
20475.00
20458.00
20435.00
20457.00
20456.00
20439.00
20432.00
20427.00
20446.00
20452.00
20447.00
20445.00
20451.00
20445.00
20475.00
20460.00
20451.00
20446.00
20436.00
20447.00
20434.00
20447.00
20442.00
20443.00
20454.00
20443.00
20441.00
20429.00
20433.00
20452.00
20467.00
20446.00
20439.00
20435.00
20443.00
20462.00
20445.00
20440.00
20426.00
20447.00
20450.00
20466.00
20448.00
20442.00
20449.00
20460.00
20452.00
20440.00
20429.00
20436.00
20446.00
20456.00
20441.00
20440.00
20456.00
20463.00
20460.00
20448.00
20435.00
20424.00
20468.00
20448.00
20454.00
20435.00
20444.00
20465.00
20454.00
20440.00
20442.00
20434.00
20456.00
20457.00
20445.00
20441.00
20439.00
20448.00
20446.00
20450.00
20440.00
20437.00
20452.00
20456.00
20441.00
20452.00
20448.00
20454.00
20459.00
20460.00
20449.00
20438.00
20450.00
20464.00
20445.00
20435.00
20442.00
20463.00
20465.00
20462.00
20448.00
20453.00
20458.00
20462.00
20482.00
20456.00
20449.00
20455.00
20483.00
20473.00
20460.00
20476.00
20462.00
20481.00
20476.00
20450.00
20452.00
20440.00
20475.00
20482.00
20473.00
20450.00
20452.00
20482.00
20470.00
20456.00
20449.00
20458.00
20460.00
20486.00
20462.00
20461.00
20468.00
20456.00
20474.00
20465.00
20442.00
20445.00
20453.00
20452.00
20455.00
20449.00
20446.00
20451.00
20453.00
20447.00
20443.00
20437.00
20440.00
20444.00
20436.00
20422.00
20424.00
20452.00
20459.00
20461.00
20431.00
20422.00
20440.00
20437.00
20438.00
20428.00
20425.00
20433.00
20435.00
20449.00
20425.00
20419.00
20417.00
20422.00
20444.00
20416.00
20412.00
20435.00
20433.00
20437.00
20425.00
20423.00
20406.00
20427.00
20433.00
20422.00
20410.00
20430.00
20428.00
20418.00
20419.00
20410.00
20420.00
20411.00
20439.00
20413.00
20423.00
20412.00
20423.00
20417.00
20411.00
20406.00
20407.00
20435.00
20432.00
20422.00
20399.00
20398.00
20423.00
20437.00
20446.00
20419.00
20413.00
20433.00
20441.00
20437.00
20414.00
20409.00
20431.00
20431.00
20436.00
20427.00
20422.00
20426.00
20430.00
20440.00
20419.00
20410.00
20428.00
20435.00
20449.00
20422.00
20415.00
20432.00
20456.00
20441.00
20432.00
20424.00
20444.00
20453.00
20445.00
20431.00
20423.00
20434.00
20444.00
20458.00
20443.00
20427.00
20423.00
20442.00
20442.00
20431.00
20441.00
20447.00
20470.00
20461.00
20440.00
20438.00
20449.00
20444.00
20456.00
20453.00
20445.00
20445.00
20468.00
20477.00
20441.00
20435.00
20438.00
20441.00
20450.00
20455.00
20427.00
20423.00
20437.00
20458.00
20473.00
20433.00
20448.00
20444.00
20476.00
20435.00
20439.00
20443.00
20443.00
20465.00
20451.00
20443.00
20437.00
20444.00
20459.00
20458.00
20438.00
20427.00
20454.00
20464.00
20466.00
20454.00
20440.00
20444.00
20466.00
20461.00
20453.00
20437.00
20435.00
20458.00
20457.00
20443.00
20430.00
20443.00
20451.00
20454.00
20435.00
20431.00
20422.00
20450.00
20453.00
20440.00
20445.00
20443.00
20465.00
20469.00
20455.00
20449.00
20447.00
20443.00
20450.00
20450.00
20442.00
20445.00
20445.00
20466.00
20463.00
20465.00
20434.00
20450.00
20454.00
20449.00
20443.00
20445.00
20449.00
20457.00
20463.00
20431.00
20437.00
20455.00
20459.00
20455.00
20441.00
20423.00
20426.00
20445.00
20459.00
20447.00
20427.00
20445.00
20459.00
20449.00
20435.00
20419.00
20429.00
20444.00
20442.00
20435.00
20438.00
20443.00
20472.00
20467.00
20433.00
20409.00
20444.00
20446.00
20438.00
20444.00
20445.00
20439.00
20454.00
20440.00
20439.00
20435.00
20425.00
20432.00
20447.00
20451.00
20425.00
20442.00
20449.00
20466.00
20461.00
20443.00
20433.00
20454.00
20454.00
20456.00
20429.00
20432.00
20442.00
20459.00
20455.00
20455.00
20448.00
20435.00
20455.00
20447.00
20424.00
20424.00
20443.00
20438.00
20456.00
20442.00
20427.00
20435.00
20440.00
20447.00
20419.00
20421.00
20441.00
20446.00
20459.00
20440.00
20434.00
20431.00
20443.00
20451.00
20436.00
20413.00
20424.00
20436.00
20451.00
20439.00
20425.00
20435.00
20448.00
20437.00
20437.00
20423.00
20443.00
20441.00
20434.00
20417.00
20400.00
20421.00
20434.00
20450.00
20430.00
20430.00
20418.00
20442.00
20446.00
20441.00
20437.00
20429.00
20436.00
20444.00
20441.00
20420.00
20429.00
20438.00
20427.00
20434.00
20435.00
20428.00
20448.00
20455.00
20443.00
20429.00
20424.00
20437.00
20447.00
20439.00
20435.00
20401.00
20419.00
20466.00
20452.00
20431.00
20433.00
20426.00
20451.00
20446.00
20426.00
20423.00
20428.00
20432.00
20441.00
20437.00
20444.00
20445.00
20461.00
20452.00
20431.00
20411.00
20436.00
20425.00
20444.00
20448.00
20435.00
20439.00
20459.00
20462.00
20420.00
20425.00
20421.00
20438.00
20441.00
20449.00
20440.00
20445.00
20459.00
20460.00
20446.00
20416.00
20424.00
20442.00
20448.00
20441.00
20441.00
20442.00
20447.00
20462.00
20464.00
20444.00
20427.00
20446.00
20453.00
20443.00
20428.00
20426.00
20436.00
20460.00
20441.00
20449.00
20439.00
20440.00
20441.00
20440.00
20443.00
20438.00
20433.00
20441.00
20456.00
20430.00
20419.00
20439.00
20442.00
20444.00
20439.00
20413.00
20432.00
20441.00
20453.00
20427.00
20417.00
20433.00
20452.00
20446.00
20429.00
20416.00
20432.00
20455.00
20467.00
20449.00
20446.00
20436.00
20426.00
20442.00
20441.00
20428.00
20423.00
20436.00
20438.00
20420.00
20438.00
20436.00
20440.00
20447.00
20427.00
20423.00
20418.00
20439.00
20440.00
20443.00
20446.00
20423.00
20440.00
20432.00
20430.00
20421.00
20429.00
20431.00
20451.00
20456.00
20440.00
20412.00
20425.00
20448.00
20444.00
20413.00
20408.00
20425.00
20434.00
20432.00
20446.00
20418.00
20442.00
20447.00
20443.00
20424.00
20427.00
20432.00
20450.00
20453.00
20440.00
20423.00
20433.00
20441.00
20458.00
20427.00
20421.00
20421.00
20429.00
20449.00
20440.00
20429.00
20430.00
20438.00
20450.00
20448.00
20427.00
20429.00
20452.00
20439.00
20423.00
20427.00
20404.00
20434.00
20452.00
20452.00
20435.00
20434.00
20451.00
20451.00
20448.00
20420.00
20425.00
20424.00
20435.00
20441.00
20439.00
20435.00
20437.00
20453.00
20439.00
20430.00
20416.00
20429.00
20416.00
20418.00
20423.00
20427.00
20437.00
20462.00
20461.00
20438.00
20423.00
20420.00
20428.00
20436.00
20446.00
20426.00
20436.00
20438.00
20439.00
20429.00
20432.00
20433.00
20426.00
20431.00
20419.00
20421.00
20435.00
20451.00
20456.00
20441.00
20425.00
20422.00
20445.00
20438.00
20429.00
20421.00
20430.00
20459.00
20463.00
20445.00
20448.00
20432.00
20455.00
20464.00
20460.00
20417.00
20388.00
20406.00
20420.00
20417.00
20417.00
20402.00
20408.00
20421.00
20419.00
20411.00
20414.00
20416.00
20435.00
20442.00
20419.00
20413.00
20423.00
20425.00
20430.00
20414.00
20415.00
20412.00
20439.00
20437.00
20449.00
20429.00
20451.00
20463.00
20461.00
20440.00
20426.00
20425.00
20449.00
20445.00
20431.00
20444.00
20439.00
20446.00
20449.00
20441.00
20427.00
20428.00
20439.00
20442.00
20435.00
20420.00
20425.00
20441.00
20447.00
20440.00
20429.00
20423.00
20428.00
20436.00
20431.00
20410.00
20422.00
20440.00
20457.00
20435.00
20427.00
20420.00
20424.00
20431.00
20426.00
20412.00
20409.00
20437.00
20456.00
20433.00
20442.00
20433.00
20436.00
20440.00
20448.00
20433.00
20411.00
20437.00
20434.00
20459.00
20432.00
20438.00
20446.00
20448.00
20447.00
20432.00
20442.00
20436.00
20444.00
20438.00
20419.00
20437.00
20443.00
20444.00
20443.00
20420.00
20424.00
20435.00
20437.00
20440.00
20421.00
20421.00
20439.00
20453.00
20455.00
20447.00
20419.00
20431.00
20439.00
20444.00
20444.00
20425.00
20430.00
20448.00
20446.00
20449.00
20435.00
20431.00
20437.00
20444.00
20453.00
20432.00
20434.00
20435.00
20446.00
20441.00
20439.00
20444.00
20450.00
20455.00
20443.00
20432.00
20419.00
20435.00
20447.00
20440.00
20442.00
20436.00
20424.00
20432.00
20401.00
20413.00
20412.00
20427.00
20421.00
20420.00
20427.00
20419.00
20423.00
20434.00
20425.00
20402.00
20412.00
20406.00
20433.00
20414.00
20428.00
20414.00
20425.00
20434.00
20434.00
20423.00
20399.00
20421.00
20439.00
20430.00
20429.00
20409.00
20414.00
20426.00
20435.00
20442.00
20420.00
20424.00
20420.00
20430.00
20440.00
20426.00
20433.00
20434.00
20445.00
20436.00
20422.00
20415.00
20422.00
20424.00
20421.00
20406.00
20413.00
20416.00
20428.00
20433.00
20416.00
20416.00
20412.00
20426.00
20411.00
20403.00
20405.00
20410.00
20422.00
20425.00
20423.00
20409.00
20419.00
20431.00
20419.00
20436.00
20412.00
20417.00
20439.00
20435.00
20424.00
20435.00
20424.00
20427.00
20429.00
20420.00
20403.00
20420.00
20439.00
20438.00
20431.00
20433.00
20431.00
20451.00
20437.00
20429.00
20401.00
20430.00
20436.00
20434.00
20421.00
20428.00
20439.00
20450.00
20438.00
20434.00
20425.00
20424.00
20421.00
20425.00
20434.00
20402.00
20420.00
20419.00
20439.00
20438.00
20426.00
20425.00
20435.00
20435.00
20418.00
20425.00
20416.00
20414.00
20424.00
20424.00
20413.00
20406.00
20406.00
20419.00
20426.00
20417.00
20403.00
20427.00
20427.00
20449.00
20439.00
20426.00
20429.00
20441.00
20426.00
20412.00
20427.00
20439.00
20429.00
20434.00
20421.00
20438.00
20421.00
20433.00
20439.00
20426.00
20407.00
20411.00
20437.00
20436.00
20420.00
20423.00
20425.00
20429.00
20437.00
20440.00
20439.00
20428.00
20438.00
20435.00
20429.00
20413.00
20417.00
20438.00
20434.00
20434.00
20425.00
20430.00
20434.00
20427.00
20431.00
20426.00
20426.00
20429.00
20437.00
20435.00
20423.00
20419.00
20419.00
20422.00
20426.00
20420.00
20400.00
20427.00
20425.00
20439.00
20435.00
20424.00
20421.00
20443.00
20445.00
20432.00
20421.00
20417.00
20449.00
20443.00
20432.00
20421.00
20438.00
20450.00
20448.00
20428.00
20429.00
20434.00
20433.00
20442.00
20411.00
20418.00
20409.00
20441.00
20444.00
20426.00
20425.00
20423.00
20444.00
20445.00
20433.00
20423.00
20422.00
20432.00
20437.00
20430.00
20435.00
20430.00
20443.00
20449.00
20440.00
20420.00
20425.00
20443.00
20455.00
20434.00
20421.00
20424.00
20453.00
20458.00
20444.00
20423.00
20431.00
20429.00
20438.00
20433.00
20420.00
20415.00
20424.00
20455.00
20441.00
20422.00
20421.00
20442.00
20432.00
20446.00
20428.00
20437.00
20450.00
20445.00
20448.00
20433.00
20425.00
20429.00
20438.00
20430.00
20427.00
20425.00
20427.00
20452.00
20447.00
20449.00
20423.00
20444.00
20447.00
20451.00
20439.00
20427.00
20443.00
20450.00
20474.00
20443.00
20431.00
20425.00
20452.00
20457.00
20455.00
20420.00
20429.00
20444.00
20447.00
20440.00
20437.00
20435.00
20442.00
20440.00
20447.00
20420.00
20422.00
20449.00
20447.00
20438.00
20427.00
20430.00
20443.00
20438.00
20429.00
20417.00
20419.00
20427.00
20444.00
20446.00
20430.00
20434.00
20437.00
20437.00
20439.00
20442.00
20427.00
20441.00
20452.00
20454.00
20435.00
20452.00
20440.00
20469.00
20454.00
20441.00
20446.00
20449.00
20450.00
20444.00
20430.00
20435.00
20440.00
20451.00
20441.00
20444.00
20413.00
20420.00
20430.00
20426.00
20442.00
20434.00
20438.00
20456.00
20446.00
20442.00
20426.00
20424.00
20438.00
20440.00
20437.00
20418.00
20433.00
20445.00
20448.00
20446.00
20437.00
20417.00
20432.00
20437.00
20442.00
20416.00
20429.00
20442.00
20437.00
20438.00
20429.00
20426.00
20437.00
20443.00
20442.00
20425.00
20412.00
20439.00
20442.00
20442.00
20428.00
20434.00
20435.00
20441.00
20436.00
20415.00
20422.00
20406.00
20425.00
20431.00
20429.00
20439.00
20427.00
20434.00
20427.00
20435.00
20413.00
20416.00
20425.00
20446.00
20415.00
20427.00
20424.00
20451.00
20444.00
20431.00
20409.00
20406.00
20429.00
20435.00
20424.00
20400.00
20417.00
20439.00
20433.00
20432.00
20430.00
20424.00
20418.00
20448.00
20446.00
20431.00
20438.00
20466.00
20465.00
20461.00
20448.00
20436.00
20450.00
20459.00
20447.00
20431.00
20429.00
20437.00
20464.00
20449.00
20439.00
20427.00
20436.00
20446.00
20435.00
20443.00
20426.00
20427.00
20433.00
20451.00
20445.00
20443.00
20446.00
20436.00
20443.00
20440.00
20437.00
20432.00
20450.00
20439.00
20430.00
20428.00
20436.00
20436.00
20452.00
20439.00
20432.00
20422.00
20433.00
20441.00
20444.00
20442.00
20456.00
20454.00
20443.00
20437.00
20435.00
20426.00
20426.00
20442.00
20435.00
20428.00
20428.00
20439.00
20454.00
20449.00
20416.00
20421.00
20428.00
20438.00
20432.00
20420.00
20423.00
20442.00
20455.00
20441.00
20436.00
20439.00
20431.00
20454.00
20458.00
20443.00
20424.00
20446.00
20449.00
20446.00
20435.00
20427.00
20434.00
20444.00
20420.00
20431.00
20408.00
20427.00
20434.00
20439.00
20427.00
20416.00
20411.00
20433.00
20428.00
20428.00
20441.00
20442.00
20474.00
20473.00
20475.00
20477.00
20491.00
20503.00
20514.00
20521.00
20504.00
20512.00
20521.00
20549.00
20540.00
20542.00
20552.00
20566.00
20576.00
20562.00
20578.00
20575.00
20585.00
20596.00
20606.00
20598.00
20608.00
20618.00
20624.00
20615.00
20599.00
20604.00
20587.00
20613.00
20607.00
20593.00
20582.00
20596.00
20606.00
20599.00
20574.00
20562.00
20564.00
20565.00
20566.00
20563.00
20547.00
20552.00
20558.00
20558.00
20557.00
20523.00
20545.00
20539.00
20549.00
20536.00
20527.00
20516.00
20543.00
20529.00
20539.00
20518.00
20527.00
20527.00
20532.00
20518.00
20501.00
20506.00
20532.00
20543.00
20532.00
20517.00
20522.00
20521.00
20530.00
20514.00
20510.00
20500.00
20542.00
20556.00
20531.00
20533.00
20528.00
20529.00
20546.00
20529.00
20512.00
20524.00
20510.00
20541.00
20524.00
20545.00
20527.00
20525.00
20549.00
20548.00
20541.00
20528.00
20518.00
20547.00
20538.00
20547.00
20560.00
20544.00
20552.00
20558.00
20551.00
20543.00
20543.00
20538.00
20554.00
20551.00
20539.00
20549.00
20538.00
20558.00
20545.00
20528.00
20524.00
20522.00
20546.00
20541.00
20533.00
20537.00
20549.00
20554.00
20551.00
20526.00
20517.00
20535.00
20541.00
20551.00
20522.00
20543.00
20535.00
20565.00
20545.00
20535.00
20520.00
20542.00
20539.00
20556.00
20545.00
20530.00
20543.00
20561.00
20555.00
20553.00
20548.00
20536.00
20550.00
20540.00
20554.00
20545.00
20543.00
20570.00
20560.00
20543.00
20540.00
20539.00
20545.00
20554.00
20524.00
20521.00
20530.00
20565.00
20561.00
20554.00
20543.00
20532.00
20552.00
20561.00
20552.00
20517.00
20527.00
20553.00
20552.00
20526.00
20528.00
20517.00
20535.00
20550.00
20547.00
20532.00
20545.00
20538.00
20538.00
20529.00
20535.00
20544.00
20553.00
20546.00
20536.00
20523.00
20536.00
20529.00
20556.00
20554.00
20536.00
20533.00
20536.00
20552.00
20539.00
20535.00
20535.00
20523.00
20535.00
20556.00
20544.00
20524.00
20543.00
20542.00
20557.00
20536.00
20536.00
20519.00
20536.00
20546.00
20536.00
20520.00
20533.00
20532.00
20561.00
20546.00
20542.00
20551.00
20558.00
20564.00
20558.00
20535.00
20536.00
20561.00
20565.00
20563.00
20547.00
20550.00
20546.00
20561.00
20541.00
20535.00
20521.00
20549.00
20548.00
20544.00
20539.00
20545.00
20540.00
20556.00
20551.00
20525.00
20538.00
20533.00
20550.00
20547.00
20545.00
20541.00
20544.00
20552.00
20543.00
20533.00
20538.00
20531.00
20542.00
20538.00
20522.00
20521.00
20521.00
20546.00
20540.00
20542.00
20527.00
20516.00
20530.00
20545.00
20534.00
20526.00
20538.00
20555.00
20554.00
20554.00
20532.00
20542.00
20535.00
20536.00
20544.00
20520.00
20525.00
20551.00
20546.00
20547.00
20543.00
20534.00
20544.00
20558.00
20541.00
20526.00
20536.00
20549.00
20553.00
20552.00
20545.00
20544.00
20553.00
20568.00
20552.00
20544.00
20520.00
20532.00
20552.00
20558.00
20535.00
20549.00
20539.00
20555.00
20554.00
20542.00
20541.00
20549.00
20537.00
20564.00
20551.00
20533.00
20543.00
20555.00
20541.00
20527.00
20514.00
20510.00
20523.00
20547.00
20527.00
20530.00
20529.00
20536.00
20544.00
20536.00
20531.00
20504.00
20540.00
20550.00
20527.00
20523.00
20524.00
20536.00
20547.00
20550.00
20540.00
20534.00
20531.00
20556.00
20533.00
20535.00
20519.00
20539.00
20550.00
20557.00
20558.00
20541.00
20547.00
20541.00
20544.00
20523.00
20520.00
20541.00
20550.00
20557.00
20552.00
20523.00
20540.00
20541.00
20538.00
20540.00
20516.00
20525.00
20535.00
20549.00
20534.00
20535.00
20526.00
20539.00
20546.00
20531.00
20524.00
20523.00
20532.00
20528.00
20543.00
20524.00
20548.00
20549.00
20564.00
20543.00
20526.00
20531.00
20537.00
20554.00
20538.00
20535.00
20527.00
20552.00
20551.00
20554.00
20535.00
20536.00
20536.00
20549.00
20536.00
20561.00
20537.00
20541.00
20552.00
20548.00
20541.00
20530.00
20533.00
20553.00
20538.00
20533.00
20535.00
20530.00
20554.00
20566.00
20541.00
20531.00
20547.00
20551.00
20555.00
20527.00
20523.00
20537.00
20538.00
20544.00
20532.00
20522.00
20533.00
20543.00
20551.00
20539.00
20527.00
20526.00
20534.00
20537.00
20538.00
20528.00
20538.00
20543.00
20548.00
20530.00
20528.00
20527.00
20530.00
20527.00
20541.00
20544.00
20520.00
20534.00
20553.00
20534.00
20538.00
20518.00
20513.00
20538.00
20532.00
20530.00
20521.00
20536.00
20551.00
20552.00
20534.00
20525.00
20527.00
20532.00
20533.00
20526.00
20522.00
20537.00
20543.00
20541.00
20533.00
20516.00
20510.00
20513.00
20510.00
20516.00
20491.00
20480.00
20514.00
20506.00
20498.00
20478.00
20479.00
20478.00
20478.00
20473.00
20455.00
20455.00
20463.00
20474.00
20460.00
20431.00
20432.00
20434.00
20452.00
20433.00
20421.00
20400.00
20402.00
20418.00
20417.00
20428.00
20409.00
20387.00
20421.00
20410.00
20397.00
20378.00
20377.00
20403.00
20392.00
20373.00
20361.00
20370.00
20372.00
20387.00
20359.00
20349.00
20342.00
20349.00
20352.00
20362.00
20340.00
20335.00
20335.00
20355.00
20316.00
20323.00
20299.00
20339.00
20329.00
20355.00
20350.00
20343.00
20349.00
20371.00
20349.00
20356.00
20334.00
20353.00
20369.00
20366.00
20352.00
20352.00
20366.00
20369.00
20373.00
20359.00
20349.00
20353.00
20374.00
20374.00
20353.00
20345.00
20352.00
20379.00
20381.00
20357.00
20358.00
20357.00
20375.00
20356.00
20370.00
20368.00
20361.00
20365.00
20376.00
20362.00
20343.00
20357.00
20373.00
20387.00
20369.00
20368.00
20379.00
20395.00
20391.00
20376.00
20369.00
20380.00
20394.00
20384.00
20371.00
20356.00
20364.00
20395.00
20384.00
20368.00
20364.00
20354.00
20367.00
20387.00
20363.00
20370.00
20373.00
20355.00
20382.00
20375.00
20371.00
20367.00
20372.00
20374.00
20389.00
20351.00
20362.00
20367.00
20380.00
20399.00
20384.00
20375.00
20369.00
20378.00
20380.00
20365.00
20368.00
20368.00
20357.00
20390.00
20372.00
20380.00
20367.00
20374.00
20378.00
20364.00
20366.00
20365.00
20369.00
20402.00
20377.00
20371.00
20374.00
20384.00
20397.00
20383.00
20386.00
20384.00
20392.00
20391.00
20388.00
20385.00
20373.00
20383.00
20393.00
20393.00
20395.00
20390.00
20377.00
20390.00
20400.00
20377.00
20394.00
20395.00
20417.00
20400.00
20386.00
20368.00
20378.00
20395.00
20405.00
20389.00
20372.00
20380.00
20403.00
20387.00
20383.00
20377.00
20374.00
20402.00
20388.00
20393.00
20383.00
20371.00
20392.00
20398.00
20391.00
20372.00
20400.00
20380.00
20405.00
20401.00
20375.00
20379.00
20399.00
20404.00
20400.00
20380.00
20383.00
20409.00
20395.00
20401.00
20385.00
20386.00
20398.00
20421.00
20401.00
20404.00
20403.00
20415.00
20425.00
20424.00
20403.00
20403.00
20416.00
20421.00
20418.00
20396.00
20394.00
20403.00
20411.00
20400.00
20411.00
20393.00
20399.00
20409.00
20399.00
20375.00
20386.00
20392.00
20403.00
20418.00
20408.00
20405.00
20405.00
20406.00
20415.00
20404.00
20399.00
20399.00
20407.00
20435.00
20410.00
20401.00
20395.00
20406.00
20398.00
20393.00
20394.00
20388.00
20398.00
20414.00
20421.00
20411.00
20399.00
20414.00
20400.00
20406.00
20376.00
20377.00
20407.00
20407.00
20414.00
20405.00
20392.00
20403.00
20418.00
20412.00
20383.00
20391.00
20391.00
20392.00
20394.00
20395.00
20373.00
20383.00
20424.00
20411.00
20401.00
20404.00
20401.00
20415.00
20416.00
20412.00
20391.00
20406.00
20403.00
20413.00
20391.00
20395.00
20395.00
20416.00
20402.00
20395.00
20381.00
20404.00
20412.00
20432.00
20412.00
20399.00
20418.00
20426.00
20416.00
20411.00
20411.00
20390.00
20423.00
20428.00
20435.00
20407.00
20423.00
20425.00
20431.00
20442.00
20411.00
20410.00
20401.00
20409.00
20418.00
20397.00
20415.00
20420.00
20421.00
20402.00
20389.00
20402.00
20408.00
20422.00
20429.00
20427.00
20418.00
20421.00
20423.00
20429.00
20404.00
20404.00
20410.00
20422.00
20397.00
20406.00
20415.00
20422.00
20437.00
20430.00
20432.00
20399.00
20418.00
20428.00
20420.00
20408.00
20414.00
20413.00
20430.00
20433.00
20423.00
20415.00
20415.00
20431.00
20433.00
20432.00
20425.00
20408.00
20425.00
20431.00
20426.00
20407.00
20421.00
20418.00
20419.00
20416.00
20403.00
20409.00
20405.00
20436.00
20436.00
20424.00
20409.00
20419.00
20415.00
20420.00
20392.00
20404.00
20412.00
20429.00
20416.00
20422.00
20397.00
20409.00
20418.00
20424.00
20418.00
20405.00
20403.00
20422.00
20429.00
20421.00
20419.00
20416.00
20421.00
20416.00
20418.00
20415.00
20410.00
20403.00
20432.00
20423.00
20410.00
20420.00
20446.00
20431.00
20420.00
20413.00
20399.00
20417.00
20432.00
20423.00
20414.00
20437.00
20429.00
20441.00
20443.00
20408.00
20418.00
20429.00
20430.00
20421.00
20415.00
20413.00
20410.00
20433.00
20425.00
20427.00
20428.00
20434.00
20447.00
20429.00
20397.00
20409.00
20407.00
20437.00
20439.00
20426.00
20421.00
20426.00
20432.00
20433.00
20418.00
20413.00
20413.00
20433.00
20437.00
20411.00
20403.00
20398.00
20408.00
20413.00
20387.00
20392.00
20390.00
20401.00
20385.00
20376.00
20361.00
20360.00
20349.00
20330.00
20297.00
20301.00
20312.00
20316.00
20312.00
20306.00
20303.00
20293.00
20292.00
20269.00
20260.00
20253.00
20249.00
20241.00
20236.00
20249.00
20221.00
20217.00
20228.00
20229.00
20208.00
20177.00
20185.00
20193.00
20195.00
20193.00
20179.00
20162.00
20165.00
20166.00
20169.00
20144.00
20143.00
20146.00
20149.00
20149.00
20149.00
20149.00
20161.00
20167.00
20162.00
20144.00
20130.00
20140.00
20145.00
20140.00
20146.00
20130.00
20150.00
20165.00
20169.00
20162.00
20140.00
20138.00
20154.00
20164.00
20152.00
20139.00
20138.00
20152.00
20162.00
20151.00
20152.00
20147.00
20145.00
20164.00
20160.00
20135.00
20148.00
20163.00
20167.00
20159.00
20151.00
20138.00
20144.00
20159.00
20155.00
20143.00
20142.00
20159.00
20161.00
20175.00
20158.00
20160.00
20163.00
20183.00
20158.00
20151.00
20155.00
20163.00
20178.00
20176.00
20146.00
20169.00
20166.00
20170.00
20179.00
20154.00
20155.00
20149.00
20173.00
20178.00
20149.00
20158.00
20169.00
20174.00
20180.00
20160.00
20151.00
20156.00
20178.00
20169.00
20179.00
20164.00
20171.00
20170.00
20177.00
20171.00
20171.00
20160.00
20172.00
20187.00
20169.00
20155.00
20156.00
20181.00
20189.00
20183.00
20170.00
20174.00
20165.00
20185.00
20175.00
20162.00
20157.00
20157.00
20182.00
20172.00
20156.00
20173.00
20192.00
20173.00
20182.00
20179.00
20184.00
20193.00
20179.00
20183.00
20170.00
20165.00
20192.00
20188.00
20192.00
20185.00
20186.00
20179.00
20188.00
20186.00
20185.00
20181.00
20180.00
20194.00
20194.00
20190.00
20181.00
20195.00
20190.00
20189.00
20183.00
20172.00
20185.00
20198.00
20203.00
20194.00
20187.00
20189.00
20205.00
20201.00
20191.00
20166.00
20184.00
20203.00
20204.00
20185.00
20185.00
20185.00
20192.00
20213.00
20192.00
20179.00
20190.00
20190.00
20184.00
20208.00
20187.00
20186.00
20187.00
20194.00
20185.00
20174.00
20187.00
20196.00
20189.00
20207.00
20204.00
20192.00
20202.00
20214.00
20199.00
20200.00
20175.00
20189.00
20214.00
20201.00
20208.00
20191.00
20212.00
20224.00
20195.00
20197.00
20201.00
20209.00
20213.00
20203.00
20197.00
20194.00
20205.00
20222.00
20219.00
20222.00
20215.00
20205.00
20223.00
20219.00
20194.00
20203.00
20203.00
20226.00
20224.00
20217.00
20211.00
20215.00
20207.00
20201.00
20207.00
20193.00
20198.00
20206.00
20237.00
20214.00
20215.00
20210.00
20224.00
20218.00
20217.00
20213.00
20211.00
20203.00
20208.00
20220.00
20198.00
20209.00
20227.00
20237.00
20238.00
20214.00
20230.00
20229.00
20222.00
20207.00
20217.00
20208.00
20228.00
20240.00
20230.00
20219.00
20201.00
20210.00
20234.00
20236.00
20226.00
20220.00
20231.00
20235.00
20241.00
20232.00
20200.00
20220.00
20234.00
20225.00
20220.00
20209.00
20211.00
20224.00
20248.00
20235.00
20214.00
20202.00
20234.00
20223.00
20237.00
20194.00
20214.00
20250.00
20249.00
20228.00
20232.00
20229.00
20232.00
20238.00
20230.00
20209.00
20207.00
20221.00
20213.00
20238.00
20204.00
20218.00
20215.00
20216.00
20220.00
20204.00
20220.00
20224.00
20247.00
20254.00
20236.00
20238.00
20228.00
20239.00
20244.00
20219.00
20187.00
20206.00
20232.00
20235.00
20238.00
20222.00
20232.00
20235.00
20221.00
20225.00
20212.00
20228.00
20238.00
20237.00
20222.00
20223.00
20215.00
20233.00
20255.00
20252.00
20217.00
20233.00
20228.00
20238.00
20232.00
20224.00
20223.00
20230.00
20246.00
20226.00
20226.00
20212.00
20237.00
20226.00
20226.00
20208.00
20232.00
20229.00
20234.00
20224.00
20216.00
20207.00
20220.00
20229.00
20235.00
20223.00
20213.00
20239.00
20254.00
20241.00
20232.00
20228.00
20227.00
20241.00
20227.00
20232.00
20231.00
20226.00
20244.00
20249.00
20238.00
20213.00
20241.00
20237.00
20242.00
20226.00
20221.00
20240.00
20231.00
20241.00
20245.00
20214.00
20220.00
20221.00
20233.00
20223.00
20228.00
20223.00
20230.00
20254.00
20244.00
20234.00
20238.00
20232.00
20236.00
20231.00
20222.00
20233.00
20237.00
20250.00
20239.00
20229.00
20208.00
20234.00
20245.00
20239.00
20207.00
20205.00
20226.00
20222.00
20232.00
20211.00
20230.00
20242.00
20244.00
20235.00
20224.00
20214.00
20232.00
20244.00
20248.00
20218.00
20239.00
20240.00
20245.00
20254.00
20245.00
20229.00
20255.00
20255.00
20248.00
20251.00
20246.00
20242.00
20254.00
20254.00
20243.00
20239.00
20233.00
20255.00
20258.00
20248.00
20235.00
20252.00
20257.00
20267.00
20243.00
20237.00
20236.00
20234.00
20253.00
20241.00
20228.00
20225.00
20241.00
20244.00
20255.00
20231.00
20239.00
20252.00
20257.00
20246.00
20235.00
20242.00
20256.00
20252.00
20239.00
20222.00
20217.00
20231.00
20237.00
20223.00
20201.00
20190.00
20194.00
20203.00
20205.00
20176.00
20167.00
20163.00
20148.00
20132.00
20115.00
20098.00
20099.00
20093.00
20086.00
20080.00
20056.00
20060.00
20040.00
20023.00
19990.00
19986.00
19984.00
19984.00
19966.00
19944.00
19907.00
19885.00
19881.00
19874.00
19855.00
19832.00
19820.00
19809.00
19811.00
19791.00
19775.00
19760.00
19747.00
19736.00
19702.00
19706.00
19694.00
19680.00
19681.00
19685.00
19657.00
19666.00
19665.00
19687.00
19690.00
19660.00
19650.00
19662.00
19667.00
19666.00
19655.00
19652.00
19654.00
19671.00
19656.00
19643.00
19629.00
19650.00
19635.00
19651.00
19638.00
19632.00
19635.00
19648.00
19641.00
19634.00
19640.00
19625.00
19644.00
19647.00
19636.00
19633.00
19633.00
19648.00
19669.00
19665.00
19649.00
19648.00
19645.00
19665.00
19655.00
19632.00
19634.00
19642.00
19659.00
19660.00
19649.00
19651.00
19657.00
19658.00
19654.00
19648.00
19653.00
19653.00
19660.00
19655.00
19654.00
19629.00
19659.00
19661.00
19666.00
19653.00
19672.00
19664.00
19666.00
19651.00
19649.00
19648.00
19661.00
19667.00
19670.00
19651.00
19643.00
19652.00
19662.00
19651.00
19657.00
19650.00
19649.00
19667.00
19668.00
19651.00
19642.00
19640.00
19662.00
19671.00
19651.00
19650.00
19657.00
19667.00
19688.00
19668.00
19657.00
19660.00
19662.00
19685.00
19673.00
19655.00
19665.00
19683.00
19672.00
19680.00
19666.00
19668.00
19677.00
19682.00
19678.00
19650.00
19671.00
19681.00
19698.00
19685.00
19689.00
19675.00
19685.00
19690.00
19690.00
19675.00
19661.00
19681.00
19686.00
19702.00
19679.00
19675.00
19690.00
19703.00
19699.00
19685.00
19669.00
19677.00
19681.00
19682.00
19695.00
19680.00
19685.00
19690.00
19693.00
19675.00
19686.00
19664.00
19697.00
19700.00
19675.00
19679.00
19666.00
19699.00
19691.00
19679.00
19675.00
19690.00
19693.00
19692.00
19700.00
19693.00
19680.00
19706.00
19704.00
19709.00
19686.00
19694.00
19694.00
19697.00
19703.00
19706.00
19700.00
19725.00
19725.00
19724.00
19705.00
19703.00
19701.00
19720.00
19716.00
19702.00
19692.00
19703.00
19712.00
19729.00
19710.00
19704.00
19725.00
19725.00
19727.00
19713.00
19682.00
19710.00
19726.00
19717.00
19700.00
19717.00
19718.00
19731.00
19727.00
19704.00
19697.00
19715.00
19711.00
19748.00
19728.00
19724.00
19716.00
19728.00
19735.00
19729.00
19717.00
19714.00
19723.00
19723.00
19729.00
19697.00
19724.00
19729.00
19736.00
19713.00
19710.00
19718.00
19722.00
19712.00
19730.00
19711.00
19715.00
19729.00
19736.00
19727.00
19716.00
19723.00
19727.00
19724.00
19729.00
19729.00
19710.00
19714.00
19722.00
19738.00
19721.00
19699.00
19730.00
19736.00
19730.00
19722.00
19721.00
19732.00
19743.00
19734.00
19720.00
19716.00
19716.00
19732.00
19730.00
19707.00
19718.00
19719.00
19754.00
19742.00
19723.00
19725.00
19716.00
19738.00
19751.00
19726.00
19720.00
19735.00
19747.00
19754.00
19743.00
19741.00
19741.00
19760.00
19752.00
19737.00
19736.00
19728.00
19742.00
19756.00
19751.00
19734.00
19742.00
19760.00
19763.00
19747.00
19736.00
19742.00
19762.00
19757.00
19768.00
19760.00
19759.00
19759.00
19772.00
19762.00
19738.00
19736.00
19745.00
19763.00
19758.00
19740.00
19744.00
19754.00
19779.00
19778.00
19744.00
19756.00
19763.00
19786.00
19768.00
19763.00
19749.00
19769.00
19769.00
19771.00
19772.00
19751.00
19766.00
19762.00
19762.00
19758.00
19742.00
19744.00
19772.00
19773.00
19761.00
19753.00
19755.00
19758.00
19742.00
19750.00
19727.00
19746.00
19758.00
19775.00
19764.00
19758.00
19747.00
19746.00
19754.00
19743.00
19717.00
19732.00
19742.00
19753.00
19736.00
19731.00
19726.00
19744.00
19755.00
19759.00
19736.00
19729.00
19738.00
19742.00
19747.00
19724.00
19718.00
19727.00
19752.00
19731.00
19746.00
19729.00
19740.00
19734.00
19739.00
19728.00
19713.00
19721.00
19741.00
19736.00
19736.00
19715.00
19705.00
19734.00
19733.00
19719.00
19713.00
19711.00
19735.00
19734.00
19718.00
19697.00
19706.00
19728.00
19736.00
19716.00
19701.00
19710.00
19724.00
19734.00
19720.00
19697.00
19724.00
19729.00
19722.00
19713.00
19699.00
19711.00
19728.00
19720.00
19718.00
19715.00
19722.00
19732.00
19744.00
19717.00
19706.00
19717.00
19730.00
19732.00
19744.00
19732.00
19718.00
19729.00
19735.00
19739.00
19732.00
19720.00
19710.00
19735.00
19726.00
19718.00
19724.00
19728.00
19735.00
19742.00
19732.00
19718.00
19725.00
19750.00
19735.00
19730.00
19728.00
19720.00
19742.00
19744.00
19740.00
19723.00
19730.00
19748.00
19733.00
19723.00
19725.00
19739.00
19744.00
19747.00
19741.00
19742.00
19739.00
19746.00
19750.00
19736.00
19729.00
19734.00
19737.00
19755.00
19740.00
19728.00
19714.00
19746.00
19749.00
19754.00
19737.00
19737.00
19752.00
19784.00
19756.00
19752.00
19756.00
19768.00
19794.00
19770.00
19776.00
19795.00
19806.00
19828.00
19840.00
19840.00
19847.00
19861.00
19895.00
19881.00
19896.00
19892.00
19903.00
19916.00
19936.00
19922.00
19937.00
19968.00
19977.00
19977.00
19973.00
19967.00
19980.00
20011.00
19998.00
20010.00
19993.00
19995.00
20025.00
20034.00
20019.00
19998.00
20020.00
20041.00
20038.00
20021.00
20031.00
20046.00
20067.00
20058.00
20049.00
20024.00
20050.00
20043.00
20063.00
20056.00
20060.00
20059.00
20065.00
20070.00
20078.00
20078.00
20088.00
20090.00
20092.00
20087.00
20102.00
20092.00
20108.00
20124.00
20128.00
20108.00
20105.00
20122.00
20127.00
20124.00
20112.00
20113.00
20127.00
20118.00
20133.00
20119.00
20126.00
20130.00
20141.00
20129.00
20113.00
20109.00
20107.00
20131.00
20137.00
20136.00
20126.00
20137.00
20149.00
20143.00
20128.00
20128.00
20125.00
20139.00
20136.00
20116.00
20103.00
20127.00
20152.00
20150.00
20137.00
20131.00
20132.00
20140.00
20133.00
20112.00
20119.00
20130.00
20131.00
20151.00
20131.00
20112.00
20116.00
20144.00
20125.00
20133.00
20118.00
20139.00
20143.00
20163.00
20143.00
20141.00
20136.00
20145.00
20151.00
20136.00
20116.00
20116.00
20149.00
20142.00
20152.00
20139.00
20123.00
20137.00
20141.00
20135.00
20121.00
20130.00
20121.00
20144.00
20134.00
20133.00
20138.00
20144.00
20136.00
20141.00
20131.00
20124.00
20140.00
20153.00
20153.00
20146.00
20141.00
20140.00
20157.00
20150.00
20148.00
20124.00
20143.00
20159.00
20163.00
20165.00
20166.00
20140.00
20154.00
20153.00
20154.00
20134.00
20132.00
20138.00
20142.00
20153.00
20148.00
20151.00
20166.00
20159.00
20139.00
20129.00
20130.00
20148.00
20147.00
20133.00
20130.00
20134.00
20151.00
20166.00
20154.00
20128.00
20131.00
20138.00
20150.00
20139.00
20123.00
20145.00
20156.00
20154.00
20138.00
20131.00
20124.00
20136.00
20143.00
20139.00
20115.00
20152.00
20154.00
20159.00
20157.00
20143.00
20137.00
20128.00
20145.00
20157.00
20136.00
20151.00
20133.00
20153.00
20154.00
20134.00
20132.00
20135.00
20128.00
20126.00
20122.00
20118.00
20123.00
20132.00
20148.00
20134.00
20121.00
20135.00
20149.00
20135.00
20135.00
20119.00
20119.00
20132.00
20152.00
20131.00
20116.00
20124.00
20146.00
20134.00
20127.00
20130.00
20127.00
20137.00
20147.00
20133.00
20132.00
20119.00
20140.00
20141.00
20140.00
20138.00
20125.00
20154.00
20162.00
20142.00
20128.00
20126.00
20136.00
20148.00
20152.00
20136.00
20133.00
20159.00
20154.00
20142.00
20147.00
20148.00
20148.00
20155.00
20141.00
20148.00
20120.00
20138.00
20149.00
20161.00
20151.00
20135.00
20134.00
20164.00
20149.00
20156.00
20137.00
20144.00
20158.00
20162.00
20151.00
20147.00
20152.00
20169.00
20149.00
20137.00
20133.00
20139.00
20141.00
20142.00
20154.00
20159.00
20153.00
20162.00
20170.00
20152.00
20134.00
20143.00
20147.00
20146.00
20131.00
20141.00
20150.00
20174.00
20174.00
20161.00
20141.00
20164.00
20167.00
20173.00
20141.00
20142.00
20145.00
20167.00
20172.00
20149.00
20138.00
20140.00
20155.00
20138.00
20158.00
20130.00
20146.00
20140.00
20148.00
20170.00
20158.00
20147.00
20161.00
20172.00
20170.00
20156.00
20137.00
20149.00
20141.00
20153.00
20142.00
20137.00
20157.00
20165.00
20156.00
20151.00
20143.00
20139.00
20172.00
20150.00
20150.00
20139.00
20157.00
20165.00
20163.00
20151.00
20140.00
20149.00
20170.00
20170.00
20167.00
20152.00
20158.00
20178.00
20181.00
20160.00
20143.00
20157.00
20153.00
20158.00
20142.00
20141.00
20164.00
20148.00
20190.00
20172.00
20148.00
20150.00
20168.00
20173.00
20165.00
20153.00
20152.00
20155.00
20163.00
20171.00
20168.00
20161.00
20159.00
20177.00
20164.00
20139.00
20155.00
20164.00
20181.00
20181.00
20174.00
20158.00
20175.00
20192.00
20177.00
20164.00
20149.00
20169.00
20188.00
20191.00
20181.00
20177.00
20180.00
20198.00
20190.00
20174.00
20169.00
20181.00
20164.00
20167.00
20170.00
20162.00
20184.00
20190.00
20187.00
20165.00
20163.00
20173.00
20179.00
20194.00
20178.00
20182.00
20161.00
20190.00
20194.00
20199.00
20177.00
20193.00
20183.00
20183.00
20189.00
20167.00
20186.00
20175.00
20216.00
20205.00
20183.00
20173.00
20186.00
20192.00
20189.00
20171.00
20175.00
20203.00
20205.00
20208.00
20195.00
20190.00
20198.00
20202.00
20190.00
20184.00
20160.00
20183.00
20195.00
20210.00
20188.00
20180.00
20195.00
20213.00
20199.00
20170.00
20186.00
20167.00
20180.00
20185.00
20185.00
20185.00
20192.00
20199.00
20191.00
20187.00
20184.00
20184.00
20186.00
20193.00
20191.00
20185.00
20187.00
20205.00
20194.00
20198.00
20182.00
20197.00
20218.00
20225.00
20219.00
20215.00
20239.00
20257.00
20256.00
20251.00
20223.00
20257.00
20246.00
20276.00
20271.00
20276.00
20279.00
20294.00
20318.00
20305.00
20294.00
20293.00
20312.00
20334.00
20360.00
20322.00
20337.00
20353.00
20375.00
20376.00
20375.00
20380.00
20396.00
20403.00
20415.00
20387.00
20404.00
20427.00
20452.00
20463.00
20448.00
20439.00
20458.00
20464.00
20477.00
20449.00
20446.00
20467.00
20473.00
20481.00
20483.00
20495.00
20496.00
20479.00
20470.00
20464.00
20462.00
20464.00
20495.00
20491.00
20491.00
20479.00
20477.00
20491.00
20491.00
20509.00
20486.00
20497.00
20511.00
20507.00
20507.00
20482.00
20488.00
20507.00
20518.00
20484.00
20491.00
20496.00
20480.00
20504.00
20490.00
20491.00
20486.00
20504.00
20514.00
20515.00
20489.00
20489.00
20510.00
20492.00
20502.00
20479.00
20498.00
20507.00
20512.00
20509.00
20487.00
20491.00
20507.00
20510.00
20508.00
20480.00
20496.00
20507.00
20515.00
20513.00
20503.00
20495.00
20506.00
20521.00
20509.00
20480.00
20490.00
20493.00
20506.00
20503.00
20486.00
20496.00
20505.00
20521.00
20500.00
20500.00
20495.00
20498.00
20517.00
20509.00
20521.00
20510.00
20503.00
20522.00
20520.00
20503.00
20493.00
20508.00
20508.00
20519.00
20525.00
20506.00
20508.00
20528.00
20542.00
20516.00
20505.00
20520.00
20517.00
20514.00
20530.00
20494.00
20518.00
20528.00
20527.00
20532.00
20524.00
20531.00
20533.00
20541.00
20519.00
20532.00
20514.00
20525.00
20536.00
20549.00
20518.00
20539.00
20532.00
20520.00
20539.00
20526.00
20521.00
20532.00
20545.00
20537.00
20531.00
20531.00
20513.00
20541.00
20538.00
20519.00
20517.00
20533.00
20549.00
20536.00
20537.00
20530.00
20534.00
20535.00
20539.00
20532.00
20517.00
20513.00
20528.00
20527.00
20528.00
20517.00
20525.00
20544.00
20554.00
20535.00
20531.00
20526.00
20527.00
20547.00
20532.00
20533.00
20544.00
20532.00
20531.00
20526.00
20524.00
20521.00
20548.00
20545.00
20530.00
20527.00
20529.00
20551.00
20543.00
20530.00
20504.00
20515.00
20530.00
20529.00
20522.00
20515.00
20532.00
20546.00
20548.00
20533.00
20519.00
20522.00
20506.00
20538.00
20517.00
20510.00
20523.00
20532.00
20538.00
20534.00
20530.00
20523.00
20530.00
20559.00
20541.00
20530.00
20522.00
20545.00
20551.00
20545.00
20527.00
20514.00
20544.00
20541.00
20532.00
20522.00
20533.00
20529.00
20555.00
20550.00
20534.00
20537.00
20535.00
20547.00
20543.00
20526.00
20534.00
20540.00
20545.00
20566.00
20538.00
20536.00
20542.00
20544.00
20550.00
20529.00
20529.00
20541.00
20555.00
20536.00
20531.00
20521.00
20524.00
20534.00
20550.00
20543.00
20519.00
20528.00
20539.00
20538.00
20543.00
20523.00
20540.00
20553.00
20548.00
20553.00
20505.00
20536.00
20557.00
20545.00
20527.00
20517.00
20532.00
20548.00
20541.00
20552.00
20521.00
20528.00
20528.00
20539.00
20533.00
20531.00
20511.00
20531.00
20544.00
20548.00
20525.00
20519.00
20530.00
20552.00
20532.00
20506.00
20518.00
20528.00
20536.00
20526.00
20531.00
20520.00
20519.00
20538.00
20539.00
20519.00
20526.00
20518.00
20536.00
20535.00
20534.00
20523.00
20540.00
20548.00
20541.00
20542.00
20517.00
20528.00
20536.00
20524.00
20523.00
20517.00
20528.00
20551.00
20557.00
20546.00
20541.00
20527.00
20540.00
20540.00
20536.00
20512.00
20523.00
20547.00
20540.00
20551.00
20514.00
20527.00
20536.00
20532.00
20521.00
20523.00
20506.00
20535.00
20542.00
20534.00
20519.00
20519.00
20527.00
20539.00
20518.00
20507.00
20525.00
20533.00
20549.00
20548.00
20516.00
20529.00
20538.00
20533.00
20536.00
20520.00
20520.00
20537.00
20547.00
20545.00
20534.00
20533.00
20523.00
20541.00
20525.00
20517.00
20516.00
20534.00
20543.00
20525.00
20534.00
20522.00
20545.00
20540.00
20552.00
20510.00
20534.00
20521.00
20545.00
20539.00
20528.00
20517.00
20529.00
20527.00
20533.00
20537.00
20526.00
20513.00
20541.00
20563.00
20551.00
20527.00
20531.00
20541.00
20543.00
20533.00
20525.00
20526.00
20526.00
20557.00
20546.00
20529.00
20533.00
20537.00
20537.00
20552.00
20527.00
20519.00
20534.00
20556.00
20546.00
20533.00
20535.00
20548.00
20544.00
20547.00
20527.00
20521.00
20522.00
20531.00
20546.00
20532.00
20529.00
20541.00
20549.00
20548.00
20529.00
20539.00
20545.00
20552.00
20548.00
20540.00
20536.00
20551.00
20558.00
20540.00
20540.00
20531.00
20527.00
20546.00
20533.00
20543.00
20538.00
20553.00
20544.00
20574.00
20558.00
20539.00
20529.00
20549.00
20552.00
20546.00
20524.00
20535.00
20552.00
20559.00
20545.00
20531.00
20542.00
20553.00
20544.00
20542.00
20513.00
20535.00
20537.00
20551.00
20550.00
20535.00
20534.00
20552.00
20554.00
20532.00
20538.00
20535.00
20531.00
20556.00
20566.00
20541.00
20543.00
20549.00
20557.00
20559.00
20556.00
20549.00
20547.00
20577.00
20553.00
20565.00
20562.00
20567.00
20578.00
20581.00
20566.00
20548.00
20538.00
20572.00
20576.00
20577.00
20559.00
20572.00
20581.00
20585.00
20566.00
20561.00
20568.00
20595.00
20596.00
20571.00
20592.00
20591.00
20611.00
20617.00
20610.00
20603.00
20604.00
20605.00
20625.00
20612.00
20594.00
20598.00
20598.00
20616.00
20613.00
20587.00
20592.00
20606.00
20589.00
20593.00
20571.00
20581.00
20555.00
20581.00
20581.00
20562.00
20566.00
20564.00
20580.00
20564.00
20556.00
20546.00
20553.00
20562.00
20561.00
20551.00
20556.00
20575.00
20572.00
20568.00
20553.00
20544.00
20550.00
20584.00
20577.00
20557.00
20543.00
20576.00
20587.00
20576.00
20572.00
20562.00
20568.00
20561.00
20579.00
20555.00
20554.00
20564.00
20581.00
20589.00
20585.00
20564.00
20565.00
20570.00
20576.00
20559.00
20557.00
20569.00
20596.00
20583.00
20573.00
20571.00
20566.00
20579.00
20573.00
20579.00
20562.00
20581.00
20559.00
20567.00
20579.00
20553.00
20570.00
20580.00
20593.00
20584.00
20573.00
20564.00
20591.00
20588.00
20575.00
20576.00
20584.00
20573.00
20583.00
20578.00
20543.00
20560.00
20564.00
20591.00
20581.00
20575.00
20559.00
20578.00
20586.00
20582.00
20557.00
20553.00
20567.00
20577.00
20575.00
20557.00
20568.00
20582.00
20583.00
20585.00
20569.00
20559.00
20563.00
20576.00
20574.00
20561.00
20564.00
20570.00
20591.00
20576.00
20569.00
20569.00
20559.00
20575.00
20566.00
20578.00
20561.00
20571.00
20586.00
20585.00
20584.00
20563.00
20569.00
20588.00
20585.00
20571.00
20570.00
20576.00
20567.00
20603.00
20585.00
20564.00
20572.00
20573.00
20576.00
20580.00
20572.00
20573.00
20584.00
20599.00
20592.00
20569.00
20574.00
20581.00
20608.00
20598.00
20577.00
20586.00
20573.00
20600.00
20593.00
20591.00
20570.00
20568.00
20591.00
20594.00
20578.00
20570.00
20577.00
20591.00
20608.00
20585.00
20583.00
20598.00
20588.00
20585.00
20580.00
20566.00
20578.00
20573.00
20591.00
20591.00
20591.00
20586.00
20601.00
20604.00
20586.00
20594.00
20583.00
20597.00
20594.00
20586.00
20587.00
20603.00
20600.00
20625.00
20602.00
20589.00
20610.00
20613.00
20607.00
20600.00
20580.00
20598.00
20593.00
20627.00
20607.00
20606.00
20599.00
20595.00
20594.00
20609.00
20595.00
20584.00
20602.00
20610.00
20596.00
20596.00
20601.00
20582.00
20609.00
20571.00
20585.00
20590.00
20593.00
20623.00
20624.00
20591.00
20589.00
20599.00
20608.00
20594.00
20585.00
20588.00
20590.00
20610.00
20621.00
20610.00
20596.00
20612.00
20625.00
20600.00
20599.00
20584.00
20585.00
20614.00
20621.00
20602.00
20590.00
20598.00
20612.00
20622.00
20618.00
20598.00
20613.00
20616.00
20621.00
20612.00
20587.00
20581.00
20600.00
20605.00
20597.00
20594.00
20597.00
20624.00
20614.00
20622.00
20612.00
20603.00
20627.00
20620.00
20614.00
20597.00
20583.00
20603.00
20637.00
20624.00
20621.00
20613.00
20603.00
20619.00
20625.00
20600.00
20613.00
20619.00
20629.00
20645.00
20619.00
20608.00
20616.00
20622.00
20616.00
20607.00
20603.00
20615.00
20623.00
20627.00
20612.00
20595.00
20629.00
20624.00
20646.00
20620.00
20600.00
20602.00
20617.00
20616.00
20622.00
20626.00
20609.00
20627.00
20639.00
20636.00
20615.00
20618.00
20616.00
20640.00
20610.00
20614.00
20611.00
20623.00
20632.00
20631.00
20623.00
20617.00
20618.00
20633.00
20616.00
20613.00
20622.00
20638.00
20622.00
20630.00
20613.00
20616.00
20627.00
20644.00
20615.00
20617.00
20592.00
20638.00
20648.00
20634.00
20628.00
20609.00
20626.00
20637.00
20646.00
20619.00
20620.00
20628.00
20631.00
20618.00
20643.00
20638.00
20641.00
20639.00
20655.00
20637.00
20625.00
20628.00
20635.00
20643.00
20630.00
20629.00
