14459.00
14444.00
14444.00
14460.00
14470.00
14457.00
14445.00
14438.00
14460.00
14454.00
14451.00
14433.00
14422.00
14441.00
14455.00
14433.00
14419.00
14423.00
14444.00
14466.00
14441.00
14424.00
14426.00
14427.00
14456.00
14437.00
14437.00
14441.00
14440.00
14443.00
14435.00
14405.00
14422.00
14436.00
14434.00
14423.00
14430.00
14426.00
14449.00
14445.00
14425.00
14421.00
14420.00
14422.00
14427.00
14416.00
14424.00
14425.00
14434.00
14441.00
14436.00
14427.00
14413.00
14438.00
14432.00
14433.00
14422.00
14422.00
14425.00
14433.00
14425.00
14432.00
14408.00
14415.00
14422.00
14434.00
14446.00
14401.00
14426.00
14444.00
14433.00
14435.00
14425.00
14434.00
14443.00
14451.00
14417.00
14433.00
14425.00
14439.00
14442.00
14439.00
14428.00
14429.00
14441.00
14436.00
14419.00
14417.00
14438.00
14424.00
14437.00
14438.00
14427.00
14438.00
14449.00
14469.00
14439.00
14441.00
14428.00
14446.00
14454.00
14442.00
14425.00
14435.00
14434.00
14444.00
14451.00
14419.00
14429.00
14436.00
14441.00
14445.00
14429.00
14430.00
14444.00
14451.00
14443.00
14445.00
14446.00
14439.00
14439.00
14448.00
14433.00
14433.00
14451.00
14468.00
14460.00
14436.00
14457.00
14442.00
14451.00
14426.00
14445.00
14432.00
14425.00
14433.00
14433.00
14440.00
14436.00
14446.00
14446.00
14434.00
14423.00
14431.00
14428.00
14442.00
14437.00
14437.00
14414.00
14442.00
14456.00
14444.00
14429.00
14422.00
14438.00
14443.00
14454.00
14443.00
14426.00
14446.00
14458.00
14449.00
14434.00
14444.00
14414.00
14434.00
14456.00
14418.00
14437.00
14448.00
14463.00
14463.00
14440.00
14425.00
14433.00
14435.00
14434.00
14421.00
14419.00
14416.00
14440.00
14458.00
14460.00
14451.00
14444.00
14454.00
14446.00
14443.00
14452.00
14456.00
14475.00
14458.00
14457.00
14458.00
14450.00
14476.00
14463.00
14447.00
14454.00
14443.00
14458.00
14476.00
14465.00
14451.00
14450.00
14451.00
14473.00
14457.00
14433.00
14451.00
14451.00
14474.00
14444.00
14450.00
14460.00
14469.00
14456.00
14461.00
14441.00
14446.00
14437.00
14436.00
14446.00
14449.00
14443.00
14457.00
14466.00
14468.00
14459.00
14453.00
14434.00
14457.00
14450.00
14470.00
14456.00
14471.00
14488.00
14482.00
14452.00
14444.00
14460.00
14478.00
14483.00
14451.00
14456.00
14462.00
14499.00
14486.00
14468.00
14454.00
14451.00
14449.00
14461.00
14445.00
14425.00
14445.00
14458.00
14475.00
14477.00
14476.00
14472.00
14474.00
14475.00
14453.00
14468.00
14455.00
14466.00
14473.00
14466.00
14463.00
14481.00
14497.00
14494.00
14487.00
14454.00
14462.00
14466.00
14462.00
14462.00
14440.00
14454.00
14468.00
14482.00
14467.00
14453.00
14474.00
14478.00
14495.00
14480.00
14459.00
14485.00
14471.00
14508.00
14476.00
14439.00
14469.00
14478.00
14506.00
14495.00
14488.00
14497.00
14499.00
14503.00
14484.00
14495.00
14488.00
14488.00
14499.00
14489.00
14481.00
14455.00
14472.00
14483.00
14476.00
14467.00
14468.00
14469.00
14496.00
14500.00
14470.00
14471.00
14491.00
14488.00
14482.00
14478.00
14448.00
14473.00
14467.00
14477.00
14464.00
14475.00
14483.00
14494.00
14484.00
14451.00
14447.00
14453.00
14481.00
14450.00
14467.00
14449.00
14482.00
14490.00
14484.00
14465.00
14460.00
14472.00
14491.00
14478.00
14453.00
14440.00
14459.00
14482.00
14482.00
14482.00
14469.00
14468.00
14476.00
14470.00
14458.00
14448.00
14479.00
14491.00
14483.00
14471.00
14455.00
14463.00
14474.00
14477.00
14463.00
14447.00
14460.00
14473.00
14485.00
14475.00
14475.00
14455.00
14472.00
14464.00
14449.00
14440.00
14429.00
14466.00
14469.00
14447.00
14446.00
14451.00
14438.00
14457.00
14459.00
14408.00
14432.00
14434.00
14422.00
14420.00
14406.00
14409.00
14421.00
14411.00
14411.00
14397.00
14395.00
14401.00
14404.00
14381.00
14381.00
14377.00
14395.00
14409.00
14413.00
14401.00
14380.00
14398.00
14405.00
14406.00
14381.00
14391.00
14407.00
14415.00
14409.00
14388.00
14399.00
14403.00
14418.00
14398.00
14404.00
14384.00
14422.00
14432.00
14421.00
14408.00
14393.00
14410.00
14433.00
14426.00
14432.00
14409.00
14412.00
14449.00
14424.00
14407.00
14372.00
14384.00
14388.00
14415.00
14379.00
14354.00
14389.00
14433.00
14492.00
14473.00
14476.00
14480.00
14476.00
14479.00
14465.00
14449.00
14455.00
14456.00
14465.00
14462.00
14439.00
14449.00
14452.00
14454.00
14435.00
14424.00
14392.00
14403.00
14403.00
14379.00
14385.00
14385.00
14399.00
14403.00
14386.00
14375.00
14372.00
14376.00
14362.00
14362.00
14337.00
14346.00
14365.00
14338.00
14338.00
