14262.00
14262.00
14260.00
14284.00
14301.00
14274.00
14267.00
14279.00
14284.00
14275.00
14264.00
14248.00
14276.00
14285.00
14298.00
14281.00
14280.00
14288.00
14297.00
14294.00
14285.00
14275.00
14263.00
14251.00
14263.00
14276.00
14273.00
14285.00
14307.00
14285.00
14284.00
14262.00
14258.00
14281.00
14297.00
14293.00
14263.00
14281.00
14286.00
14285.00
14265.00
14260.00
14269.00
14271.00
14267.00
14275.00
14282.00
14269.00
14271.00
14279.00
14283.00
14261.00
14269.00
14266.00
14266.00
14270.00
14246.00
14266.00
14274.00
14287.00
14281.00
14272.00
14272.00
14266.00
14276.00
14278.00
14273.00
14251.00
14268.00
14267.00
14294.00
14270.00
14262.00
14269.00
14266.00
14268.00
14263.00
14268.00
14295.00
14295.00
14295.00
14273.00
14265.00
14274.00
14274.00
14270.00
14271.00
14256.00
14267.00
14291.00
14292.00
14289.00
14281.00
14280.00
14288.00
14293.00
14278.00
14275.00
14270.00
14274.00
14301.00
14301.00
14281.00
14289.00
14302.00
14297.00
14280.00
14269.00
14278.00
14285.00
14285.00
14281.00
14283.00
14257.00
14283.00
14302.00
14273.00
14275.00
14268.00
14266.00
14280.00
14288.00
14288.00
14280.00
14287.00
14295.00
14289.00
14282.00
14277.00
14271.00
14279.00
14275.00
14258.00
14262.00
14282.00
14296.00
14287.00
14288.00
14270.00
14271.00
14287.00
14278.00
14268.00
14262.00
14270.00
14281.00
14288.00
14286.00
14284.00
14281.00
14286.00
14282.00
14269.00
14267.00
14274.00
14279.00
14287.00
14298.00
14289.00
14278.00
14290.00
14302.00
14283.00
14256.00
14274.00
14280.00
14293.00
14302.00
14271.00
14279.00
14286.00
14284.00
14274.00
14264.00
14283.00
14284.00
14292.00
14288.00
14287.00
14271.00
14283.00
14277.00
14279.00
14291.00
14268.00
14274.00
14282.00
14285.00
14263.00
14271.00
14289.00
14293.00
14293.00
14282.00
14258.00
14284.00
14283.00
14288.00
14257.00
14278.00
14280.00
14283.00
14288.00
14284.00
14265.00
14272.00
14284.00
14292.00
14269.00
14287.00
14279.00
14292.00
14286.00
14275.00
14272.00
14277.00
14277.00
14285.00
14278.00
14279.00
14278.00
14296.00
14313.00
14289.00
14272.00
14287.00
14287.00
14301.00
14296.00
14270.00
14276.00
14294.00
14299.00
14291.00
14279.00
14272.00
14281.00
14300.00
14285.00
14268.00
14274.00
14302.00
14306.00
14293.00
14283.00
14262.00
14283.00
14290.00
14284.00
14277.00
14276.00
14297.00
14304.00
14295.00
14290.00
14280.00
14281.00
14287.00
14299.00
14284.00
14267.00
14296.00
14287.00
14308.00
14294.00
14291.00
14299.00
14305.00
14297.00
14305.00
14289.00
14284.00
14304.00
14311.00
14297.00
14280.00
14294.00
14282.00
14309.00
14282.00
14279.00
14280.00
14290.00
14288.00
14297.00
14285.00
14281.00
14308.00
14299.00
14281.00
14283.00
14280.00
14291.00
14294.00
14295.00
14274.00
14291.00
14306.00
14317.00
14297.00
14292.00
14290.00
14302.00
14306.00
14292.00
14266.00
14281.00
14303.00
14308.00
14305.00
14299.00
14300.00
14302.00
14308.00
14301.00
14290.00
14265.00
14289.00
14294.00
14300.00
14301.00
14292.00
14306.00
14307.00
14293.00
14275.00
14289.00
14278.00
14298.00
14305.00
14297.00
14293.00
14287.00
14299.00
14302.00
14305.00
14265.00
14304.00
14307.00
14316.00
14305.00
14307.00
14294.00
14308.00
14306.00
14300.00
14291.00
14298.00
14309.00
14321.00
14308.00
14286.00
14297.00
14321.00
14311.00
14319.00
14304.00
14294.00
14303.00
14312.00
14300.00
14290.00
14276.00
14315.00
14327.00
14317.00
14315.00
14303.00
14306.00
14307.00
14305.00
14299.00
14310.00
14331.00
14335.00
14323.00
14304.00
14299.00
14294.00
14313.00
14308.00
14280.00
14285.00
14297.00
14327.00
14305.00
14284.00
14290.00
14298.00
14315.00
14319.00
14306.00
14292.00
14294.00
14306.00
14302.00
14297.00
14284.00
14309.00
14314.00
14326.00
14313.00
14295.00
14303.00
14319.00
14313.00
14297.00
14290.00
14305.00
14298.00
14309.00
14314.00
14284.00
14306.00
14316.00
14313.00
14326.00
14310.00
14307.00
14316.00
14334.00
14309.00
14307.00
14297.00
14315.00
14322.00
14324.00
14311.00
14312.00
14330.00
14329.00
14323.00
14294.00
14307.00
14307.00
14316.00
14344.00
14309.00
14311.00
14305.00
14340.00
14335.00
14334.00
14320.00
14312.00
14333.00
14326.00
14326.00
14320.00
14316.00
14345.00
14335.00
14305.00
14306.00
14306.00
14342.00
14332.00
14313.00
14306.00
14319.00
14352.00
14345.00
14333.00
14317.00
14303.00
14330.00
14321.00
14313.00
14308.00
14318.00
14337.00
14340.00
14327.00
14326.00
14325.00
14320.00
14336.00
14319.00
14306.00
14307.00
14306.00
14317.00
14328.00
14322.00
14310.00
14326.00
14337.00
14314.00
14309.00
14315.00
14315.00
14295.00
14334.00
14318.00
14313.00
14324.00
14336.00
14318.00
14302.00
14298.00
14319.00
14340.00
14315.00
14301.00
14314.00
14329.00
14341.00
14341.00
14318.00
14321.00
14321.00
14347.00
14333.00
14308.00
14307.00
14337.00
14331.00
14349.00
14343.00
14312.00
14320.00
14342.00
14321.00
14324.00
14301.00
14324.00
14334.00
14342.00
14305.00
14289.00
14294.00
14318.00
14329.00
14321.00
14305.00
14290.00
14321.00
14322.00
14308.00
14324.00
14311.00
14314.00
14322.00
14315.00
14310.00
14305.00
14318.00
14334.00
14324.00
14307.00
14310.00
14323.00
14340.00
14337.00
14322.00
14325.00
14330.00
14326.00
14325.00
14318.00
14306.00
14313.00
14305.00
14308.00
14317.00
14309.00
14314.00
14324.00
14319.00
14300.00
14304.00
14297.00
14316.00
14327.00
14305.00
14311.00
14308.00
14329.00
14328.00
14325.00
14312.00
14311.00
14325.00
14333.00
14331.00
14319.00
14321.00
14338.00
14328.00
14331.00
14307.00
14306.00
14310.00
14335.00
14331.00
14310.00
14317.00
14335.00
14315.00
14339.00
14307.00
14329.00
14336.00
14330.00
14326.00
14336.00
14321.00
14338.00
14360.00
14347.00
14339.00
14330.00
14329.00
14347.00
14352.00
14327.00
14319.00
14341.00
14338.00
14338.00
14324.00
14306.00
14326.00
14320.00
14319.00
14292.00
14313.00
14338.00
14349.00
14335.00
14328.00
14314.00
14307.00
14336.00
14334.00
14325.00
14311.00
14309.00
14309.00
14338.00
14332.00
14302.00
14341.00
14331.00
14343.00
14314.00
14316.00
14316.00
14318.00
14321.00
14308.00
14310.00
14305.00
14329.00
14353.00
14346.00
14328.00
14321.00
14325.00
14349.00
14323.00
14308.00
14325.00
14328.00
14338.00
14357.00
14329.00
14320.00
14334.00
14339.00
14329.00
14304.00
14310.00
14328.00
14348.00
14363.00
14318.00
14330.00
14325.00
14326.00
14333.00
14317.00
14306.00
14331.00
14350.00
14345.00
14332.00
14331.00
14333.00
14345.00
14329.00
14331.00
14294.00
14318.00
14314.00
14336.00
14322.00
14317.00
14334.00
14346.00
14330.00
14322.00
14320.00
14306.00
14340.00
14326.00
14336.00
14326.00
14332.00
14335.00
14333.00
14329.00
14317.00
14336.00
14328.00
14354.00
14342.00
14332.00
14336.00
14337.00
14336.00
14335.00
14326.00
14320.00
14316.00
14342.00
14334.00
14322.00
14335.00
14346.00
14367.00
14347.00
14322.00
14316.00
14337.00
14345.00
14327.00
14316.00
14325.00
14341.00
14333.00
14332.00
14316.00
14302.00
14329.00
14336.00
14329.00
14307.00
14327.00
14327.00
14345.00
14348.00
14312.00
14314.00
14315.00
14307.00
14315.00
14308.00
14315.00
14330.00
14340.00
14349.00
14322.00
14301.00
14314.00
14322.00
14333.00
14334.00
14329.00
14315.00
14351.00
14346.00
14322.00
14321.00
14336.00
14335.00
14336.00
14319.00
14325.00
14307.00
14336.00
14362.00
14340.00
14337.00
14346.00
14340.00
14352.00
14354.00
14332.00
14321.00
14346.00
14368.00
14350.00
14355.00
14342.00
14353.00
14356.00
14346.00
14321.00
14321.00
14337.00
14349.00
14344.00
14355.00
14355.00
14366.00
14370.00
14363.00
14352.00
14336.00
14348.00
14353.00
14349.00
14336.00
14344.00
14354.00
14377.00
14365.00
14355.00
14330.00
14350.00
14355.00
14362.00
14352.00
14338.00
14348.00
14375.00
14361.00
14367.00
14341.00
14358.00
14348.00
14373.00
14349.00
14343.00
14348.00
14377.00
14385.00
14379.00
14361.00
14360.00
14383.00
14374.00
14374.00
14363.00
14368.00
14397.00
14399.00
14392.00
14393.00
14376.00
14392.00
14376.00
14389.00
14359.00
14366.00
14369.00
14385.00
14381.00
14364.00
14363.00
14370.00
14389.00
14352.00
14352.00
14361.00
14380.00
14387.00
14395.00
14384.00
14366.00
14372.00
14384.00
14367.00
14362.00
14366.00
14352.00
14369.00
14371.00
14357.00
14357.00
14371.00
14389.00
14388.00
14369.00
14354.00
14360.00
14360.00
14372.00
14350.00
14347.00
14367.00
14387.00
14387.00
14380.00
14349.00
14349.00
14359.00
14351.00
14354.00
14333.00
14353.00
14364.00
14380.00
14382.00
14345.00
14344.00
14353.00
14381.00
14347.00
14351.00
14358.00
14376.00
14337.00
14357.00
14344.00
14348.00
14363.00
14362.00
14347.00
14357.00
14320.00
14352.00
14338.00
14362.00
14362.00
14354.00
14356.00
14359.00
14368.00
14338.00
14347.00
14346.00
14355.00
14361.00
14360.00
14352.00
14363.00
14374.00
14376.00
14346.00
14359.00
14355.00
14367.00
14373.00
14354.00
14345.00
14342.00
14366.00
14369.00
14371.00
14343.00
14348.00
14352.00
14367.00
14372.00
14360.00
14349.00
14380.00
14378.00
14371.00
14351.00
14355.00
14363.00
14379.00
14369.00
14359.00
14360.00
14386.00
14392.00
14361.00
14359.00
14360.00
14380.00
14380.00
14374.00
14347.00
14370.00
14355.00
14376.00
14360.00
14359.00
14360.00
14374.00
14365.00
14370.00
14360.00
14352.00
14363.00
14360.00
14369.00
14359.00
14333.00
14378.00
14348.00
14362.00
14346.00
14360.00
14354.00
14352.00
14362.00
14369.00
14370.00
14385.00
14386.00
14370.00
14357.00
14361.00
14359.00
14366.00
14375.00
14350.00
14350.00
14353.00
14356.00
14375.00
14360.00
14353.00
14347.00
14363.00
14370.00
14360.00
14353.00
14344.00
14350.00
14353.00
14362.00
14343.00
14345.00
14345.00
14334.00
14348.00
14331.00
14337.00
14322.00
14349.00
14340.00
14337.00
14333.00
14346.00
14350.00
14355.00
14343.00
14337.00
14354.00
14361.00
14354.00
14354.00
14340.00
14353.00
14358.00
14377.00
14350.00
14338.00
14343.00
14357.00
14354.00
14339.00
14333.00
14355.00
14354.00
14364.00
14335.00
14318.00
14328.00
14374.00
14360.00
14349.00
14348.00
14356.00
14359.00
14368.00
14359.00
14353.00
14363.00
14373.00
14331.00
14344.00
14350.00
14355.00
14372.00
14373.00
14356.00
14337.00
14343.00
14368.00
14363.00
14348.00
14348.00
14350.00
14360.00
14369.00
14364.00
14336.00
14343.00
14342.00
14366.00
14337.00
14317.00
14319.00
14333.00
14350.00
14355.00
14337.00
14344.00
14358.00
14364.00
14364.00
14346.00
14346.00
14348.00
14370.00
14339.00
14335.00
14338.00
14346.00
14353.00
14364.00
14354.00
14339.00
14347.00
14381.00
14374.00
14357.00
14355.00
14366.00
14382.00
14368.00
14350.00
14349.00
14360.00
14361.00
14362.00
14352.00
14331.00
14340.00
14378.00
14374.00
14360.00
14371.00
14365.00
14378.00
14385.00
14379.00
14361.00
14356.00
14363.00
14364.00
14366.00
14370.00
14378.00
14367.00
14387.00
14383.00
14364.00
14369.00
14381.00
14400.00
14387.00
14369.00
14380.00
14369.00
14383.00
14364.00
14331.00
14343.00
14374.00
14359.00
14375.00
14355.00
14327.00
14346.00
14368.00
14377.00
14359.00
14349.00
14357.00
14378.00
14349.00
14351.00
14351.00
14341.00
14353.00
14381.00
14344.00
14345.00
14358.00
14379.00
14366.00
14348.00
14352.00
14364.00
14353.00
14376.00
14365.00
14350.00
14365.00
14369.00
14363.00
14362.00
14344.00
14346.00
14386.00
14377.00
14376.00
14360.00
14366.00
14370.00
14377.00
14371.00
14353.00
14352.00
14375.00
14388.00
14378.00
14369.00
14357.00
14372.00
14374.00
14374.00
14359.00
14356.00
14378.00
14376.00
14361.00
14359.00
14383.00
14375.00
14389.00
14375.00
14358.00
14348.00
14361.00
14359.00
14366.00
14347.00
14349.00
14350.00
14389.00
14374.00
14368.00
14351.00
14371.00
14361.00
14363.00
14369.00
14369.00
14379.00
14374.00
14370.00
14375.00
14362.00
14362.00
14373.00
14370.00
14348.00
14363.00
14353.00
14385.00
14375.00
14357.00
14345.00
14345.00
14365.00
14370.00
14356.00
14356.00
14364.00
14388.00
14391.00
14401.00
14371.00
14387.00
14376.00
14376.00
14372.00
14360.00
14356.00
14361.00
14382.00
14383.00
14349.00
14373.00
14366.00
14381.00
14354.00
14343.00
14367.00
14375.00
14373.00
14387.00
14382.00
14359.00
14381.00
14380.00
14369.00
14357.00
14354.00
14354.00
14369.00
14385.00
14374.00
14370.00
14397.00
14401.00
14415.00
14387.00
14379.00
14384.00
14387.00
14399.00
14357.00
14371.00
14386.00
14412.00
14417.00
14398.00
14385.00
14417.00
14420.00
14409.00
14387.00
14398.00
14379.00
14398.00
14402.00
14391.00
14401.00
14400.00
14396.00
14401.00
14393.00
14379.00
14384.00
14412.00
14407.00
14406.00
14395.00
14396.00
14399.00
14406.00
14400.00
14383.00
14381.00
14407.00
14407.00
14418.00
14399.00
14399.00
14419.00
14425.00
14428.00
14403.00
14399.00
14399.00
14409.00
14408.00
14386.00
14408.00
14407.00
14441.00
14442.00
14421.00
14418.00
14414.00
14420.00
14427.00
14405.00
14386.00
14428.00
14436.00
14433.00
14405.00
14393.00
14398.00
14415.00
14412.00
14410.00
14400.00
14432.00
14442.00
14415.00
14414.00
14417.00
14420.00
14416.00
14417.00
14421.00
14407.00
14414.00
14431.00
14435.00
14397.00
14344.00
14285.00
14363.00
14384.00
14416.00
14414.00
14423.00
14457.00
14463.00
14438.00
14430.00
14422.00
14430.00
14451.00
14425.00
14430.00
14421.00
14429.00
14461.00
14444.00
14440.00
14452.00
14486.00
14498.00
14484.00
14473.00
14482.00
14492.00
14504.00
14508.00
14499.00
14501.00
14497.00
14506.00
14474.00
14487.00
14469.00
14489.00
14488.00
14497.00
14480.00
14495.00
14495.00
14500.00
14510.00
14478.00
14473.00
14474.00
14487.00
14492.00
14478.00
14446.00
14470.00
14486.00
14499.00
14485.00
14471.00
14477.00
14479.00
14465.00
14487.00
14480.00
14493.00
14503.00
14497.00
14482.00
14469.00
14488.00
14501.00
14482.00
14497.00
14476.00
14477.00
14483.00
14498.00
14506.00
14497.00
14492.00
14528.00
14512.00
14517.00
14514.00
14506.00
14520.00
14513.00
14527.00
14520.00
14518.00
14529.00
14547.00
14531.00
14516.00
14516.00
14515.00
14519.00
14521.00
14503.00
14508.00
14522.00
14532.00
14527.00
14533.00
14501.00
14516.00
14522.00
14527.00
14534.00
14519.00
14542.00
14533.00
14544.00
14526.00
14518.00
14515.00
14534.00
14522.00
14503.00
14514.00
14536.00
14553.00
14542.00
14539.00
14529.00
14529.00
14535.00
14533.00
14528.00
14510.00
14515.00
14539.00
14526.00
14534.00
14523.00
14530.00
14536.00
14531.00
14531.00
14502.00
14502.00
14512.00
14529.00
14525.00
14499.00
14533.00
14533.00
14523.00
14519.00
14494.00
14499.00
14514.00
14522.00
14514.00
14505.00
14514.00
14508.00
14534.00
14513.00
14505.00
14500.00
14502.00
14509.00
14516.00
14507.00
14513.00
14523.00
14530.00
14528.00
14520.00
14514.00
14510.00
14525.00
14515.00
14496.00
14509.00
14523.00
14533.00
14539.00
14524.00
14510.00
14522.00
14526.00
14523.00
14503.00
14516.00
14507.00
14543.00
14529.00
14527.00
14521.00
14529.00
14522.00
14523.00
14522.00
14519.00
14528.00
14544.00
14553.00
14528.00
14496.00
14510.00
14525.00
14525.00
14505.00
14489.00
14506.00
14531.00
14526.00
14531.00
14518.00
14529.00
14538.00
14537.00
14525.00
14510.00
14514.00
14541.00
14526.00
14530.00
14522.00
14530.00
14540.00
14542.00
14529.00
14523.00
14517.00
14524.00
14515.00
14520.00
14505.00
14506.00
14518.00
14520.00
14503.00
14490.00
14502.00
14510.00
14519.00
14505.00
14505.00
14524.00
14521.00
14535.00
14514.00
14519.00
14513.00
14499.00
14498.00
14521.00
14512.00
14505.00
14528.00
14537.00
14519.00
14511.00
14490.00
14518.00
14538.00
14517.00
14492.00
14493.00
14519.00
14536.00
14511.00
14516.00
14516.00
14520.00
14518.00
14513.00
14470.00
14503.00
14518.00
14524.00
14525.00
14512.00
14509.00
14513.00
14524.00
14523.00
14508.00
14508.00
14511.00
14538.00
14545.00
14540.00
14520.00
14516.00
14522.00
14522.00
14522.00
14491.00
14499.00
14515.00
14524.00
14517.00
14513.00
14509.00
14513.00
14536.00
14520.00
14506.00
14497.00
14511.00
14530.00
14522.00
14518.00
14523.00
14529.00
14528.00
14530.00
14514.00
14498.00
14536.00
14526.00
14531.00
14500.00
14506.00
14510.00
14514.00
14501.00
14491.00
14485.00
14520.00
14537.00
14542.00
14518.00
14515.00
14517.00
14514.00
14513.00
14504.00
14489.00
14506.00
14516.00
14532.00
14512.00
14504.00
14515.00
14517.00
14496.00
14501.00
14498.00
14468.00
14497.00
14501.00
14495.00
14489.00
14507.00
14517.00
14489.00
14501.00
14485.00
14496.00
14511.00
14519.00
14522.00
14516.00
14508.00
14529.00
14518.00
14536.00
14507.00
14507.00
14512.00
14510.00
14517.00
14510.00
14513.00
14520.00
14515.00
14510.00
14498.00
14497.00
14511.00
14525.00
14518.00
14501.00
14500.00
14501.00
14511.00
14512.00
14488.00
14489.00
14509.00
14510.00
14520.00
14484.00
14490.00
14517.00
14516.00
14526.00
14507.00
14518.00
14512.00
14515.00
14502.00
14530.00
14495.00
14503.00
14511.00
14508.00
14516.00
14503.00
14506.00
14503.00
14507.00
14498.00
14509.00
14516.00
14543.00
14539.00
14509.00
14507.00
14512.00
14527.00
14524.00
14514.00
14517.00
14530.00
14547.00
14543.00
14521.00
14515.00
14506.00
14522.00
14522.00
14517.00
14510.00
14504.00
14517.00
14519.00
14514.00
14519.00
14536.00
14532.00
14540.00
14523.00
14511.00
14530.00
14527.00
14541.00
14535.00
14519.00
14524.00
14529.00
14533.00
14538.00
14504.00
14488.00
14514.00
14536.00
14538.00
14520.00
14517.00
14532.00
14533.00
14515.00
14505.00
14483.00
14495.00
14504.00
14522.00
14510.00
14491.00
14516.00
14551.00
14533.00
14511.00
14511.00
14503.00
14522.00
14531.00
14499.00
14498.00
14504.00
14524.00
14525.00
14521.00
14492.00
14489.00
14547.00
14535.00
14515.00
14513.00
14523.00
14532.00
14536.00
14505.00
14501.00
14491.00
14517.00
14491.00
14507.00
14489.00
14496.00
14513.00
14515.00
14509.00
14498.00
14480.00
14486.00
14490.00
14485.00
14459.00
14466.00
14480.00
14474.00
14497.00
14462.00
14469.00
14467.00
14486.00
14465.00
14470.00
14453.00
14460.00
14449.00
14438.00
14433.00
14430.00
14429.00
14451.00
14437.00
14407.00
14410.00
14415.00
14422.00
14427.00
14422.00
14420.00
14428.00
14442.00
14427.00
14403.00
14388.00
14391.00
14410.00
14420.00
14408.00
14403.00
14409.00
14425.00
14421.00
14411.00
14397.00
14407.00
14416.00
14413.00
14390.00
14395.00
14401.00
14397.00
14414.00
14429.00
14406.00
14419.00
14426.00
14409.00
14411.00
14403.00
14405.00
14418.00
14421.00
14423.00
14425.00
14413.00
14404.00
14415.00
14415.00
14402.00
14391.00
14414.00
14416.00
14402.00
14428.00
14414.00
14410.00
14439.00
14424.00
14399.00
14399.00
14416.00
14423.00
14418.00
14395.00
14403.00
14402.00
14425.00
14393.00
14402.00
14398.00
14381.00
14401.00
14409.00
14413.00
14403.00
14399.00
14432.00
14425.00
14414.00
14415.00
14416.00
14415.00
14432.00
14402.00
14433.00
14428.00
14439.00
14432.00
14425.00
14435.00
14425.00
14419.00
14435.00
14438.00
14423.00
14445.00
14434.00
14457.00
14441.00
14413.00
14444.00
14453.00
14460.00
14449.00
14437.00
14437.00
14456.00
14458.00
14453.00
14432.00
14450.00
14447.00
14447.00
14440.00
14432.00
14443.00
14451.00
14445.00
14462.00
14421.00
14446.00
14453.00
14442.00
14448.00
14430.00
14427.00
14464.00
14470.00
14452.00
14448.00
14430.00
14431.00
14458.00
14433.00
14420.00
14430.00
14433.00
14443.00
14457.00
14458.00
14452.00
14452.00
14454.00
14447.00
14436.00
14435.00
14428.00
14450.00
14443.00
14446.00
14435.00
14447.00
14443.00
14452.00
14440.00
14424.00
14433.00
14428.00
14426.00
14427.00
14424.00
14425.00
14439.00
14452.00
14439.00
14424.00
14431.00
14436.00
14447.00
14437.00
14445.00
14447.00
14451.00
14456.00
14445.00
14428.00
14432.00
14450.00
14441.00
14445.00
14437.00
14418.00
14437.00
14453.00
14448.00
14439.00
14431.00
14450.00
14445.00
14458.00
14439.00
14428.00
14436.00
14438.00
14437.00
14425.00
14435.00
14431.00
14464.00
14462.00
14433.00
14426.00
14424.00
14435.00
14434.00
14445.00
14424.00
14427.00
14451.00
14452.00
14440.00
14426.00
14419.00
14429.00
14440.00
14429.00
14430.00
14458.00
14459.00
14457.00
14441.00
14426.00
14433.00
14430.00
14438.00
14428.00
14438.00
14430.00
14454.00
14451.00
14456.00
14435.00
14446.00
14444.00
14451.00
14441.00
14434.00
14443.00
14433.00
14438.00
14445.00
14461.00
14449.00
14469.00
14446.00
14429.00
14433.00
14434.00
14440.00
14447.00
14435.00
14440.00
14421.00
14425.00
14422.00
14426.00
14424.00
14413.00
14398.00
14456.00
14436.00
14431.00
14429.00
14422.00
14428.00
14447.00
14421.00
14404.00
14423.00
14440.00
14429.00
14448.00
14422.00
14442.00
14437.00
14459.00
14441.00
14439.00
14430.00
14455.00
14448.00
14453.00
14434.00
14445.00
14436.00
14465.00
14438.00
14447.00
14450.00
14464.00
14455.00
14463.00
14428.00
14455.00
14469.00
14465.00
14454.00
14438.00
14446.00
14458.00
14461.00
14438.00
14448.00
14449.00
14451.00
14472.00
14481.00
14461.00
14453.00
14464.00
14455.00
14450.00
14451.00
14441.00
14450.00
14452.00
14446.00
14447.00
14456.00
14459.00
14466.00
14490.00
14461.00
14463.00
14468.00
14471.00
14470.00
14444.00
14456.00
14473.00
14477.00
14484.00
14473.00
14452.00
14454.00
14478.00
14475.00
14465.00
14466.00
14477.00
14469.00
14474.00
14459.00
14442.00
14446.00
14463.00
14475.00
14457.00
14448.00
14468.00
14482.00
14477.00
14469.00
14456.00
14448.00
14462.00
14461.00
14455.00
14456.00
14449.00
14467.00
14479.00
14474.00
14465.00
14454.00
14456.00
14463.00
14472.00
14448.00
14449.00
14458.00
14451.00
14464.00
14465.00
14447.00
14459.00
14453.00
14460.00
14465.00
14453.00
14464.00
14487.00
14488.00
14472.00
14449.00
14461.00
14470.00
14453.00
14454.00
14428.00
14453.00
14470.00
14465.00
14467.00
14455.00
14450.00
14456.00
14465.00
14444.00
14434.00
14441.00
14454.00
14456.00
14464.00
14463.00
14458.00
14463.00
14461.00
14450.00
14451.00
14445.00
14450.00
14451.00
14459.00
14452.00
14450.00
14455.00
14456.00
14447.00
14447.00
14439.00
14441.00
14458.00
14460.00
14452.00
14445.00
14451.00
14447.00
14440.00
14422.00
14429.00
14428.00
14440.00
14433.00
14435.00
14409.00
14415.00
14422.00
14441.00
14397.00
14405.00
14392.00
14401.00
14388.00
14365.00
14363.00
14357.00
14377.00
14359.00
14348.00
14346.00
14343.00
14355.00
14340.00
14339.00
14317.00
14317.00
14316.00
14324.00
14324.00
14291.00
14304.00
14303.00
14316.00
14305.00
14291.00
14299.00
14304.00
14299.00
14286.00
14276.00
14272.00
14293.00
14288.00
14275.00
14243.00
14248.00
14244.00
14256.00
14242.00
14230.00
14228.00
14218.00
14219.00
14221.00
14212.00
14213.00
14216.00
14221.00
14220.00
14211.00
14219.00
14231.00
14264.00
14245.00
14226.00
14232.00
14247.00
14237.00
14240.00
14243.00
14222.00
14257.00
14265.00
14264.00
14239.00
14233.00
14225.00
14256.00
14248.00
14260.00
14247.00
14257.00
14263.00
14256.00
14245.00
14230.00
14244.00
14256.00
14256.00
14234.00
14230.00
14234.00
14238.00
14267.00
14251.00
14241.00
14231.00
14245.00
14239.00
14251.00
14262.00
14234.00
14270.00
14265.00
14266.00
14256.00
14257.00
14248.00
14250.00
14259.00
14259.00
14261.00
14270.00
14300.00
14284.00
14268.00
14263.00
14272.00
14259.00
14281.00
14238.00
14261.00
14255.00
14276.00
14277.00
14278.00
14252.00
14265.00
14273.00
14262.00
14258.00
14216.00
14246.00
14262.00
14276.00
14269.00
14267.00
14270.00
14267.00
14275.00
14251.00
14243.00
14262.00
14275.00
14286.00
14259.00
14242.00
14279.00
14271.00
14277.00
14273.00
14263.00
14261.00
14278.00
14266.00
14281.00
14272.00
14277.00
14274.00
14286.00
14286.00
14274.00
14275.00
14285.00
14296.00
14279.00
14269.00
14262.00
14291.00
14299.00
14307.00
14296.00
14287.00
14291.00
14290.00
14287.00
14273.00
14278.00
14280.00
14290.00
14283.00
14298.00
14293.00
14297.00
14291.00
14306.00
14285.00
14276.00
14286.00
14306.00
14287.00
14294.00
14295.00
14294.00
14315.00
14305.00
14277.00
14297.00
14283.00
14297.00
14307.00
14297.00
14277.00
14282.00
14299.00
14299.00
14305.00
14277.00
14288.00
14295.00
14293.00
14289.00
14292.00
14305.00
14295.00
14303.00
14308.00
14288.00
14288.00
14289.00
14289.00
14309.00
14286.00
14290.00
14291.00
14308.00
14303.00
14291.00
14278.00
14309.00
14296.00
14290.00
14306.00
14289.00
14296.00
14312.00
14319.00
14301.00
14299.00
14282.00
14317.00
14295.00
14278.00
14291.00
14303.00
14311.00
14314.00
14294.00
14287.00
14291.00
14303.00
14315.00
14298.00
14294.00
14297.00
14305.00
14310.00
14302.00
14298.00
14275.00
14299.00
14292.00
14305.00
14298.00
14270.00
14285.00
14307.00
14311.00
14295.00
14289.00
14307.00
14315.00
14290.00
14294.00
14289.00
14293.00
14292.00
14293.00
14287.00
14293.00
14298.00
14301.00
14287.00
14292.00
14280.00
14298.00
14309.00
14293.00
14290.00
14295.00
14309.00
14326.00
14307.00
14299.00
14280.00
14297.00
14298.00
14302.00
14295.00
14290.00
14303.00
14321.00
14314.00
14299.00
14288.00
14319.00
14319.00
14299.00
14299.00
14283.00
14313.00
14311.00
14325.00
14316.00
14315.00
14314.00
14332.00
14320.00
14314.00
14324.00
14314.00
14327.00
14347.00
14314.00
14298.00
14305.00
14331.00
14328.00
14314.00
14309.00
14302.00
14322.00
14338.00
14343.00
14320.00
14325.00
14337.00
14343.00
14336.00
14326.00
14322.00
14319.00
14338.00
14332.00
14334.00
14335.00
14344.00
14344.00
14329.00
14326.00
14297.00
14322.00
14323.00
14315.00
14294.00
14325.00
14328.00
14345.00
14340.00
14337.00
14315.00
14319.00
14332.00
14323.00
14334.00
14341.00
14348.00
14352.00
14381.00
14345.00
14340.00
14334.00
14344.00
14340.00
14322.00
14323.00
14334.00
14339.00
14348.00
14342.00
14336.00
14355.00
14352.00
14342.00
14348.00
14340.00
14343.00
14341.00
14347.00
14349.00
14352.00
14355.00
14371.00
14381.00
14372.00
14363.00
14360.00
14353.00
14354.00
14361.00
14347.00
14337.00
14351.00
14351.00
14361.00
14360.00
14343.00
14338.00
14365.00
14359.00
14348.00
14322.00
14352.00
14365.00
14362.00
14353.00
14345.00
14342.00
14349.00
14341.00
14327.00
14309.00
14359.00
14335.00
14340.00
14337.00
14329.00
14324.00
14321.00
14331.00
14323.00
14325.00
14320.00
14341.00
14367.00
14339.00
14331.00
14342.00
14344.00
14342.00
14335.00
14331.00
14338.00
14354.00
14358.00
14347.00
14326.00
14341.00
14340.00
14354.00
14339.00
14312.00
14316.00
14328.00
14342.00
14330.00
14329.00
14335.00
14355.00
14347.00
14334.00
14324.00
14336.00
14330.00
14327.00
14336.00
14335.00
14322.00
14330.00
14343.00
14359.00
14341.00
14337.00
14341.00
14330.00
14318.00
14307.00
14309.00
14319.00
14344.00
14356.00
14336.00
14327.00
14322.00
14355.00
14327.00
14335.00
14311.00
14321.00
14345.00
14350.00
14342.00
14323.00
14326.00
14332.00
14346.00
14345.00
14330.00
14305.00
14335.00
14308.00
14320.00
14321.00
14309.00
14331.00
14332.00
14311.00
14278.00
14307.00
14296.00
14313.00
14280.00
14270.00
14279.00
14288.00
14283.00
14270.00
14236.00
14227.00
14237.00
14235.00
14227.00
14190.00
14195.00
14202.00
14208.00
14181.00
14178.00
14160.00
14187.00
14179.00
14162.00
14173.00
14165.00
14176.00
14163.00
14158.00
14150.00
14139.00
14115.00
14125.00
14141.00
14111.00
14115.00
14124.00
14134.00
14124.00
14109.00
14097.00
14091.00
14073.00
14099.00
14076.00
14073.00
14078.00
14084.00
14079.00
14078.00
14061.00
14053.00
14053.00
14060.00
14038.00
14027.00
14019.00
14013.00
14004.00
14021.00
13997.00
13994.00
13988.00
13998.00
13980.00
13957.00
13947.00
13962.00
13951.00
13944.00
13929.00
13916.00
13920.00
13925.00
13916.00
13917.00
13893.00
13895.00
13913.00
13913.00
13913.00
13913.00
13919.00
13916.00
13920.00
13899.00
13899.00
13910.00
13910.00
13928.00
13907.00
13913.00
13928.00
13937.00
13926.00
13928.00
13921.00
13912.00
13929.00
13948.00
13924.00
13940.00
13937.00
13948.00
13948.00
13921.00
13935.00
13925.00
13929.00
13944.00
13917.00
13927.00
13928.00
13955.00
13953.00
13950.00
13946.00
13949.00
13969.00
13959.00
13963.00
13933.00
13938.00
13971.00
13970.00
13962.00
13948.00
13956.00
13960.00
13984.00
13971.00
13958.00
13955.00
13955.00
13966.00
13960.00
13956.00
13984.00
13959.00
13988.00
13985.00
13953.00
13954.00
13954.00
13947.00
13963.00
13960.00
13968.00
13969.00
13976.00
13981.00
13965.00
13967.00
13958.00
13970.00
13964.00
13966.00
13962.00
13972.00
13982.00
13990.00
13975.00
13972.00
13967.00
13978.00
13981.00
13964.00
13962.00
13975.00
13979.00
13988.00
13997.00
13971.00
13989.00
13986.00
13997.00
13985.00
13974.00
13962.00
13969.00
13980.00
13976.00
13989.00
13994.00
13996.00
13982.00
13990.00
13965.00
13969.00
13960.00
13974.00
13975.00
13968.00
13968.00
13964.00
13963.00
13982.00
13959.00
13944.00
13944.00
13963.00
13971.00
13966.00
13982.00
13979.00
13996.00
13985.00
13983.00
13978.00
13983.00
13989.00
13983.00
13987.00
13994.00
13982.00
14022.00
14010.00
13990.00
13985.00
13985.00
13990.00
13978.00
13974.00
13965.00
13978.00
14005.00
13989.00
13987.00
13982.00
13970.00
13993.00
13988.00
13988.00
13981.00
13976.00
13991.00
13996.00
14007.00
13995.00
13994.00
14001.00
13986.00
13994.00
13994.00
13963.00
13984.00
14002.00
14007.00
13986.00
13988.00
13995.00
13997.00
14006.00
13971.00
13966.00
13977.00
13986.00
13978.00
13991.00
13995.00
13978.00
13998.00
14002.00
13986.00
13974.00
13964.00
13994.00
13990.00
13980.00
13980.00
13990.00
14006.00
13992.00
13983.00
13976.00
13976.00
13990.00
14013.00
13996.00
13987.00
13988.00
13995.00
13993.00
13990.00
13970.00
13979.00
13987.00
13994.00
13997.00
13977.00
13992.00
14001.00
14016.00
14010.00
13993.00
13992.00
13989.00
13995.00
13989.00
13982.00
13998.00
13999.00
14011.00
14015.00
13985.00
13996.00
13994.00
14004.00
14000.00
13989.00
13984.00
13999.00
14002.00
13996.00
13975.00
13998.00
13989.00
14001.00
14005.00
13986.00
13991.00
13985.00
14002.00
13998.00
13997.00
14014.00
14014.00
14018.00
14004.00
14026.00
13994.00
13991.00
13990.00
14024.00
14003.00
13994.00
14006.00
14018.00
14032.00
14036.00
14005.00
14011.00
14024.00
14017.00
14026.00
14002.00
14012.00
14022.00
14029.00
14019.00
14017.00
14020.00
14033.00
14015.00
14026.00
14010.00
13996.00
14018.00
14017.00
14012.00
13997.00
14011.00
14018.00
14018.00
14015.00
13999.00
13997.00
14005.00
14014.00
13995.00
14006.00
14001.00
13994.00
14017.00
14012.00
13988.00
13986.00
14000.00
14010.00
14027.00
14011.00
14007.00
14026.00
14037.00
14027.00
14010.00
14003.00
14004.00
14017.00
14003.00
14003.00
13989.00
14004.00
14018.00
14025.00
14028.00
14022.00
14014.00
14011.00
14028.00
14015.00
14009.00
14014.00
14030.00
14025.00
14013.00
14000.00
14008.00
14012.00
14036.00
13986.00
13988.00
14005.00
14031.00
14040.00
14037.00
14035.00
14005.00
14019.00
14013.00
14015.00
13986.00
13988.00
14011.00
14018.00
13998.00
14021.00
14021.00
14025.00
14015.00
14030.00
14020.00
14012.00
14038.00
14024.00
14017.00
14008.00
14000.00
14030.00
14022.00
14015.00
14009.00
14007.00
14015.00
14025.00
14016.00
14011.00
14016.00
14017.00
14011.00
13999.00
13981.00
13991.00
14002.00
14025.00
14023.00
14007.00
14010.00
14016.00
14014.00
14022.00
14014.00
14022.00
14035.00
14026.00
14049.00
14017.00
14001.00
14019.00
14028.00
14047.00
14031.00
14018.00
14005.00
14036.00
14016.00
14036.00
14003.00
14024.00
14037.00
14038.00
14046.00
14034.00
14043.00
14048.00
14055.00
14052.00
14055.00
14069.00
14072.00
14090.00
14093.00
14063.00
14060.00
14086.00
14090.00
14087.00
14096.00
14093.00
14111.00
14106.00
14118.00
14111.00
14100.00
14128.00
14132.00
14124.00
14124.00
14143.00
14144.00
14151.00
14145.00
14148.00
14154.00
14169.00
14177.00
14191.00
14159.00
14169.00
14169.00
14191.00
14191.00
14194.00
14168.00
14204.00
14205.00
14216.00
14184.00
14195.00
14211.00
14208.00
14223.00
14226.00
14237.00
14240.00
14255.00
14247.00
14248.00
14244.00
14227.00
14251.00
14263.00
14270.00
14244.00
14243.00
14277.00
14298.00
14304.00
14266.00
14266.00
14277.00
14287.00
14300.00
14268.00
14288.00
14307.00
14305.00
14291.00
14278.00
14269.00
14277.00
14286.00
14304.00
14287.00
14286.00
14297.00
14310.00
14295.00
14296.00
14281.00
14287.00
14296.00
14276.00
14299.00
14296.00
14290.00
14307.00
14302.00
14288.00
14284.00
14289.00
14290.00
14299.00
14292.00
14271.00
14277.00
14294.00
14298.00
14290.00
14297.00
14284.00
14302.00
14292.00
14284.00
14272.00
14299.00
14294.00
14287.00
14280.00
14293.00
14296.00
14300.00
14311.00
14292.00
14283.00
14288.00
14295.00
14287.00
14320.00
14304.00
14317.00
14309.00
14323.00
14294.00
14290.00
14292.00
14286.00
14321.00
14317.00
14312.00
14311.00
14328.00
14313.00
14314.00
14299.00
14311.00
14298.00
14306.00
14307.00
14285.00
14310.00
14328.00
14329.00
14318.00
14298.00
14300.00
14317.00
14320.00
14331.00
14298.00
14300.00
14292.00
14327.00
14331.00
14298.00
14301.00
14329.00
14339.00
14332.00
14299.00
14326.00
14324.00
14323.00
14319.00
14315.00
14310.00
14310.00
14315.00
14322.00
14333.00
14304.00
14335.00
14334.00
14347.00
14336.00
14320.00
14305.00
14319.00
14319.00
14307.00
14294.00
14304.00
14317.00
14335.00
14316.00
14298.00
14303.00
14312.00
14304.00
14303.00
14293.00
14302.00
14305.00
14320.00
14325.00
14335.00
14321.00
14324.00
14331.00
14328.00
14324.00
14298.00
14310.00
14338.00
14336.00
14319.00
14319.00
14322.00
14333.00
14329.00
14316.00
14310.00
14310.00
14332.00
14309.00
14309.00
14302.00
14340.00
14325.00
14329.00
14337.00
14320.00
14322.00
14327.00
14316.00
14303.00
14299.00
14334.00
14334.00
14343.00
14324.00
14327.00
14325.00
14335.00
14337.00
14305.00
14290.00
14322.00
14329.00
14336.00
14329.00
14311.00
14311.00
14327.00
14311.00
14327.00
14310.00
14314.00
14334.00
14357.00
14338.00
14323.00
14334.00
14322.00
14335.00
14319.00
14303.00
14312.00
14305.00
14316.00
14328.00
14324.00
14333.00
14343.00
14358.00
14305.00
14302.00
14319.00
14308.00
14317.00
14315.00
14306.00
14302.00
14321.00
14343.00
14326.00
14306.00
14297.00
14297.00
14326.00
14306.00
14296.00
14287.00
14310.00
14302.00
14323.00
14300.00
14296.00
14286.00
14298.00
14297.00
14287.00
14292.00
14299.00
14311.00
14315.00
14311.00
14302.00
14288.00
14299.00
14293.00
14285.00
14286.00
14283.00
14301.00
14305.00
14299.00
14296.00
14288.00
14300.00
14300.00
14302.00
14284.00
14289.00
14297.00
14312.00
14309.00
14291.00
14324.00
14315.00
14314.00
14310.00
14292.00
14308.00
14306.00
14320.00
14313.00
14309.00
14304.00
14308.00
14311.00
14296.00
14287.00
14287.00
14294.00
14307.00
14294.00
14319.00
14321.00
14316.00
14324.00
14325.00
14306.00
14289.00
14320.00
14336.00
14302.00
14308.00
14303.00
14321.00
14321.00
14311.00
14299.00
14307.00
14293.00
14313.00
14316.00
14279.00
14283.00
14313.00
14311.00
14322.00
14316.00
14308.00
14306.00
14321.00
14319.00
14308.00
14287.00
14323.00
14335.00
14305.00
14318.00
14282.00
14286.00
14297.00
14318.00
14301.00
14293.00
14279.00
14302.00
14298.00
14322.00
14303.00
14295.00
14299.00
14309.00
14302.00
14296.00
14294.00
14299.00
14326.00
14310.00
14303.00
14316.00
14317.00
14316.00
14329.00
14310.00
14296.00
14293.00
14322.00
14317.00
14291.00
14303.00
14319.00
14324.00
14315.00
14287.00
14309.00
14291.00
14314.00
14334.00
14302.00
14299.00
14308.00
14298.00
14307.00
14295.00
14302.00
14294.00
14325.00
14305.00
14303.00
14308.00
14308.00
14323.00
14309.00
14291.00
14288.00
14303.00
14302.00
14303.00
14309.00
14286.00
14309.00
14332.00
14314.00
14313.00
14300.00
14290.00
14308.00
14315.00
14293.00
14284.00
14307.00
14315.00
14317.00
14322.00
14301.00
14298.00
14315.00
14308.00
14286.00
14306.00
14300.00
14308.00
14297.00
14319.00
14297.00
14295.00
14307.00
14299.00
14300.00
14275.00
14268.00
14273.00
14308.00
14282.00
14282.00
14292.00
14294.00
14275.00
14296.00
14268.00
14267.00
14260.00
14275.00
14278.00
14288.00
14287.00
14274.00
14305.00
14293.00
14266.00
14270.00
14287.00
14290.00
14301.00
14284.00
14290.00
14298.00
14311.00
14303.00
14296.00
14293.00
14299.00
14319.00
14308.00
14313.00
14290.00
14324.00
14329.00
14332.00
14320.00
14315.00
14320.00
14305.00
14314.00
14303.00
14309.00
14306.00
14327.00
14333.00
14346.00
14334.00
14331.00
14348.00
14355.00
14334.00
14341.00
14338.00
14322.00
14357.00
14357.00
14349.00
14358.00
14356.00
14354.00
14359.00
14332.00
14330.00
14341.00
14373.00
14387.00
14351.00
14374.00
14362.00
14382.00
14386.00
14381.00
14379.00
14390.00
14402.00
14397.00
14405.00
14418.00
14417.00
14424.00
14416.00
14410.00
14407.00
14409.00
14416.00
14429.00
14417.00
14428.00
14426.00
14449.00
14456.00
14435.00
14442.00
14428.00
14464.00
14452.00
14426.00
14415.00
14428.00
14445.00
14450.00
14456.00
14449.00
14458.00
14459.00
14450.00
14441.00
14434.00
14440.00
14458.00
14463.00
14460.00
14434.00
14439.00
14446.00
14453.00
14438.00
14416.00
14431.00
14462.00
14482.00
14461.00
14449.00
14457.00
14449.00
14463.00
14463.00
14430.00
14436.00
14441.00
14471.00
14459.00
14450.00
14455.00
14457.00
14452.00
14451.00
14449.00
14422.00
14424.00
14445.00
14437.00
14438.00
14428.00
14440.00
14470.00
14457.00
14450.00
14428.00
14446.00
14459.00
14461.00
14463.00
14456.00
14457.00
14461.00
14467.00
14459.00
14429.00
14441.00
14461.00
14459.00
14455.00
14446.00
14451.00
14451.00
14455.00
14427.00
14422.00
14406.00
14422.00
14449.00
14431.00
14410.00
14425.00
14425.00
14453.00
14443.00
14445.00
14425.00
14447.00
14449.00
14445.00
14421.00
14428.00
14426.00
14441.00
14439.00
14447.00
14424.00
14434.00
14456.00
14433.00
14430.00
14421.00
14449.00
14457.00
14455.00
14435.00
14432.00
14455.00
14440.00
14441.00
14428.00
14420.00
14440.00
14443.00
14453.00
14438.00
14442.00
14442.00
14438.00
14455.00
14443.00
14425.00
14435.00
14442.00
14458.00
14462.00
14440.00
14461.00
14462.00
14472.00
14462.00
14439.00
14449.00
14448.00
14463.00
14452.00
14445.00
14448.00
14478.00
14457.00
14451.00
14441.00
14456.00
14465.00
14452.00
14462.00
14445.00
14448.00
14457.00
14455.00
14456.00
14441.00
14430.00
14433.00
14430.00
14428.00
14431.00
14430.00
14457.00
14477.00
14481.00
14458.00
14446.00
14444.00
14473.00
14463.00
14437.00
14445.00
14462.00
14449.00
14473.00
14456.00
14448.00
14472.00
14478.00
14474.00
14449.00
14459.00
14429.00
14458.00
14464.00
14448.00
14436.00
14447.00
14459.00
14457.00
14472.00
14443.00
14446.00
14477.00
14478.00
14474.00
14454.00
14460.00
14473.00
14471.00
14473.00
14438.00
14449.00
14466.00
14463.00
14470.00
14475.00
14469.00
14480.00
14483.00
14483.00
14461.00
14473.00
14476.00
14472.00
14488.00
14457.00
14478.00
14490.00
14488.00
14487.00
14468.00
14466.00
14481.00
14478.00
14480.00
14485.00
14473.00
14463.00
14502.00
14493.00
14465.00
14476.00
14461.00
14466.00
14476.00
14477.00
14474.00
14471.00
14485.00
14477.00
14468.00
14450.00
14453.00
14461.00
14481.00
14463.00
14455.00
14462.00
14469.00
14468.00
14462.00
14453.00
14452.00
14450.00
14448.00
14448.00
14419.00
14433.00
14449.00
14459.00
14456.00
14461.00
14436.00
14451.00
14459.00
14462.00
14456.00
14455.00
14460.00
14444.00
14473.00
14440.00
14445.00
14466.00
14459.00
14448.00
14440.00
14445.00
14448.00
14445.00
14469.00
14455.00
14438.00
14446.00
14456.00
14440.00
14426.00
14428.00
14416.00
14444.00
14446.00
14444.00
14434.00
14440.00
14452.00
14443.00
14432.00
14415.00
14420.00
14440.00
14432.00
14448.00
14418.00
14431.00
14437.00
14433.00
14436.00
14410.00
14417.00
14437.00
14438.00
14432.00
14449.00
14428.00
14440.00
14432.00
14428.00
14408.00
14413.00
14413.00
14416.00
14426.00
14396.00
14414.00
14436.00
14424.00
14417.00
14414.00
14410.00
14420.00
14424.00
14417.00
14405.00
14397.00
14401.00
14448.00
14428.00
14429.00
14404.00
14430.00
14440.00
14443.00
14422.00
14414.00
14420.00
14436.00
14436.00
14430.00
14419.00
14422.00
14411.00
14416.00
14414.00
14387.00
14412.00
14430.00
14423.00
14415.00
14407.00
14405.00
14408.00
14427.00
14401.00
14398.00
14402.00
14409.00
14422.00
14411.00
14416.00
14385.00
14420.00
14428.00
14402.00
14400.00
14409.00
14429.00
14412.00
14409.00
14408.00
14409.00
14418.00
14422.00
14426.00
14385.00
14426.00
14414.00
14420.00
14427.00
14416.00
14431.00
14419.00
14430.00
14420.00
14415.00
14405.00
14391.00
14418.00
14434.00
14420.00
14413.00
14421.00
14435.00
14427.00
14421.00
14402.00
14395.00
14408.00
14402.00
14398.00
14390.00
14405.00
14409.00
14413.00
14408.00
14408.00
14388.00
14418.00
14415.00
14407.00
14389.00
14407.00
14426.00
14435.00
14427.00
14408.00
14409.00
14409.00
14422.00
14397.00
14391.00
14397.00
14410.00
14426.00
14451.00
14427.00
14425.00
14434.00
14436.00
14437.00
14416.00
14424.00
14433.00
14454.00
14454.00
14447.00
14431.00
14447.00
14446.00
14457.00
14433.00
14415.00
14433.00
14447.00
14452.00
14425.00
14442.00
14448.00
14454.00
14460.00
14440.00
14407.00
14410.00
14430.00
14444.00
14448.00
14431.00
14446.00
14473.00
14477.00
14468.00
14450.00
14454.00
14479.00
14484.00
14468.00
14454.00
14466.00
14471.00
14474.00
14469.00
14451.00
14435.00
14462.00
14461.00
14469.00
14451.00
14440.00
14469.00
14474.00
14457.00
14447.00
14422.00
14428.00
14457.00
14459.00
14449.00
14434.00
14458.00
14457.00
14463.00
14443.00
14425.00
14431.00
14446.00
14433.00
14423.00
14414.00
14446.00
14453.00
14444.00
14431.00
14415.00
14423.00
14435.00
14439.00
14442.00
14401.00
14411.00
14443.00
14453.00
14441.00
14425.00
14415.00
14431.00
14432.00
14406.00
14402.00
14415.00
14445.00
14438.00
14438.00
14441.00
14429.00
14446.00
14462.00
14451.00
14442.00
14430.00
14435.00
14462.00
14464.00
14434.00
14431.00
14452.00
14450.00
14442.00
14424.00
14423.00
14423.00
14439.00
14448.00
14432.00
14420.00
14438.00
14451.00
14446.00
14430.00
14420.00
14434.00
14426.00
14439.00
14426.00
14425.00
14447.00
14453.00
14450.00
14449.00
14425.00
14438.00
14446.00
14434.00
14430.00
14424.00
14443.00
14466.00
14476.00
14454.00
14435.00
14434.00
14439.00
14460.00
14429.00
14431.00
14422.00
14453.00
14479.00
14454.00
14440.00
14445.00
14435.00
14445.00
14450.00
14422.00
14434.00
14423.00
14440.00
14441.00
14436.00
14440.00
14431.00
14444.00
14447.00
14434.00
14423.00
14414.00
14451.00
14467.00
14441.00
14436.00
14448.00
14446.00
14448.00
14449.00
14418.00
14423.00
14424.00
14442.00
14421.00
14415.00
14437.00
14443.00
14422.00
14417.00
14420.00
14416.00
14431.00
14426.00
14410.00
14423.00
14422.00
14416.00
14456.00
14440.00
14415.00
14413.00
14417.00
14424.00
14430.00
14415.00
14425.00
14422.00
14431.00
14447.00
14439.00
14421.00
14434.00
14419.00
14443.00
14421.00
14419.00
14429.00
14451.00
14448.00
14447.00
14419.00
14440.00
14441.00
14435.00
14410.00
14416.00
14410.00
14433.00
14433.00
14431.00
14426.00
14443.00
14436.00
14435.00
14431.00
14432.00
14436.00
14449.00
14450.00
14422.00
14415.00
14439.00
14467.00
14470.00
14446.00
14434.00
14435.00
14451.00
14439.00
14431.00
14401.00
14426.00
14432.00
14431.00
14449.00
14438.00
14423.00
14443.00
14448.00
14447.00
14436.00
14444.00
14456.00
14463.00
14472.00
14455.00
14444.00
14447.00
14459.00
14466.00
14434.00
14432.00
14458.00
14450.00
14479.00
14454.00
14465.00
14471.00
14476.00
14476.00
14454.00
14447.00
14447.00
14473.00
14476.00
14480.00
14451.00
14455.00
14466.00
14469.00
14449.00
14434.00
14446.00
14445.00
14466.00
14431.00
14456.00
14443.00
14438.00
14440.00
14436.00
14413.00
14433.00
14456.00
14438.00
14433.00
14419.00
14440.00
14417.00
14449.00
14439.00
14435.00
14432.00
14444.00
14449.00
14447.00
14433.00
14427.00
14440.00
14453.00
14455.00
14444.00
14441.00
14443.00
14448.00
14449.00
14449.00
14442.00
14440.00
14453.00
14436.00
14442.00
14449.00
14449.00
14452.00
14453.00
14449.00
14414.00
14429.00
14459.00
14460.00
14445.00
14445.00
14441.00
14439.00
14456.00
14435.00
14436.00
14421.00
14453.00
14449.00
14445.00
14445.00
14441.00
14449.00
14454.00
14418.00
14433.00
14443.00
14444.00
14451.00
14446.00
14428.00
14442.00
14451.00
14467.00
14463.00
14430.00
14430.00
14439.00
14453.00
14447.00
14435.00
14431.00
14462.00
14467.00
14464.00
14446.00
14429.00
14417.00
14453.00
14457.00
14451.00
14442.00
14453.00
14462.00
14473.00
14435.00
14442.00
14435.00
14431.00
14446.00
14431.00
14423.00
14441.00
14461.00
14465.00
14441.00
14427.00
14425.00
14446.00
14436.00
14431.00
14436.00
14440.00
14443.00
14435.00
14427.00
14431.00
14433.00
14436.00
14440.00
14425.00
14424.00
14430.00
