64639.00
64644.00
64642.00
64641.00
64642.00
64632.00
64636.00
64629.00
64646.00
64653.00
64642.00
64634.00
64638.00
64633.00
64642.00
64631.00
64627.00
64631.00
64638.00
64629.00
64639.00
64645.00
64646.00
64644.00
64635.00
64644.00
64628.00
64636.00
64643.00
64638.00
64639.00
64644.00
64645.00
64652.00
64648.00
64656.00
64648.00
64642.00
64661.00
64653.00
64651.00
64646.00
64679.00
64676.00
64685.00
64671.00
64671.00
64670.00
64678.00
64673.00
64685.00
64688.00
64679.00
64688.00
64678.00
64678.00
64671.00
64673.00
64667.00
64671.00
64670.00
64664.00
64666.00
64657.00
64665.00
64644.00
64648.00
64650.00
64653.00
64648.00
64643.00
64631.00
64631.00
64635.00
64646.00
64632.00
64641.00
64633.00
64642.00
64644.00
64647.00
64639.00
64649.00
64641.00
64657.00
64661.00
64652.00
64660.00
64649.00
64664.00
64659.00
64656.00
64650.00
64652.00
64664.00
64668.00
64658.00
64652.00
64643.00
64654.00
64645.00
64644.00
64641.00
64635.00
64648.00
64642.00
64639.00
64642.00
64641.00
64650.00
64654.00
64636.00
64636.00
64641.00
64626.00
64639.00
64639.00
64642.00
64625.00
64635.00
64648.00
64640.00
64615.00
64628.00
64625.00
64631.00
64639.00
64623.00
64622.00
64632.00
64631.00
64626.00
64628.00
64621.00
64619.00
64617.00
64628.00
64616.00
64623.00
64624.00
64627.00
64617.00
64608.00
64609.00
64613.00
64613.00
64616.00
64611.00
64611.00
64621.00
64623.00
64620.00
64609.00
64605.00
64607.00
64619.00
64612.00
64617.00
64607.00
64606.00
64619.00
64615.00
64622.00
64608.00
64619.00
64627.00
64616.00
64617.00
64606.00
64597.00
64619.00
64621.00
64608.00
64612.00
64609.00
64610.00
64614.00
64609.00
64603.00
64625.00
64616.00
64615.00
64621.00
64616.00
64610.00
64612.00
64618.00
64621.00
64606.00
64606.00
64612.00
64628.00
64622.00
64622.00
64607.00
64618.00
64619.00
64621.00
64605.00
64596.00
64597.00
64594.00
64613.00
64595.00
64610.00
64607.00
64615.00
64613.00
64606.00
64595.00
64604.00
64596.00
64609.00
64611.00
64609.00
64600.00
64606.00
64602.00
64604.00
64598.00
64597.00
64602.00
64613.00
64604.00
64605.00
64613.00
64612.00
64613.00
64617.00
64602.00
64600.00
64605.00
64621.00
64595.00
64605.00
64604.00
64607.00
64611.00
64613.00
64610.00
64594.00
64610.00
64611.00
64623.00
64596.00
64594.00
64604.00
64601.00
64616.00
64608.00
64608.00
64617.00
64614.00
64611.00
64602.00
64597.00
64608.00
64620.00
64606.00
64611.00
64604.00
64602.00
64609.00
64604.00
64599.00
64592.00
64590.00
64606.00
64603.00
64595.00
64602.00
64616.00
64623.00
64614.00
64601.00
64615.00
64601.00
64616.00
64610.00
64603.00
64600.00
64599.00
64623.00
64608.00
64604.00
64607.00
64600.00
64606.00
64595.00
64591.00
64591.00
64603.00
64598.00
64596.00
64598.00
64600.00
64594.00
64612.00
64613.00
64610.00
64591.00
64596.00
64601.00
64613.00
64606.00
64612.00
64601.00
64606.00
64611.00
64611.00
64597.00
64601.00
64596.00
64604.00
64602.00
64598.00
64598.00
64601.00
64605.00
64609.00
64587.00
64598.00
64602.00
64606.00
64616.00
64611.00
64603.00
64610.00
64607.00
64616.00
64605.00
64599.00
64610.00
64605.00
64620.00
64613.00
64598.00
64602.00
64606.00
64615.00
64600.00
64600.00
64593.00
64605.00
64600.00
64590.00
64597.00
64602.00
64606.00
64613.00
64607.00
64606.00
64599.00
64606.00
64612.00
64604.00
64599.00
64591.00
64595.00
64610.00
64608.00
64606.00
64607.00
64607.00
64602.00
64599.00
64604.00
64597.00
64602.00
64606.00
64615.00
64603.00
64588.00
64612.00
64610.00
64612.00
64609.00
64606.00
64610.00
64605.00
64607.00
64603.00
64599.00
64597.00
64613.00
64610.00
64600.00
64596.00
64600.00
64602.00
64596.00
64588.00
64599.00
64603.00
64600.00
64610.00
64605.00
64603.00
64601.00
64598.00
64598.00
64608.00
64591.00
64607.00
64618.00
64611.00
64607.00
64602.00
64614.00
64616.00
64611.00
64591.00
64601.00
64592.00
64597.00
64597.00
64593.00
64591.00
64605.00
64620.00
64616.00
64600.00
64601.00
64603.00
64607.00
64603.00
64603.00
64607.00
64606.00
64611.00
64609.00
64607.00
64602.00
64599.00
64594.00
64616.00
64595.00
64593.00
64589.00
64605.00
64613.00
64605.00
64609.00
64597.00
64600.00
64599.00
64592.00
64592.00
64587.00
64600.00
64616.00
64613.00
64612.00
64609.00
64605.00
64601.00
64599.00
64603.00
64592.00
64591.00
64598.00
64604.00
64603.00
64612.00
64612.00
64602.00
64604.00
64613.00
64597.00
64593.00
64600.00
64601.00
64610.00
64607.00
64598.00
64611.00
64608.00
64608.00
64599.00
64602.00
64602.00
64601.00
64599.00
64611.00
64605.00
64611.00
64614.00
64600.00
64604.00
64599.00
64604.00
64601.00
64601.00
64587.00
64595.00
64596.00
64600.00
64598.00
64603.00
64598.00
64608.00
64614.00
64608.00
64607.00
64604.00
64594.00
64604.00
64604.00
64592.00
64609.00
64601.00
64608.00
64603.00
64593.00
64602.00
64609.00
64615.00
64615.00
64609.00
64607.00
64607.00
64605.00
64598.00
64600.00
64599.00
64599.00
64597.00
64607.00
64612.00
64600.00
64594.00
64612.00
64605.00
64603.00
64602.00
64606.00
64602.00
64596.00
64584.00
64596.00
64607.00
64609.00
64594.00
64609.00
64603.00
64600.00
64599.00
64600.00
64601.00
64599.00
64591.00
64610.00
64609.00
64611.00
64600.00
64597.00
64603.00
64599.00
64585.00
64598.00
64596.00
64599.00
64615.00
64610.00
64602.00
64601.00
64594.00
64597.00
64600.00
64591.00
64595.00
64606.00
64606.00
64609.00
64602.00
64602.00
64599.00
64601.00
64599.00
64600.00
64595.00
64592.00
64609.00
64606.00
64602.00
64607.00
64614.00
64613.00
64598.00
64608.00
64597.00
64598.00
64604.00
64608.00
64613.00
64604.00
64604.00
64588.00
64604.00
64600.00
64605.00
64597.00
64596.00
64599.00
64602.00
64605.00
64607.00
64602.00
64606.00
64604.00
64590.00
64597.00
64608.00
64602.00
64610.00
64598.00
64608.00
64619.00
64608.00
64604.00
64603.00
64603.00
64592.00
64599.00
64597.00
64601.00
64596.00
64592.00
64613.00
64610.00
64595.00
64606.00
64601.00
64603.00
64592.00
64605.00
64605.00
64593.00
64598.00
64612.00
64608.00
64590.00
64600.00
64599.00
64584.00
64597.00
64590.00
64609.00
64598.00
64616.00
64602.00
64600.00
64594.00
64595.00
64602.00
64592.00
64597.00
64603.00
64601.00
64611.00
64609.00
64594.00
64590.00
64606.00
64602.00
64600.00
64589.00
64590.00
64585.00
64610.00
64598.00
64601.00
64604.00
64602.00
64599.00
64609.00
64585.00
64587.00
64598.00
64610.00
64608.00
64598.00
64597.00
64599.00
64596.00
64610.00
64593.00
64602.00
64595.00
64594.00
64601.00
64602.00
64595.00
64601.00
64590.00
64606.00
64602.00
64599.00
64583.00
64599.00
64598.00
64601.00
64598.00
64599.00
64606.00
64608.00
64600.00
64594.00
64591.00
64598.00
64609.00
64604.00
64594.00
64591.00
64613.00
64608.00
64598.00
64599.00
64588.00
64592.00
64608.00
64606.00
64595.00
64598.00
64598.00
64607.00
64593.00
64592.00
64587.00
64601.00
64606.00
64598.00
64600.00
64602.00
64608.00
64607.00
64605.00
64593.00
64580.00
64592.00
64604.00
64591.00
64598.00
64602.00
64606.00
64600.00
64609.00
64601.00
64593.00
64596.00
64602.00
64595.00
64599.00
64577.00
64593.00
64605.00
64605.00
64605.00
64597.00
64597.00
64593.00
64600.00
64595.00
64595.00
64605.00
64616.00
64611.00
64605.00
64600.00
64601.00
64606.00
64606.00
64591.00
64602.00
64600.00
64593.00
64609.00
64606.00
64603.00
64608.00
64605.00
64604.00
64595.00
64595.00
64588.00
64595.00
64608.00
64603.00
64615.00
64598.00
64606.00
64599.00
64598.00
64588.00
64601.00
64607.00
64611.00
64598.00
64596.00
64602.00
64604.00
64604.00
64614.00
64597.00
64591.00
64590.00
64599.00
64611.00
64610.00
64593.00
64601.00
64613.00
64610.00
64601.00
64601.00
64597.00
64605.00
64602.00
64596.00
64596.00
64594.00
64607.00
64613.00
64603.00
64599.00
64602.00
64601.00
64598.00
64592.00
64589.00
64586.00
64603.00
64606.00
64608.00
64593.00
64605.00
64603.00
64608.00
64601.00
64593.00
64597.00
64603.00
64605.00
64608.00
64610.00
64595.00
64601.00
64610.00
64601.00
64601.00
64592.00
64592.00
64613.00
64608.00
64599.00
64596.00
64610.00
64610.00
64612.00
64599.00
64588.00
64593.00
64601.00
64597.00
64605.00
64604.00
64595.00
64613.00
64611.00
64600.00
64589.00
64598.00
64603.00
64602.00
64599.00
64607.00
64603.00
64605.00
64601.00
64607.00
64602.00
64602.00
64610.00
64602.00
64597.00
64601.00
64598.00
64610.00
64605.00
64603.00
64596.00
64596.00
64606.00
64595.00
64613.00
64598.00
64600.00
64608.00
64609.00
64611.00
64609.00
64599.00
64602.00
64592.00
64614.00
64598.00
64597.00
64601.00
64599.00
64606.00
64613.00
64591.00
64605.00
64611.00
64605.00
64604.00
64603.00
64606.00
64611.00
64588.00
64592.00
64601.00
64596.00
64612.00
64606.00
64606.00
64596.00
64587.00
64603.00
64601.00
64607.00
64607.00
64603.00
64611.00
64609.00
64602.00
64602.00
64591.00
64607.00
64601.00
64612.00
64601.00
64605.00
64602.00
64611.00
64606.00
64600.00
64597.00
64595.00
64589.00
64591.00
64596.00
64598.00
64608.00
64622.00
64587.00
64590.00
64589.00
64606.00
64601.00
64602.00
64602.00
64601.00
64605.00
64605.00
64608.00
64596.00
64591.00
64611.00
64592.00
64595.00
64588.00
64584.00
64594.00
64612.00
64603.00
64609.00
64605.00
64604.00
64600.00
64586.00
64591.00
64588.00
64596.00
64611.00
64600.00
64611.00
64594.00
64602.00
64605.00
64597.00
64599.00
64588.00
64592.00
64593.00
64595.00
64604.00
64607.00
64603.00
64603.00
64608.00
64598.00
64602.00
64597.00
64595.00
64600.00
64599.00
64589.00
64599.00
64603.00
64607.00
64613.00
64592.00
64589.00
64600.00
64601.00
64598.00
64600.00
64591.00
64600.00
64604.00
64599.00
64601.00
64605.00
64595.00
64600.00
64603.00
64610.00
64608.00
64610.00
64608.00
64602.00
64597.00
64600.00
64598.00
64604.00
64593.00
64597.00
64592.00
64594.00
64617.00
64597.00
64610.00
64608.00
64604.00
64602.00
64599.00
64594.00
64597.00
64590.00
64603.00
64602.00
64594.00
64603.00
64597.00
64595.00
64595.00
64594.00
64583.00
64601.00
64601.00
64610.00
64606.00
64608.00
64601.00
64604.00
64605.00
64595.00
64592.00
64588.00
64593.00
64595.00
64605.00
64613.00
64608.00
64609.00
64607.00
64597.00
64590.00
64591.00
64590.00
64608.00
64604.00
64588.00
64591.00
64601.00
64616.00
64614.00
64611.00
64599.00
64600.00
64597.00
64609.00
64601.00
64591.00
64595.00
64614.00
64607.00
64597.00
64603.00
64598.00
64609.00
64595.00
64590.00
64594.00
64607.00
64607.00
64614.00
64600.00
64609.00
64596.00
64603.00
64605.00
64592.00
64600.00
64586.00
64602.00
64609.00
64607.00
64597.00
64607.00
64600.00
64598.00
64603.00
64599.00
64594.00
64591.00
64610.00
64599.00
64588.00
64609.00
64599.00
64617.00
64608.00
64599.00
64598.00
64589.00
64604.00
64604.00
64608.00
64603.00
64607.00
64602.00
64590.00
64598.00
64604.00
64591.00
64588.00
64603.00
64600.00
64602.00
64612.00
64611.00
64609.00
64604.00
64595.00
64589.00
64603.00
64609.00
64593.00
64602.00
64604.00
64604.00
64619.00
64610.00
64606.00
64594.00
64602.00
64605.00
64603.00
64591.00
64595.00
64608.00
64595.00
64607.00
64602.00
64594.00
64598.00
64600.00
64591.00
64601.00
64599.00
64607.00
64612.00
64606.00
64603.00
64600.00
64603.00
64607.00
64605.00
64601.00
64594.00
64606.00
64608.00
64611.00
64608.00
64602.00
64607.00
64605.00
64601.00
64602.00
64584.00
64592.00
64606.00
64593.00
64610.00
64607.00
64606.00
64609.00
64601.00
64597.00
64607.00
64591.00
64601.00
64595.00
64606.00
64597.00
64607.00
64611.00
64606.00
64598.00
64589.00
64592.00
64598.00
64603.00
64597.00
64593.00
64606.00
64610.00
64600.00
64592.00
64593.00
64597.00
64594.00
64600.00
64587.00
64601.00
64610.00
64615.00
64612.00
64605.00
64599.00
64598.00
64598.00
64593.00
64594.00
64587.00
64586.00
64600.00
64616.00
64616.00
64605.00
64594.00
64602.00
64602.00
64601.00
64598.00
64584.00
64597.00
64601.00
64594.00
64594.00
64598.00
64600.00
64597.00
64600.00
64583.00
64594.00
64607.00
64609.00
64612.00
64594.00
64605.00
64591.00
64612.00
64591.00
64597.00
64598.00
64597.00
64595.00
64614.00
64601.00
64597.00
64594.00
64604.00
64600.00
64601.00
64593.00
64599.00
64593.00
64602.00
64603.00
64605.00
64598.00
64606.00
64605.00
64601.00
64598.00
64598.00
64603.00
64603.00
64606.00
64596.00
64594.00
64608.00
64598.00
64598.00
64598.00
64596.00
64591.00
64594.00
64601.00
64607.00
64607.00
64604.00
64610.00
64592.00
64596.00
64595.00
64602.00
64613.00
64606.00
64600.00
64600.00
64614.00
64613.00
64616.00
64610.00
64609.00
64608.00
64636.00
64625.00
64627.00
64626.00
64631.00
64644.00
64667.00
64664.00
64681.00
64684.00
64696.00
64703.00
64704.00
64705.00
64705.00
64711.00
64735.00
64720.00
64713.00
64714.00
64727.00
64717.00
64712.00
64709.00
64705.00
64733.00
64736.00
64729.00
64731.00
64732.00
64733.00
64735.00
64725.00
64715.00
64722.00
64731.00
64740.00
64735.00
64725.00
64729.00
64725.00
64726.00
64724.00
64728.00
64724.00
64714.00
64730.00
64725.00
64732.00
64723.00
64743.00
64740.00
64737.00
64735.00
64714.00
64733.00
64736.00
64727.00
64727.00
64737.00
64727.00
64738.00
64731.00
64730.00
64724.00
64724.00
64724.00
64731.00
64727.00
64741.00
64749.00
64747.00
64748.00
64740.00
64719.00
64744.00
64736.00
64740.00
64730.00
64721.00
64730.00
64748.00
64752.00
64746.00
64734.00
64736.00
64743.00
64741.00
64732.00
64724.00
64739.00
64727.00
64737.00
64722.00
64745.00
64734.00
64746.00
64737.00
64736.00
64720.00
64728.00
64730.00
64743.00
64742.00
64731.00
64728.00
64732.00
64728.00
64731.00
64725.00
64718.00
64738.00
64720.00
64725.00
64740.00
64730.00
64736.00
64742.00
64735.00
64735.00
64724.00
64719.00
64737.00
64719.00
64727.00
64736.00
64734.00
64737.00
64733.00
64730.00
64728.00
64723.00
64728.00
64735.00
64730.00
64724.00
64731.00
64737.00
64741.00
64735.00
64728.00
64732.00
64733.00
64732.00
64736.00
64730.00
64734.00
64737.00
64746.00
64744.00
64729.00
64727.00
64740.00
64731.00
64737.00
64719.00
64723.00
64736.00
64744.00
64745.00
64739.00
64739.00
64736.00
64734.00
64751.00
64739.00
64744.00
64730.00
64738.00
64735.00
64726.00
64728.00
64740.00
64739.00
64735.00
64728.00
64719.00
64726.00
64745.00
64739.00
64739.00
64732.00
64732.00
64745.00
64743.00
64727.00
64726.00
64737.00
64755.00
64749.00
64752.00
64745.00
64740.00
64744.00
64734.00
64737.00
64746.00
64730.00
64750.00
64740.00
64741.00
64746.00
64736.00
64751.00
64727.00
64738.00
64731.00
64728.00
64743.00
64739.00
64728.00
64735.00
64740.00
64753.00
64749.00
64750.00
64734.00
64739.00
64738.00
64749.00
64745.00
64735.00
64733.00
64738.00
64744.00
64748.00
64718.00
64724.00
64741.00
64734.00
64742.00
64729.00
64734.00
64742.00
64745.00
64745.00
64736.00
64737.00
64731.00
64744.00
64726.00
64745.00
64729.00
64736.00
64742.00
64748.00
64730.00
64737.00
64736.00
64742.00
64738.00
64742.00
64732.00
64739.00
64722.00
64748.00
64737.00
64742.00
64725.00
64748.00
64740.00
64737.00
64728.00
64732.00
64736.00
64739.00
64729.00
64744.00
64739.00
64745.00
64738.00
64739.00
64727.00
64728.00
64734.00
64753.00
64736.00
64748.00
64748.00
64735.00
64738.00
64742.00
64749.00
64738.00
64736.00
64739.00
64741.00
64729.00
64740.00
64748.00
64749.00
64756.00
64739.00
64743.00
64738.00
64735.00
64734.00
64726.00
64730.00
64745.00
64748.00
64745.00
64738.00
64734.00
64739.00
64745.00
64746.00
64737.00
64741.00
64746.00
64748.00
64747.00
64740.00
64732.00
64738.00
64740.00
64749.00
64734.00
64738.00
64729.00
64749.00
64736.00
64749.00
64743.00
64727.00
64742.00
64739.00
64731.00
64742.00
64729.00
64732.00
64749.00
64744.00
64738.00
64734.00
64734.00
64740.00
64737.00
64735.00
64720.00
64729.00
64748.00
64745.00
64746.00
64734.00
64744.00
64741.00
64728.00
64735.00
64736.00
64733.00
64750.00
64748.00
64740.00
64726.00
64734.00
64737.00
64735.00
64730.00
64719.00
64739.00
64737.00
64739.00
64747.00
64732.00
64743.00
64734.00
64737.00
64730.00
64736.00
64716.00
64726.00
64733.00
64743.00
64739.00
64740.00
64737.00
64740.00
64740.00
64731.00
64730.00
64735.00
64725.00
64725.00
64732.00
64736.00
64739.00
64747.00
64745.00
64739.00
64724.00
64734.00
64724.00
64737.00
64730.00
64743.00
64737.00
64747.00
64735.00
64728.00
64728.00
64732.00
64732.00
64732.00
64733.00
64733.00
64737.00
64749.00
64742.00
64733.00
64733.00
64727.00
64732.00
64733.00
64720.00
64734.00
64738.00
64730.00
64722.00
64744.00
64737.00
64727.00
64742.00
64732.00
64731.00
64726.00
64729.00
64717.00
64733.00
64743.00
64732.00
64728.00
64737.00
64737.00
64729.00
64730.00
64733.00
64745.00
64750.00
64753.00
64734.00
64733.00
64731.00
64737.00
64735.00
64730.00
64726.00
64728.00
64744.00
64736.00
64743.00
64730.00
64735.00
64738.00
64729.00
64725.00
64725.00
64748.00
64741.00
64730.00
64739.00
64729.00
64731.00
64743.00
64739.00
64739.00
64735.00
64738.00
64743.00
64744.00
64721.00
64732.00
64730.00
64745.00
64737.00
64729.00
64719.00
64729.00
64735.00
64737.00
64750.00
64748.00
64754.00
64758.00
64762.00
64762.00
64752.00
64758.00
64762.00
64760.00
64771.00
64781.00
64777.00
64798.00
64797.00
64793.00
64797.00
64793.00
64793.00
64807.00
64810.00
64806.00
64812.00
64817.00
64829.00
64825.00
64825.00
64835.00
64826.00
64840.00
64847.00
64841.00
64826.00
64838.00
64835.00
64844.00
64840.00
64849.00
64847.00
64847.00
64849.00
64852.00
64845.00
64859.00
64851.00
64866.00
64854.00
64851.00
64852.00
64856.00
64861.00
64848.00
64846.00
64830.00
64848.00
64850.00
64860.00
64850.00
64856.00
64857.00
64857.00
64856.00
64849.00
64850.00
64843.00
64850.00
64863.00
64856.00
64846.00
64851.00
64861.00
64859.00
64855.00
64849.00
64855.00
64858.00
64866.00
64857.00
64859.00
64840.00
64867.00
64856.00
64855.00
64846.00
64854.00
64858.00
64861.00
64856.00
64882.00
64852.00
64865.00
64871.00
64864.00
64859.00
64857.00
64858.00
64864.00
64849.00
64850.00
64854.00
64865.00
64865.00
64846.00
64867.00
64867.00
64858.00
64863.00
64848.00
64852.00
64866.00
64847.00
64855.00
64856.00
64866.00
64853.00
64853.00
64868.00
64859.00
64858.00
64854.00
64858.00
64861.00
64879.00
64862.00
64863.00
64861.00
64863.00
64858.00
64854.00
64842.00
64860.00
64864.00
64854.00
64853.00
64864.00
64850.00
64869.00
64845.00
64857.00
64862.00
64870.00
64859.00
64861.00
64866.00
64869.00
64868.00
64879.00
64870.00
64863.00
64842.00
64859.00
64861.00
64861.00
64849.00
64848.00
64865.00
64861.00
64875.00
64871.00
64861.00
64866.00
64870.00
64862.00
64844.00
64864.00
64862.00
64870.00
64871.00
64844.00
64858.00
64852.00
64862.00
64861.00
64853.00
64850.00
64858.00
64872.00
64868.00
64871.00
64858.00
64850.00
64861.00
64869.00
64853.00
64860.00
64841.00
64860.00
64875.00
64864.00
64867.00
64863.00
64868.00
64863.00
64855.00
64874.00
64873.00
64857.00
64877.00
64865.00
64853.00
64867.00
64865.00
64868.00
64868.00
64862.00
64839.00
64846.00
64857.00
64871.00
64873.00
64866.00
64868.00
64854.00
64865.00
64852.00
64857.00
64853.00
64864.00
64857.00
64868.00
64868.00
64870.00
64872.00
64875.00
64862.00
64860.00
64857.00
64864.00
64868.00
64868.00
64859.00
64873.00
64868.00
64873.00
64879.00
64862.00
64861.00
64869.00
64855.00
64860.00
64843.00
64864.00
64871.00
64871.00
64872.00
64857.00
64860.00
64851.00
64856.00
64861.00
64859.00
64869.00
64857.00
64878.00
64872.00
64860.00
64863.00
64864.00
64863.00
64862.00
64858.00
64864.00
64870.00
64872.00
64872.00
64868.00
64864.00
64860.00
64866.00
64869.00
64866.00
64856.00
64875.00
64863.00
64868.00
64868.00
64869.00
64866.00
64863.00
64868.00
64862.00
64861.00
64860.00
64852.00
64871.00
64867.00
64870.00
64860.00
64864.00
64868.00
64853.00
64860.00
64856.00
64860.00
64870.00
64866.00
64850.00
64861.00
64868.00
64872.00
64869.00
64871.00
64863.00
64863.00
64871.00
64868.00
64858.00
64863.00
64876.00
64869.00
64858.00
64866.00
64870.00
64873.00
64871.00
64859.00
64863.00
64865.00
64877.00
64864.00
64871.00
64861.00
64868.00
64857.00
64861.00
64855.00
64867.00
64861.00
64879.00
64873.00
64871.00
64857.00
64854.00
64846.00
64861.00
64865.00
64875.00
64872.00
64872.00
64872.00
64864.00
64865.00
64852.00
64862.00
64857.00
64874.00
64868.00
64868.00
64870.00
64866.00
64869.00
64860.00
64867.00
64859.00
64869.00
64866.00
64858.00
64856.00
64868.00
64866.00
64871.00
64871.00
64869.00
64856.00
64875.00
64874.00
64879.00
64855.00
64857.00
64874.00
64874.00
64863.00
64865.00
64859.00
64866.00
64867.00
64865.00
64861.00
64869.00
64865.00
64877.00
64877.00
64868.00
64869.00
64867.00
64873.00
64858.00
64860.00
64844.00
64867.00
64876.00
64872.00
64867.00
64866.00
64858.00
64861.00
64870.00
64853.00
64870.00
64859.00
64867.00
64883.00
64870.00
64857.00
64869.00
64872.00
64869.00
64871.00
64858.00
64858.00
64879.00
64871.00
64878.00
64853.00
64862.00
64863.00
64869.00
64850.00
64863.00
64862.00
64870.00
64883.00
64873.00
64870.00
64867.00
64874.00
64870.00
64878.00
64855.00
64862.00
64885.00
64875.00
64877.00
64868.00
64873.00
64874.00
64864.00
64869.00
64852.00
64863.00
64859.00
64867.00
64862.00
64858.00
64874.00
64884.00
64877.00
64875.00
64865.00
64862.00
64859.00
64867.00
64863.00
64864.00
64865.00
64869.00
64864.00
64870.00
64862.00
64859.00
64867.00
64859.00
64874.00
64844.00
64869.00
64868.00
64877.00
64871.00
64871.00
64865.00
64874.00
64878.00
64859.00
64866.00
64863.00
64878.00
64878.00
64887.00
64867.00
64871.00
64865.00
64872.00
64876.00
64874.00
64848.00
64871.00
64878.00
64870.00
64876.00
64874.00
64878.00
64875.00
64871.00
64869.00
64866.00
64875.00
64870.00
64868.00
64866.00
64873.00
64868.00
64869.00
64870.00
64868.00
64873.00
64860.00
64866.00
64879.00
64877.00
64870.00
64885.00
64869.00
64890.00
64892.00
64885.00
64881.00
64887.00
64897.00
64880.00
64886.00
64889.00
64889.00
64915.00
64906.00
64891.00
64889.00
64889.00
64898.00
64906.00
64890.00
64895.00
64885.00
64889.00
64904.00
64893.00
64899.00
64906.00
64893.00
64895.00
64891.00
64882.00
64892.00
64898.00
64893.00
64907.00
64894.00
64901.00
64900.00
64883.00
64889.00
64889.00
64889.00
64887.00
64900.00
64903.00
64897.00
64888.00
64896.00
64902.00
64886.00
64889.00
64886.00
64889.00
64897.00
64891.00
64886.00
64878.00
64900.00
64902.00
64908.00
64897.00
64893.00
64894.00
64891.00
64889.00
64897.00
64895.00
64898.00
64899.00
64897.00
64896.00
64896.00
64899.00
64887.00
64892.00
64891.00
64898.00
64903.00
64901.00
64899.00
64900.00
64901.00
64887.00
64893.00
64897.00
64889.00
64901.00
64906.00
64907.00
64885.00
64894.00
64893.00
64897.00
64899.00
64885.00
64887.00
64885.00
64895.00
64892.00
64902.00
64902.00
64901.00
64901.00
64905.00
64890.00
64902.00
64885.00
64898.00
64900.00
64903.00
64901.00
64902.00
64896.00
64899.00
64894.00
64890.00
64877.00
64892.00
64898.00
64899.00
64906.00
64899.00
64897.00
64904.00
64895.00
64907.00
64899.00
64897.00
64897.00
64897.00
64902.00
64901.00
64906.00
64905.00
64896.00
64903.00
64885.00
64893.00
64899.00
64894.00
64905.00
64888.00
64894.00
64906.00
64912.00
64907.00
64898.00
64901.00
64903.00
64911.00
64890.00
64890.00
64902.00
64901.00
64901.00
64905.00
64896.00
64894.00
64903.00
64901.00
64890.00
64879.00
64888.00
64902.00
64905.00
64911.00
64905.00
64906.00
64888.00
64903.00
64894.00
64889.00
64887.00
64898.00
64904.00
64900.00
64906.00
64908.00
64907.00
64890.00
64903.00
64896.00
64886.00
64899.00
64912.00
64914.00
64903.00
64904.00
64897.00
64917.00
64910.00
64897.00
64896.00
64899.00
64908.00
64904.00
64896.00
64895.00
64907.00
64908.00
64906.00
64895.00
64889.00
64893.00
64890.00
64898.00
64906.00
64905.00
64905.00
64908.00
64912.00
64900.00
64892.00
64901.00
64893.00
64907.00
64899.00
64906.00
64905.00
64902.00
64914.00
64908.00
64898.00
64891.00
64903.00
64906.00
64906.00
64886.00
64905.00
64907.00
64916.00
64905.00
64888.00
64895.00
64895.00
64901.00
64901.00
64899.00
64899.00
64899.00
64917.00
64905.00
64899.00
64897.00
64904.00
64908.00
64897.00
64901.00
64910.00
64898.00
64912.00
64916.00
64905.00
64903.00
64899.00
64909.00
64900.00
64900.00
64901.00
64901.00
64914.00
64906.00
64918.00
64907.00
64905.00
64897.00
64912.00
64906.00
64903.00
64895.00
64903.00
64906.00
64905.00
64902.00
64904.00
64910.00
64904.00
64911.00
64907.00
64901.00
64902.00
64898.00
64891.00
64906.00
64905.00
64909.00
64910.00
64909.00
64894.00
64909.00
64890.00
64916.00
64895.00
64897.00
64903.00
64909.00
64908.00
64905.00
64900.00
64905.00
64901.00
64903.00
64897.00
64894.00
64900.00
64894.00
64906.00
64911.00
64899.00
64906.00
64911.00
64918.00
64895.00
64900.00
64905.00
64911.00
64902.00
64896.00
64904.00
64897.00
64900.00
64905.00
64905.00
64890.00
64891.00
64895.00
64906.00
64900.00
64906.00
64905.00
64910.00
64917.00
64909.00
64902.00
64897.00
64893.00
64899.00
64892.00
64892.00
64908.00
64907.00
64915.00
64914.00
64906.00
64900.00
64901.00
64902.00
64905.00
64900.00
64893.00
64898.00
64912.00
64916.00
64908.00
64899.00
64897.00
64909.00
64905.00
64898.00
64897.00
64894.00
64898.00
64907.00
64900.00
64895.00
64904.00
64897.00
64893.00
64892.00
64910.00
64907.00
64913.00
64911.00
64904.00
64908.00
64905.00
64902.00
64903.00
64907.00
64902.00
64907.00
64909.00
64914.00
64909.00
64906.00
64914.00
64914.00
64904.00
64907.00
64901.00
64897.00
64906.00
64896.00
64898.00
64898.00
64910.00
64906.00
64912.00
64916.00
64908.00
64907.00
64908.00
64910.00
64902.00
64897.00
64899.00
64893.00
64917.00
64904.00
64897.00
64909.00
64896.00
64901.00
64897.00
64898.00
64896.00
64918.00
64896.00
64917.00
64901.00
64909.00
64908.00
64907.00
64902.00
64900.00
64897.00
64898.00
64916.00
64907.00
64909.00
64914.00
64910.00
64907.00
64910.00
64905.00
64885.00
64900.00
64907.00
64898.00
64902.00
64893.00
64909.00
64913.00
64921.00
64919.00
64906.00
64901.00
64913.00
64908.00
64921.00
64912.00
64904.00
64904.00
64908.00
64904.00
64907.00
64891.00
64896.00
64903.00
64896.00
64902.00
64899.00
64912.00
64917.00
64903.00
64910.00
64899.00
64914.00
64918.00
64906.00
64904.00
64899.00
64911.00
64915.00
64905.00
64903.00
64912.00
64908.00
64915.00
64900.00
64906.00
64900.00
64894.00
64904.00
64916.00
64908.00
64899.00
64899.00
64907.00
64913.00
64898.00
64890.00
64910.00
64893.00
64909.00
64901.00
64910.00
64910.00
64904.00
64913.00
64907.00
64901.00
64908.00
64911.00
64886.00
64899.00
64904.00
64905.00
64911.00
64915.00
64906.00
64904.00
64908.00
64910.00
64905.00
64894.00
64895.00
64911.00
64910.00
64919.00
64914.00
64905.00
64898.00
64912.00
64914.00
64906.00
64901.00
64910.00
64899.00
64906.00
64906.00
64898.00
64905.00
64908.00
64911.00
64903.00
64905.00
64892.00
64896.00
64913.00
64921.00
64914.00
64907.00
64908.00
64907.00
64902.00
64902.00
64890.00
64895.00
64904.00
64901.00
64913.00
64909.00
64915.00
64914.00
64910.00
64903.00
64896.00
64910.00
64895.00
64900.00
64904.00
64899.00
64894.00
64920.00
64908.00
64912.00
64907.00
64898.00
64905.00
64906.00
64898.00
64898.00
64907.00
64921.00
64905.00
64906.00
64895.00
64897.00
64895.00
64897.00
64900.00
64899.00
64901.00
64908.00
64913.00
64904.00
64900.00
64902.00
64904.00
64903.00
64907.00
64905.00
64909.00
64910.00
64910.00
64911.00
64907.00
64896.00
64895.00
64907.00
64897.00
64904.00
64909.00
64918.00
64921.00
64919.00
64913.00
64912.00
64907.00
64915.00
64918.00
64900.00
64903.00
64909.00
64912.00
64911.00
64908.00
64899.00
64903.00
64910.00
64904.00
64897.00
64901.00
64905.00
64915.00
64925.00
64901.00
64896.00
64904.00
64910.00
64899.00
64915.00
64902.00
64908.00
64927.00
64906.00
64909.00
64903.00
64908.00
64913.00
64912.00
64902.00
64895.00
64901.00
64910.00
64914.00
64907.00
64911.00
64908.00
64912.00
64926.00
64902.00
64900.00
64908.00
64907.00
64908.00
64893.00
64901.00
64911.00
64906.00
64913.00
64905.00
64898.00
64904.00
64891.00
64903.00
64905.00
64914.00
64921.00
64919.00
64909.00
64915.00
64914.00
64906.00
64901.00
64914.00
64884.00
64896.00
64900.00
64902.00
64918.00
64901.00
64912.00
64916.00
64918.00
64909.00
64905.00
64901.00
64901.00
64899.00
64900.00
64920.00
64911.00
64901.00
64915.00
64916.00
64909.00
64904.00
64892.00
64919.00
64921.00
64920.00
64918.00
64901.00
64907.00
64914.00
64903.00
64899.00
64895.00
64900.00
64909.00
64905.00
64916.00
64913.00
64904.00
64912.00
64913.00
64905.00
64908.00
64902.00
64902.00
64906.00
64911.00
64911.00
64912.00
64913.00
64912.00
64897.00
64897.00
64900.00
64900.00
64903.00
64900.00
64902.00
64910.00
64912.00
64911.00
64914.00
64903.00
64904.00
64893.00
64912.00
64912.00
64912.00
64914.00
64897.00
64912.00
64915.00
64901.00
64904.00
64907.00
64897.00
64903.00
64908.00
64908.00
64916.00
64919.00
64914.00
64907.00
64904.00
64905.00
64904.00
64909.00
64908.00
64905.00
64911.00
64914.00
64918.00
64913.00
64911.00
64911.00
64914.00
64904.00
64910.00
64901.00
64903.00
64904.00
64917.00
64914.00
64907.00
64911.00
64909.00
64909.00
64902.00
64896.00
64907.00
64915.00
64914.00
64915.00
64913.00
64908.00
64902.00
64909.00
64914.00
64908.00
64906.00
64904.00
64917.00
64921.00
64903.00
64912.00
64915.00
64915.00
64901.00
64898.00
64902.00
64905.00
64919.00
64922.00
64914.00
64912.00
64913.00
64921.00
64900.00
64905.00
64909.00
64903.00
64916.00
64904.00
64900.00
64910.00
64914.00
64915.00
64909.00
64902.00
64895.00
64904.00
64903.00
64896.00
64908.00
64911.00
64918.00
64919.00
64910.00
64902.00
64893.00
64915.00
64899.00
64901.00
64911.00
64904.00
64916.00
64913.00
64920.00
64910.00
64897.00
64905.00
64913.00
64905.00
64909.00
64917.00
64906.00
64922.00
64916.00
64914.00
64916.00
64906.00
64920.00
64910.00
64914.00
64900.00
64903.00
64913.00
64909.00
64912.00
64908.00
64909.00
64909.00
64910.00
64909.00
64906.00
64903.00
64924.00
64920.00
64917.00
64913.00
64908.00
64909.00
64911.00
64916.00
64893.00
64895.00
64919.00
64926.00
64909.00
64915.00
64905.00
64913.00
64918.00
64901.00
64890.00
64912.00
64920.00
64908.00
64908.00
64907.00
64916.00
64916.00
64903.00
64903.00
64891.00
64897.00
64900.00
64907.00
64904.00
64908.00
64905.00
64911.00
64916.00
64916.00
64902.00
64908.00
64905.00
64907.00
64911.00
64911.00
64921.00
64913.00
64916.00
64916.00
64899.00
64906.00
64903.00
64901.00
64907.00
64916.00
64912.00
64915.00
64920.00
64916.00
64904.00
64906.00
64904.00
64908.00
64900.00
64900.00
64905.00
64919.00
64915.00
64918.00
64911.00
64912.00
64911.00
64908.00
64917.00
64921.00
64911.00
64910.00
64907.00
64907.00
64901.00
64906.00
64908.00
64918.00
64903.00
64915.00
64904.00
64922.00
64916.00
64916.00
64916.00
64909.00
64905.00
64899.00
64924.00
64906.00
64912.00
64906.00
64925.00
64916.00
64923.00
64915.00
64916.00
64920.00
64919.00
64909.00
64911.00
64902.00
64901.00
64903.00
64904.00
64920.00
64915.00
64923.00
64925.00
64921.00
64908.00
64907.00
64912.00
64918.00
64915.00
64896.00
64914.00
64917.00
64899.00
64902.00
64904.00
64913.00
64902.00
64900.00
64903.00
64893.00
64896.00
64893.00
64902.00
64896.00
64892.00
64886.00
64871.00
64884.00
64878.00
64865.00
64875.00
64885.00
64880.00
64887.00
64875.00
64875.00
64878.00
64882.00
64868.00
64873.00
64883.00
64878.00
64884.00
64887.00
64876.00
64877.00
64879.00
64882.00
64885.00
64875.00
64875.00
64868.00
64880.00
64895.00
64881.00
64883.00
64882.00
64877.00
64877.00
64884.00
64875.00
64875.00
64892.00
64881.00
64890.00
64881.00
64891.00
64880.00
64888.00
64885.00
64875.00
64877.00
64872.00
64891.00
64875.00
64888.00
64874.00
64892.00
64895.00
64890.00
64887.00
64884.00
64881.00
64878.00
64881.00
64873.00
64879.00
64882.00
64868.00
64883.00
64891.00
64878.00
64885.00
64876.00
64884.00
64881.00
64875.00
64889.00
64894.00
64884.00
64880.00
64880.00
64884.00
64884.00
64876.00
64870.00
64876.00
64870.00
64886.00
64890.00
64886.00
64877.00
64878.00
64882.00
64891.00
64882.00
64874.00
64867.00
64888.00
64886.00
64885.00
64892.00
64879.00
64890.00
64887.00
64880.00
64877.00
64881.00
64880.00
64879.00
64882.00
64877.00
64883.00
64889.00
64886.00
64880.00
64876.00
64878.00
64887.00
64892.00
64886.00
64881.00
64894.00
64889.00
64893.00
64884.00
64873.00
64881.00
64887.00
64886.00
64875.00
64884.00
64880.00
64887.00
64882.00
64897.00
64883.00
64881.00
64877.00
64890.00
64888.00
64882.00
64870.00
64883.00
64883.00
64891.00
64883.00
64886.00
64885.00
64888.00
64892.00
64874.00
64874.00
64884.00
64891.00
64890.00
64876.00
64893.00
64879.00
64888.00
64884.00
64868.00
64888.00
64896.00
64882.00
64894.00
64892.00
64880.00
64884.00
64885.00
64884.00
64874.00
64874.00
64868.00
64878.00
64885.00
64878.00
64889.00
64890.00
64891.00
64890.00
64887.00
64883.00
64883.00
64883.00
64882.00
64879.00
64874.00
64875.00
64885.00
64891.00
64893.00
64886.00
64882.00
64887.00
64881.00
64887.00
64887.00
64876.00
64886.00
64890.00
64886.00
64886.00
64882.00
64871.00
64881.00
64873.00
64884.00
64877.00
64879.00
64889.00
64889.00
64885.00
64886.00
64876.00
64890.00
64873.00
64870.00
64880.00
64877.00
64919.00
64891.00
64885.00
64877.00
64887.00
64892.00
64893.00
64874.00
64876.00
64894.00
64878.00
64886.00
64880.00
64885.00
64883.00
64880.00
64895.00
64879.00
64884.00
64885.00
64882.00
64892.00
64894.00
64891.00
64884.00
64886.00
64879.00
64879.00
64885.00
64880.00
64888.00
64878.00
64885.00
64878.00
64892.00
64890.00
64896.00
64873.00
64892.00
64896.00
64882.00
64886.00
64876.00
64887.00
64881.00
64886.00
64895.00
64881.00
64888.00
64876.00
64892.00
64882.00
64889.00
64880.00
64882.00
64878.00
64889.00
64880.00
64886.00
64883.00
64882.00
64887.00
64881.00
64873.00
64882.00
64894.00
64892.00
64888.00
64890.00
64880.00
64888.00
64889.00
64886.00
64882.00
64883.00
64879.00
64891.00
64886.00
64888.00
64890.00
64898.00
64893.00
64888.00
64890.00
64887.00
64869.00
64874.00
64873.00
64876.00
64874.00
64884.00
64888.00
64889.00
64892.00
64885.00
64881.00
64888.00
64882.00
64884.00
64893.00
64878.00
64886.00
64885.00
64882.00
64880.00
64885.00
64880.00
64883.00
64879.00
64875.00
64888.00
64891.00
64891.00
64884.00
64877.00
64878.00
64878.00
64881.00
64885.00
64878.00
64881.00
64892.00
64900.00
64888.00
64888.00
64883.00
64887.00
64886.00
64890.00
64890.00
64881.00
64873.00
64891.00
64876.00
64887.00
64887.00
64887.00
64893.00
64889.00
64879.00
64875.00
64880.00
64880.00
64885.00
64880.00
64876.00
64898.00
64881.00
64882.00
64886.00
64871.00
64870.00
64879.00
64892.00
64880.00
64890.00
64883.00
64888.00
64894.00
64869.00
64866.00
64877.00
64882.00
64886.00
64879.00
64883.00
64883.00
64883.00
64884.00
64876.00
64876.00
64882.00
64891.00
64880.00
64871.00
64873.00
64879.00
64888.00
64899.00
64889.00
64877.00
64881.00
64884.00
64881.00
64870.00
64879.00
64879.00
64885.00
64893.00
64882.00
64875.00
64883.00
64883.00
64889.00
64876.00
64866.00
64884.00
64882.00
64882.00
64882.00
64884.00
64872.00
64882.00
64889.00
64888.00
64874.00
64872.00
64881.00
64880.00
64881.00
64878.00
64881.00
64871.00
64891.00
64891.00
64889.00
64884.00
64880.00
64884.00
64887.00
64871.00
64892.00
64893.00
64895.00
64887.00
64885.00
64881.00
64881.00
64887.00
64873.00
64875.00
64886.00
64890.00
64876.00
64874.00
64880.00
64882.00
64880.00
64882.00
64864.00
64875.00
64874.00
64873.00
64887.00
64891.00
64880.00
64876.00
64879.00
64879.00
64881.00
64886.00
64881.00
64880.00
64893.00
64884.00
64886.00
64883.00
64883.00
64887.00
64880.00
64865.00
64876.00
64882.00
64882.00
64883.00
64878.00
64881.00
64883.00
64892.00
64885.00
64880.00
64870.00
64869.00
64884.00
64887.00
64888.00
64872.00
64874.00
64876.00
64876.00
64853.00
64865.00
64841.00
64864.00
64853.00
64857.00
64851.00
64837.00
64839.00
64828.00
64834.00
64808.00
64815.00
64801.00
64803.00
64807.00
64799.00
64802.00
64803.00
64786.00
64796.00
64787.00
64776.00
64780.00
64787.00
64777.00
64766.00
64768.00
64771.00
64780.00
64768.00
64761.00
64761.00
64758.00
64750.00
64758.00
64751.00
64757.00
64749.00
64749.00
64741.00
64740.00
64737.00
64733.00
64743.00
64739.00
64721.00
64723.00
64727.00
64746.00
64741.00
64725.00
64724.00
64717.00
64729.00
64721.00
64717.00
64711.00
64712.00
64719.00
64728.00
64735.00
64722.00
64724.00
64731.00
64724.00
64729.00
64719.00
64708.00
64709.00
64713.00
64708.00
64719.00
64720.00
64721.00
64711.00
64714.00
64709.00
64730.00
64723.00
64720.00
64727.00
64731.00
64725.00
64720.00
64717.00
64711.00
64717.00
64710.00
64735.00
64723.00
64716.00
64723.00
64726.00
64729.00
64723.00
64722.00
64706.00
64723.00
64723.00
64713.00
64709.00
64714.00
64718.00
64727.00
64717.00
64727.00
64713.00
64699.00
64718.00
64721.00
64719.00
64709.00
64696.00
64718.00
64722.00
64718.00
64720.00
64709.00
64703.00
64718.00
64714.00
64713.00
64701.00
64703.00
64729.00
64730.00
64707.00
64717.00
64711.00
64717.00
64720.00
64726.00
64715.00
64706.00
64713.00
64716.00
64717.00
64712.00
64707.00
64716.00
64713.00
64712.00
64698.00
64708.00
64706.00
64713.00
64705.00
64709.00
64707.00
64717.00
64719.00
64714.00
64711.00
64706.00
64710.00
64714.00
64711.00
64706.00
64718.00
64713.00
64726.00
64707.00
64704.00
64698.00
64706.00
64708.00
64705.00
64708.00
64712.00
64713.00
64723.00
64717.00
64708.00
64709.00
64712.00
64716.00
64708.00
64698.00
64700.00
64703.00
64721.00
64714.00
64716.00
64706.00
64710.00
64714.00
64710.00
64719.00
64704.00
64700.00
64720.00
64705.00
64713.00
64711.00
64703.00
64718.00
64718.00
64713.00
64710.00
64699.00
64716.00
64725.00
64713.00
64711.00
64707.00
64703.00
64715.00
64705.00
64701.00
64701.00
64712.00
64703.00
64711.00
64706.00
64708.00
64716.00
64715.00
64715.00
64706.00
64699.00
64709.00
64699.00
64714.00
64710.00
64712.00
64720.00
64724.00
64714.00
64711.00
64712.00
64709.00
64707.00
64717.00
64711.00
64712.00
64715.00
64721.00
64720.00
64711.00
64707.00
64715.00
64711.00
64711.00
64716.00
64716.00
64718.00
64721.00
64710.00
64700.00
64703.00
64702.00
64698.00
64703.00
64702.00
64693.00
64709.00
64702.00
64720.00
64714.00
64706.00
64715.00
64713.00
64714.00
64699.00
64702.00
64713.00
64714.00
64713.00
64704.00
64699.00
64713.00
64701.00
64714.00
64694.00
64709.00
64713.00
64717.00
64715.00
64719.00
64702.00
64710.00
64705.00
64711.00
64708.00
64711.00
64714.00
64713.00
64710.00
64710.00
64708.00
64708.00
64706.00
64706.00
64711.00
64706.00
64719.00
64715.00
64724.00
64708.00
64715.00
64707.00
64703.00
64726.00
64710.00
64706.00
64710.00
64710.00
64707.00
64710.00
64719.00
64715.00
64721.00
64710.00
64715.00
64712.00
64703.00
64705.00
64712.00
64702.00
64714.00
64692.00
64699.00
64720.00
64714.00
64707.00
64704.00
64708.00
64706.00
64710.00
64710.00
64707.00
64713.00
64716.00
64717.00
64712.00
64704.00
64703.00
64710.00
64701.00
64704.00
64716.00
64711.00
64720.00
64703.00
64718.00
64704.00
64694.00
64717.00
64708.00
64705.00
64711.00
64692.00
64719.00
64701.00
64712.00
64712.00
64706.00
64715.00
64722.00
64709.00
64706.00
64696.00
64708.00
64714.00
64711.00
64708.00
64704.00
64725.00
64714.00
64704.00
64701.00
64707.00
64714.00
64700.00
64712.00
64710.00
64708.00
64721.00
64708.00
64721.00
64713.00
64706.00
64704.00
64707.00
64707.00
64699.00
64706.00
64711.00
64717.00
64713.00
64704.00
64709.00
64703.00
64714.00
64712.00
64713.00
64698.00
64717.00
64717.00
64724.00
64715.00
64717.00
64717.00
64706.00
64712.00
64714.00
64711.00
64707.00
64702.00
64715.00
64722.00
64710.00
64705.00
64710.00
64713.00
64707.00
64699.00
64691.00
64700.00
64713.00
64706.00
64707.00
64707.00
64710.00
64707.00
64710.00
64701.00
64710.00
64724.00
64715.00
64716.00
64707.00
64711.00
64713.00
64706.00
64709.00
64704.00
64702.00
64703.00
64727.00
64711.00
64711.00
64703.00
64703.00
64725.00
64720.00
64710.00
64715.00
64712.00
64716.00
64712.00
64717.00
64713.00
64723.00
64717.00
64718.00
64714.00
64711.00
64710.00
64709.00
64705.00
64711.00
64716.00
64718.00
64722.00
64718.00
64704.00
64710.00
64708.00
64715.00
64717.00
64716.00
64712.00
64723.00
64714.00
64725.00
64719.00
64711.00
64719.00
64721.00
64704.00
64709.00
64705.00
64706.00
64725.00
64733.00
64722.00
64716.00
64717.00
64715.00
64719.00
64715.00
64700.00
64703.00
64707.00
64718.00
64704.00
64697.00
64695.00
64699.00
64693.00
64687.00
64692.00
64681.00
64694.00
64695.00
64690.00
64684.00
64661.00
64679.00
64675.00
64672.00
64662.00
64654.00
64650.00
64664.00
64665.00
64664.00
64651.00
64665.00
64658.00
64646.00
64637.00
64642.00
64635.00
64650.00
64637.00
64637.00
64623.00
64629.00
64631.00
64646.00
64631.00
64627.00
64628.00
64626.00
64640.00
64635.00
64634.00
64636.00
64645.00
64643.00
64631.00
64616.00
64629.00
64637.00
64626.00
64628.00
64627.00
64632.00
64642.00
64643.00
64642.00
64637.00
64631.00
64632.00
64633.00
64636.00
64640.00
64628.00
64622.00
64638.00
64621.00
64637.00
64629.00
64634.00
64635.00
64632.00
64622.00
64635.00
64634.00
64632.00
64633.00
64632.00
64631.00
64630.00
64639.00
64635.00
64625.00
64620.00
64616.00
64631.00
64639.00
64630.00
64633.00
64635.00
64632.00
64638.00
64627.00
64622.00
64628.00
64636.00
64643.00
64629.00
64636.00
64634.00
64632.00
64634.00
64629.00
64632.00
64627.00
64639.00
64627.00
64626.00
64617.00
64636.00
64629.00
64634.00
64629.00
64620.00
64629.00
64625.00
64624.00
64631.00
64620.00
64628.00
64633.00
64633.00
64641.00
64624.00
64625.00
64630.00
64629.00
64628.00
64630.00
64617.00
64625.00
64637.00
64631.00
64621.00
64630.00
64634.00
64634.00
64628.00
64615.00
64611.00
64617.00
64620.00
64622.00
64626.00
64625.00
64628.00
64637.00
64632.00
64618.00
64631.00
64623.00
64623.00
64625.00
64630.00
64622.00
64623.00
64636.00
64616.00
64628.00
64625.00
64632.00
64630.00
64631.00
64612.00
64629.00
64631.00
64636.00
64627.00
64629.00
64622.00
64623.00
64627.00
64624.00
64618.00
64625.00
64619.00
64632.00
64634.00
64626.00
64620.00
64625.00
64635.00
64620.00
64620.00
64614.00
64623.00
64629.00
64634.00
64626.00
64630.00
64630.00
64631.00
64624.00
64620.00
64612.00
64620.00
64618.00
64640.00
64628.00
64625.00
64625.00
64624.00
64642.00
64626.00
64621.00
64610.00
64628.00
64637.00
64624.00
64627.00
64626.00
64620.00
64620.00
64618.00
64619.00
64612.00
64620.00
64629.00
64617.00
64620.00
64625.00
64630.00
64626.00
64623.00
64616.00
64609.00
64616.00
64619.00
64624.00
64619.00
64628.00
64632.00
64630.00
64631.00
64629.00
64623.00
64622.00
64626.00
64615.00
64616.00
64611.00
64631.00
64623.00
64631.00
64622.00
64623.00
64616.00
64627.00
64618.00
64620.00
64611.00
64616.00
64626.00
64627.00
64627.00
64625.00
64613.00
64616.00
64629.00
64624.00
64617.00
64614.00
64633.00
64624.00
64630.00
64625.00
64623.00
64612.00
64616.00
64621.00
64625.00
64611.00
64614.00
64628.00
64619.00
64628.00
64616.00
64615.00
64629.00
64621.00
64622.00
64627.00
64626.00
64623.00
64621.00
64616.00
64617.00
64612.00
64624.00
64624.00
64621.00
64617.00
64622.00
64630.00
64613.00
64617.00
64614.00
64625.00
64631.00
64627.00
64613.00
64616.00
64616.00
64621.00
64614.00
64609.00
64614.00
64616.00
64629.00
64634.00
64624.00
64620.00
64617.00
64622.00
64623.00
64622.00
64605.00
64616.00
64621.00
64619.00
64622.00
64616.00
64611.00
64634.00
64623.00
64622.00
64616.00
64616.00
64620.00
64622.00
64613.00
64624.00
64624.00
64612.00
64621.00
64617.00
64609.00
64616.00
64616.00
64618.00
64631.00
64619.00
64620.00
64628.00
64629.00
64626.00
64620.00
64609.00
64621.00
64613.00
64614.00
64616.00
64621.00
64621.00
64627.00
64623.00
64621.00
64610.00
64601.00
64618.00
64612.00
64618.00
64621.00
64604.00
64622.00
64621.00
64610.00
64613.00
64627.00
64618.00
64625.00
64612.00
64612.00
64615.00
64634.00
64616.00
64619.00
64603.00
64620.00
64618.00
64621.00
64618.00
64598.00
64606.00
64617.00
64624.00
64623.00
64624.00
64621.00
64623.00
64613.00
64621.00
64606.00
64611.00
64616.00
64620.00
64617.00
64617.00
64615.00
64620.00
64625.00
64622.00
64612.00
64617.00
64627.00
64611.00
64596.00
64607.00
64611.00
64620.00
64622.00
64615.00
64606.00
64610.00
64613.00
64619.00
64664.00
64629.00
64629.00
64620.00
64619.00
64621.00
64620.00
64614.00
64605.00
64619.00
64613.00
64610.00
64612.00
64618.00
