43429.00
43399.00
43450.00
43488.00
43491.00
43439.00
43396.00
43423.00
43489.00
43470.00
43425.00
43403.00
43430.00
43490.00
43477.00
43418.00
43395.00
43439.00
43475.00
43475.00
43441.00
43398.00
43415.00
43470.00
43470.00
43438.00
43390.00
43415.00
43455.00
43470.00
43443.00
43402.00
43419.00
43458.00
43475.00
43443.00
43403.00
43407.00
43451.00
43469.00
43436.00
43389.00
43413.00
43453.00
43475.00
43443.00
43411.00
43414.00
43456.00
43474.00
43451.00
43393.00
43407.00
43445.00
43488.00
43446.00
43399.00
43405.00
43433.00
43477.00
43464.00
43410.00
43410.00
43450.00
43474.00
43469.00
43427.00
43408.00
43438.00
43487.00
43460.00
43414.00
43395.00
43434.00
43482.00
43456.00
43409.00
43384.00
43434.00
43474.00
43457.00
43414.00
43389.00
43420.00
43471.00
43469.00
43406.00
43399.00
43427.00
43485.00
43456.00
43419.00
43387.00
43415.00
43471.00
43447.00
43432.00
43387.00
43416.00
43466.00
43443.00
43431.00
43386.00
43407.00
43462.00
43472.00
43427.00
43405.00
43411.00
43457.00
43463.00
43445.00
43385.00
43405.00
43461.00
43471.00
43440.00
43396.00
43401.00
43452.00
43470.00
43433.00
43398.00
43390.00
43448.00
43462.00
43432.00
43378.00
43397.00
43446.00
43470.00
43437.00
43391.00
43403.00
43442.00
43476.00
43457.00
43405.00
43393.00
43438.00
43481.00
43457.00
43428.00
43390.00
43428.00
43474.00
43459.00
43397.00
43380.00
43419.00
43453.00
43439.00
43403.00
43369.00
43418.00
43458.00
43454.00
43402.00
43389.00
43416.00
43472.00
43470.00
43404.00
43389.00
43416.00
43467.00
43454.00
43425.00
43376.00
43418.00
43470.00
43466.00
43416.00
43360.00
43401.00
43463.00
43459.00
43401.00
43379.00
43397.00
43458.00
43458.00
43414.00
43374.00
43386.00
43450.00
43446.00
43423.00
43373.00
43389.00
43441.00
43466.00
43420.00
43362.00
43382.00
43443.00
43454.00
43418.00
43381.00
43390.00
43433.00
43479.00
43439.00
43418.00
43401.00
43442.00
43477.00
43433.00
43370.00
43374.00
43417.00
43466.00
43427.00
43386.00
43378.00
43427.00
43459.00
43444.00
43405.00
43401.00
43422.00
43486.00
43442.00
43400.00
43393.00
43424.00
43467.00
43463.00
43405.00
43375.00
43417.00
43457.00
43466.00
43409.00
43370.00
43410.00
43485.00
43441.00
43425.00
43379.00
43418.00
43476.00
43453.00
43415.00
43398.00
43427.00
43461.00
43466.00
43416.00
43374.00
43401.00
43455.00
43451.00
43402.00
43378.00
43399.00
43463.00
43469.00
43425.00
43391.00
43416.00
43461.00
43474.00
43438.00
43394.00
43409.00
43474.00
43499.00
43447.00
43387.00
43433.00
43447.00
43483.00
43447.00
43386.00
43410.00
43452.00
43474.00
43452.00
43400.00
43412.00
43449.00
43472.00
43444.00
43401.00
43392.00
43442.00
43467.00
43435.00
43408.00
43407.00
43443.00
43460.00
43450.00
43395.00
43398.00
43426.00
43463.00
43453.00
43393.00
43395.00
43428.00
43482.00
43432.00
43404.00
43377.00
43407.00
43455.00
43454.00
43394.00
43385.00
43429.00
43469.00
43435.00
43398.00
43371.00
43417.00
43459.00
43458.00
43422.00
43384.00
43418.00
43468.00
43461.00
43419.00
43385.00
43410.00
43469.00
43465.00
43404.00
43379.00
43399.00
43447.00
43452.00
43414.00
43375.00
43394.00
43439.00
43451.00
43411.00
43372.00
43379.00
43430.00
43450.00
43429.00
43378.00
43395.00
43440.00
43466.00
43419.00
43370.00
43403.00
43434.00
43464.00
43425.00
43376.00
43396.00
43435.00
43469.00
43435.00
43379.00
43396.00
43424.00
43462.00
43436.00
43369.00
43391.00
43420.00
43459.00
43431.00
43392.00
43390.00
43438.00
43491.00
43460.00
43389.00
43395.00
43437.00
43471.00
43456.00
43411.00
43395.00
43416.00
43486.00
43461.00
43409.00
43405.00
43438.00
43488.00
43479.00
43430.00
43394.00
43427.00
43472.00
43457.00
43406.00
43378.00
43431.00
43476.00
43474.00
43419.00
43378.00
43427.00
43472.00
43456.00
43425.00
43392.00
43418.00
43477.00
43462.00
43430.00
43400.00
43430.00
43466.00
43482.00
43433.00
43389.00
43415.00
43465.00
43474.00
43422.00
43381.00
43417.00
43455.00
43473.00
43436.00
43392.00
43407.00
43457.00
43488.00
43438.00
43401.00
43427.00
43450.00
43484.00
43460.00
43410.00
43415.00
43447.00
43496.00
43474.00
43395.00
43404.00
43456.00
43479.00
43456.00
43411.00
43397.00
43446.00
43490.00
43456.00
43418.00
43394.00
43442.00
43488.00
43455.00
43410.00
43393.00
43444.00
43478.00
43463.00
43426.00
43403.00
43435.00
43494.00
43470.00
43447.00
43415.00
43449.00
43500.00
43500.00
43447.00
43419.00
43456.00
43506.00
43487.00
43452.00
43406.00
43445.00
43485.00
43484.00
43432.00
43390.00
43423.00
43485.00
43489.00
43434.00
43406.00
43431.00
43458.00
43480.00
43430.00
43389.00
43415.00
43467.00
43466.00
43418.00
43385.00
43396.00
43459.00
43461.00
43440.00
43390.00
43409.00
43450.00
43463.00
43453.00
43400.00
43397.00
43448.00
43466.00
43446.00
43397.00
43406.00
43449.00
43483.00
43454.00
43399.00
43398.00
43435.00
43457.00
43444.00
43397.00
43391.00
43434.00
43469.00
43441.00
43397.00
43390.00
43451.00
43492.00
43469.00
43404.00
43406.00
43443.00
43480.00
43458.00
43410.00
43401.00
43420.00
43465.00
43462.00
43422.00
43403.00
43425.00
43489.00
43455.00
43406.00
43392.00
43413.00
43474.00
43468.00
43415.00
43402.00
43420.00
43478.00
43473.00
43432.00
43387.00
43433.00
43469.00
43464.00
43423.00
43403.00
43405.00
43456.00
43466.00
43423.00
43387.00
43412.00
43463.00
43483.00
43439.00
43387.00
43424.00
43470.00
43473.00
43447.00
43383.00
43410.00
43482.00
43493.00
43436.00
43403.00
43445.00
43471.00
43474.00
43456.00
43417.00
43413.00
43469.00
43475.00
43447.00
43401.00
43409.00
43464.00
43500.00
43452.00
43393.00
43408.00
43428.00
43467.00
43450.00
43395.00
43383.00
43435.00
43464.00
43457.00
43396.00
43388.00
43429.00
43467.00
43458.00
43406.00
43395.00
43434.00
43480.00
43462.00
43400.00
43385.00
43430.00
43469.00
43472.00
43415.00
43395.00
43428.00
43478.00
43472.00
43421.00
43384.00
43419.00
43493.00
43464.00
43424.00
43395.00
43432.00
43493.00
43477.00
43432.00
43419.00
43442.00
43483.00
43474.00
43436.00
43409.00
43428.00
43479.00
43481.00
43428.00
43404.00
43417.00
43495.00
43484.00
43454.00
43410.00
43432.00
43499.00
43495.00
43457.00
43424.00
43453.00
43490.00
43486.00
43468.00
43419.00
43414.00
43484.00
43500.00
43464.00
43416.00
43429.00
43480.00
43493.00
43459.00
43416.00
43419.00
43475.00
43500.00
43469.00
43427.00
43437.00
43476.00
43489.00
43464.00
43411.00
43440.00
43472.00
43509.00
43471.00
43406.00
43401.00
43461.00
43497.00
43472.00
43417.00
43409.00
43455.00
43486.00
43477.00
43430.00
43408.00
43455.00
43501.00
43471.00
43432.00
43415.00
43439.00
43488.00
43481.00
43436.00
43408.00
43450.00
43487.00
43469.00
43427.00
43399.00
43437.00
43487.00
43476.00
43422.00
43405.00
43435.00
43475.00
43471.00
43443.00
43407.00
43437.00
43501.00
43475.00
43433.00
43401.00
43434.00
43486.00
43491.00
43446.00
43416.00
43425.00
43465.00
43471.00
43447.00
43391.00
43432.00
43463.00
43475.00
43436.00
43411.00
43423.00
43463.00
43473.00
43437.00
43399.00
43408.00
43470.00
43478.00
43456.00
43407.00
43406.00
43469.00
43501.00
43461.00
43404.00
43424.00
43460.00
43475.00
43456.00
43391.00
43420.00
43457.00
43480.00
43446.00
43402.00
43416.00
43446.00
43488.00
43450.00
43399.00
43406.00
43440.00
43477.00
43444.00
43402.00
43392.00
43439.00
43471.00
43452.00
43400.00
43398.00
43449.00
43472.00
43459.00
43431.00
43395.00
43446.00
43480.00
43453.00
43401.00
43398.00
43437.00
43474.00
43442.00
43414.00
43395.00
43442.00
43482.00
43476.00
43404.00
43370.00
43416.00
43464.00
43450.00
43396.00
43389.00
43409.00
43454.00
43460.00
43417.00
43393.00
43414.00
43465.00
43455.00
43426.00
43380.00
43416.00
43465.00
43461.00
43402.00
43367.00
43401.00
43456.00
43460.00
43418.00
43386.00
43412.00
43464.00
43474.00
43437.00
43404.00
43410.00
43459.00
43470.00
43423.00
43394.00
43414.00
43463.00
43471.00
43442.00
43397.00
43408.00
43455.00
43475.00
43449.00
43403.00
43409.00
43458.00
43474.00
43450.00
43412.00
43417.00
43440.00
43470.00
43455.00
43407.00
43415.00
43442.00
43463.00
43438.00
43405.00
43398.00
43436.00
43462.00
43446.00
43407.00
43394.00
43445.00
43482.00
43465.00
43408.00
43392.00
43432.00
43477.00
43445.00
43398.00
43401.00
43441.00
43488.00
43451.00
43415.00
43396.00
43444.00
43478.00
43467.00
43399.00
43399.00
43423.00
43478.00
43471.00
43424.00
43406.00
43453.00
43472.00
43464.00
43425.00
43398.00
43433.00
43497.00
43470.00
43441.00
43405.00
43438.00
43495.00
43486.00
43452.00
43413.00
43441.00
43503.00
43479.00
43449.00
43411.00
43429.00
43484.00
43495.00
43438.00
43405.00
43431.00
43484.00
43474.00
43431.00
43398.00
43428.00
43480.00
43473.00
43449.00
43421.00
43426.00
43472.00
43489.00
43460.00
43402.00
43427.00
43481.00
43487.00
43463.00
43411.00
43421.00
43454.00
43499.00
43455.00
43413.00
43411.00
43464.00
43481.00
43460.00
43397.00
43402.00
43454.00
43476.00
43458.00
43407.00
43400.00
43438.00
43473.00
43462.00
43400.00
43379.00
43432.00
43489.00
43450.00
43398.00
43408.00
43439.00
43479.00
43463.00
43408.00
43395.00
43426.00
43473.00
43466.00
43405.00
43377.00
43414.00
43478.00
43461.00
43399.00
43402.00
43429.00
43466.00
43457.00
43406.00
43400.00
43430.00
43456.00
43456.00
43413.00
43374.00
43408.00
43475.00
43453.00
43420.00
43388.00
43424.00
43467.00
43470.00
43431.00
43387.00
43418.00
43473.00
43468.00
43422.00
43396.00
43410.00
43454.00
43469.00
43425.00
43404.00
43411.00
43467.00
43466.00
43427.00
43402.00
43413.00
43472.00
43495.00
43447.00
43402.00
43413.00
43451.00
43479.00
43442.00
43405.00
43401.00
43454.00
43482.00
43441.00
43404.00
43410.00
43456.00
43484.00
43448.00
43392.00
43408.00
43461.00
43466.00
43453.00
43413.00
43408.00
43465.00
43497.00
43470.00
43426.00
43427.00
43462.00
43489.00
43477.00
43422.00
43432.00
43458.00
43499.00
43466.00
43425.00
43421.00
43451.00
43513.00
43476.00
43420.00
43413.00
43454.00
43497.00
43466.00
43432.00
43417.00
43435.00
43482.00
43479.00
43415.00
43410.00
43442.00
43467.00
43471.00
43423.00
43404.00
43423.00
43452.00
43466.00
43430.00
43407.00
43423.00
43450.00
43472.00
43403.00
43391.00
43413.00
43488.00
43481.00
43437.00
43400.00
43434.00
43467.00
43476.00
43450.00
43407.00
43428.00
43481.00
43479.00
43452.00
43408.00
43421.00
43479.00
43482.00
43452.00
43415.00
43415.00
43483.00
43478.00
43449.00
43409.00
43437.00
43476.00
43492.00
43479.00
43398.00
43438.00
43467.00
43487.00
43457.00
43414.00
43418.00
43467.00
43494.00
43475.00
43418.00
43433.00
43479.00
43495.00
43468.00
43414.00
43434.00
43467.00
43512.00
43477.00
43423.00
43416.00
43450.00
43503.00
43451.00
43419.00
43418.00
43453.00
43480.00
43476.00
43419.00
43416.00
43457.00
43492.00
43476.00
43430.00
43402.00
43434.00
43479.00
43461.00
43413.00
43392.00
43431.00
43496.00
43483.00
43436.00
43398.00
43432.00
43481.00
43475.00
43429.00
43407.00
43427.00
43487.00
43466.00
43421.00
43394.00
43417.00
43464.00
43470.00
43422.00
43396.00
43402.00
43460.00
43461.00
43430.00
43390.00
43414.00
43457.00
43466.00
43430.00
43388.00
43400.00
43450.00
43464.00
43425.00
43387.00
43411.00
43463.00
43479.00
43451.00
43389.00
43396.00
43440.00
43464.00
43442.00
43383.00
43391.00
43423.00
43452.00
43430.00
43364.00
43397.00
43432.00
43446.00
43444.00
43395.00
43409.00
43424.00
43469.00
43453.00
43397.00
43396.00
43432.00
43463.00
43463.00
43404.00
43391.00
43438.00
43471.00
43453.00
43392.00
43374.00
43419.00
43465.00
43457.00
43399.00
43370.00
43413.00
43451.00
43440.00
43413.00
43394.00
43413.00
43471.00
43466.00
43409.00
43389.00
43411.00
43454.00
43468.00
43412.00
43379.00
43404.00
43465.00
43470.00
43413.00
43391.00
43404.00
43457.00
43458.00
43426.00
43392.00
43408.00
43459.00
43463.00
43426.00
43390.00
43406.00
43450.00
43448.00
43408.00
43385.00
43384.00
43448.00
43463.00
43440.00
43384.00
43394.00
43447.00
43481.00
43438.00
43408.00
43406.00
43460.00
43472.00
43448.00
43394.00
43414.00
43445.00
43485.00
43453.00
43404.00
43396.00
43448.00
43481.00
43454.00
43389.00
43406.00
43444.00
43468.00
43457.00
43411.00
43388.00
43429.00
43476.00
43451.00
43395.00
43377.00
43417.00
43467.00
43454.00
43406.00
43391.00
43427.00
43454.00
43431.00
43388.00
43365.00
43407.00
43455.00
43438.00
43394.00
43367.00
43411.00
43454.00
43444.00
43398.00
43367.00
43399.00
43452.00
43436.00
43411.00
43367.00
43394.00
43456.00
43455.00
43407.00
43382.00
43401.00
43449.00
43448.00
43410.00
43381.00
43399.00
43454.00
43467.00
43438.00
43391.00
43420.00
43459.00
43458.00
43426.00
43373.00
43404.00
43457.00
43459.00
43410.00
43375.00
43389.00
43442.00
43458.00
43420.00
43371.00
43388.00
43432.00
43465.00
43429.00
43375.00
43384.00
43423.00
43475.00
43438.00
43378.00
43374.00
43431.00
43488.00
43460.00
43401.00
43403.00
43432.00
43489.00
43440.00
43394.00
43383.00
43420.00
43460.00
43435.00
43404.00
43387.00
43416.00
43463.00
43450.00
43402.00
43370.00
43409.00
43460.00
43458.00
43414.00
43370.00
43404.00
43458.00
43443.00
43408.00
43368.00
43402.00
43467.00
43454.00
43400.00
43380.00
43413.00
43463.00
43472.00
43431.00
43385.00
43405.00
43456.00
43461.00
43442.00
43392.00
43409.00
43461.00
43471.00
43435.00
43407.00
43417.00
43461.00
43467.00
43427.00
43384.00
43396.00
43455.00
43478.00
43419.00
43386.00
43415.00
43431.00
43454.00
43418.00
43369.00
43378.00
43431.00
43454.00
43424.00
43373.00
43398.00
43414.00
43461.00
43433.00
43372.00
43378.00
43419.00
43452.00
43438.00
43398.00
43385.00
43428.00
43467.00
43446.00
43397.00
43386.00
43454.00
43507.00
43486.00
43421.00
43426.00
43455.00
43522.00
43529.00
43478.00
43474.00
43505.00
43567.00
43571.00
43544.00
43522.00
43578.00
43611.00
43636.00
43612.00
43573.00
43624.00
43687.00
43720.00
43702.00
43677.00
43707.00
43780.00
43813.00
43801.00
43793.00
43822.00
43894.00
43924.00
43916.00
43910.00
43947.00
44014.00
44060.00
44050.00
44027.00
44081.00
44154.00
44202.00
44181.00
44174.00
44192.00
44285.00
44327.00
44333.00
44309.00
44332.00
44404.00
44461.00
44445.00
44439.00
44459.00
44522.00
44586.00
44565.00
44551.00
44553.00
44604.00
44670.00
44670.00
44633.00
44651.00
44692.00
44764.00
44766.00
44717.00
44719.00
44760.00
44842.00
44847.00
44823.00
44799.00
44871.00
44942.00
44932.00
44915.00
44913.00
44963.00
45034.00
45061.00
45051.00
45043.00
45083.00
45157.00
45187.00
45172.00
45154.00
45195.00
45251.00
45281.00
45234.00
45214.00
45241.00
45295.00
45299.00
45284.00
45232.00
45237.00
45301.00
45303.00
45288.00
45233.00
45224.00
45272.00
45295.00
45254.00
45202.00
45212.00
45259.00
45281.00
45252.00
45211.00
45205.00
45260.00
45309.00
45266.00
45218.00
45212.00
45256.00
45288.00
45263.00
45218.00
45216.00
45274.00
45314.00
45273.00
45238.00
45214.00
45233.00
45291.00
45257.00
45218.00
45198.00
45237.00
45288.00
45291.00
45232.00
45206.00
45231.00
45290.00
45281.00
45239.00
45207.00
45240.00
45293.00
45282.00
45236.00
45199.00
45227.00
45278.00
45283.00
45238.00
45188.00
45209.00
45252.00
45265.00
45216.00
45168.00
45184.00
45242.00
45239.00
45191.00
45154.00
45147.00
45188.00
45213.00
45179.00
45108.00
45112.00
45163.00
45185.00
45148.00
45086.00
45102.00
45151.00
45179.00
45151.00
45107.00
45091.00
45130.00
45177.00
45139.00
45092.00
45093.00
45122.00
45187.00
45143.00
45080.00
45073.00
45106.00
45147.00
45112.00
45079.00
45066.00
45090.00
45143.00
45135.00
45077.00
45056.00
45092.00
45147.00
45135.00
45084.00
45055.00
45084.00
45146.00
45162.00
45103.00
45075.00
45099.00
45148.00
45138.00
45095.00
45073.00
45090.00
45138.00
45164.00
45109.00
45075.00
45088.00
45149.00
45157.00
45105.00
45072.00
45085.00
45150.00
45174.00
45123.00
45093.00
45084.00
45139.00
45171.00
45127.00
45090.00
45087.00
45157.00
45180.00
45139.00
45116.00
45117.00
45154.00
45191.00
45161.00
45100.00
45101.00
45139.00
45185.00
45157.00
45117.00
45110.00
45135.00
45188.00
45189.00
45110.00
45096.00
45155.00
45199.00
45178.00
45124.00
45103.00
45131.00
45200.00
45175.00
45139.00
45108.00
45148.00
45195.00
45179.00
45129.00
45098.00
45143.00
45176.00
45194.00
45133.00
45099.00
45118.00
45175.00
45207.00
45136.00
45092.00
45108.00
45166.00
45183.00
45155.00
45105.00
45119.00
45182.00
45212.00
45161.00
45109.00
45112.00
45167.00
45203.00
45162.00
45113.00
45105.00
45154.00
45181.00
45151.00
45105.00
45098.00
45148.00
45177.00
45152.00
45093.00
45089.00
45136.00
45200.00
45157.00
45103.00
45083.00
45123.00
45187.00
45154.00
45110.00
45089.00
45146.00
45180.00
45164.00
45112.00
45092.00
45127.00
45168.00
45153.00
45121.00
45082.00
45106.00
45171.00
45158.00
45125.00
45081.00
45115.00
45161.00
45167.00
45127.00
45089.00
45114.00
45174.00
45184.00
45131.00
45085.00
45102.00
45152.00
45184.00
45137.00
45085.00
45102.00
45143.00
45156.00
45135.00
45104.00
45090.00
45154.00
45165.00
45139.00
45087.00
45079.00
45137.00
45164.00
45127.00
45083.00
45087.00
45120.00
45158.00
45137.00
45092.00
45076.00
45128.00
45189.00
45175.00
45120.00
45128.00
45166.00
45219.00
45219.00
45174.00
45170.00
45253.00
45328.00
45349.00
45326.00
45344.00
45405.00
45504.00
45525.00
45522.00
45545.00
45602.00
45693.00
45746.00
45744.00
45752.00
45819.00
45931.00
45978.00
45994.00
46004.00
46047.00
46178.00
46259.00
46290.00
46318.00
46388.00
46526.00
46609.00
46640.00
46656.00
46726.00
46858.00
46956.00
47005.00
47028.00
47098.00
47190.00
47319.00
47345.00
47368.00
47413.00
47540.00
47613.00
47658.00
47667.00
47709.00
47790.00
47886.00
47910.00
47878.00
47895.00
47978.00
48060.00
48077.00
48053.00
48034.00
48087.00
48165.00
48169.00
48111.00
48097.00
48114.00
48170.00
48177.00
48097.00
48052.00
48064.00
48139.00
48105.00
48046.00
48016.00
48033.00
48099.00
48098.00
48055.00
48004.00
48022.00
48103.00
48108.00
48067.00
48019.00
48033.00
48093.00
48111.00
48076.00
48023.00
48034.00
48094.00
48121.00
48085.00
48030.00
48027.00
48077.00
48095.00
48070.00
48010.00
47984.00
48043.00
48085.00
48035.00
47986.00
47958.00
48003.00
48059.00
48028.00
47973.00
47960.00
47987.00
48055.00
48029.00
47980.00
47963.00
47995.00
48057.00
48037.00
48003.00
47966.00
48011.00
48061.00
48053.00
47994.00
47982.00
47998.00
48059.00
48066.00
48023.00
47985.00
48021.00
48063.00
48072.00
48023.00
47981.00
47995.00
48045.00
48067.00
48031.00
47981.00
47993.00
48048.00
48072.00
48023.00
47972.00
47996.00
48038.00
48096.00
48037.00
47994.00
47987.00
48037.00
48079.00
48036.00
47988.00
47980.00
48021.00
48061.00
48029.00
47970.00
47970.00
48020.00
48051.00
48038.00
47983.00
47963.00
48005.00
48063.00
48041.00
47985.00
47973.00
47994.00
48063.00
48044.00
47996.00
47963.00
48017.00
48051.00
48058.00
48004.00
47970.00
47991.00
48069.00
48062.00
48019.00
47978.00
48014.00
48070.00
48068.00
48031.00
47984.00
48009.00
48051.00
48060.00
48027.00
47963.00
47986.00
48034.00
48050.00
48014.00
47972.00
47968.00
48012.00
48044.00
48020.00
47971.00
47962.00
48019.00
48052.00
48031.00
47972.00
47961.00
47997.00
48071.00
48014.00
47985.00
47951.00
47993.00
48042.00
48011.00
47967.00
47960.00
47995.00
48030.00
48021.00
47971.00
47959.00
47985.00
48040.00
48024.00
47961.00
47927.00
47953.00
48010.00
48010.00
47942.00
47913.00
47942.00
47983.00
48001.00
47948.00
47912.00
47928.00
47991.00
48005.00
47959.00
47911.00
47932.00
47988.00
47994.00
47956.00
47907.00
47916.00
47980.00
47985.00
47960.00
47908.00
47912.00
47971.00
47984.00
47965.00
47919.00
47917.00
47960.00
48004.00
47978.00
47923.00
47897.00
47950.00
47979.00
47962.00
47902.00
47883.00
47930.00
47978.00
47960.00
47884.00
47866.00
47911.00
47953.00
47951.00
47883.00
47867.00
47914.00
47964.00
47954.00
47914.00
47872.00
47893.00
47972.00
47967.00
47913.00
47886.00
47902.00
47959.00
47972.00
47936.00
47905.00
47924.00
47991.00
48010.00
47974.00
47930.00
47943.00
48013.00
48023.00
47993.00
47950.00
47958.00
48021.00
48047.00
47997.00
47956.00
47976.00
48007.00
48048.00
48017.00
47968.00
47974.00
48021.00
48056.00
48013.00
47961.00
47963.00
48000.00
48049.00
48021.00
47968.00
47967.00
48009.00
48060.00
48028.00
47997.00
47976.00
48021.00
48073.00
48062.00
47994.00
47975.00
48013.00
48071.00
48063.00
47999.00
47971.00
48006.00
48069.00
48054.00
48002.00
47964.00
47989.00
48054.00
48060.00
48003.00
47979.00
47981.00
48037.00
48036.00
47996.00
47957.00
47983.00
48017.00
48041.00
47994.00
47951.00
47949.00
48009.00
48023.00
48004.00
47933.00
47941.00
47997.00
48027.00
47995.00
47939.00
47937.00
47981.00
48019.00
47983.00
47937.00
47918.00
47968.00
48007.00
47991.00
47927.00
47932.00
47974.00
48004.00
47988.00
47943.00
47930.00
47955.00
48003.00
47992.00
47940.00
47909.00
47936.00
47998.00
47992.00
47942.00
47917.00
47933.00
47998.00
47994.00
47941.00
47908.00
47936.00
47991.00
47994.00
47957.00
47908.00
47928.00
47984.00
47988.00
47950.00
47910.00
47918.00
47983.00
47989.00
47947.00
47906.00
47909.00
47990.00
47996.00
47974.00
47911.00
47917.00
47973.00
48015.00
47982.00
47930.00
47930.00
47986.00
48016.00
47996.00
47941.00
47936.00
47988.00
48023.00
47993.00
47936.00
47928.00
47978.00
48023.00
47986.00
47940.00
47907.00
47952.00
48003.00
47985.00
47935.00
47907.00
47933.00
48001.00
47981.00
47934.00
47902.00
47936.00
47987.00
47986.00
47966.00
47923.00
47946.00
48018.00
48008.00
47987.00
47946.00
47970.00
48024.00
48044.00
48001.00
47971.00
47982.00
48047.00
48066.00
48033.00
47987.00
48017.00
48093.00
48144.00
48148.00
48123.00
48182.00
48278.00
48344.00
48335.00
48337.00
48401.00
48496.00
48576.00
48608.00
48601.00
48645.00
48748.00
48852.00
48877.00
48886.00
48942.00
49047.00
49161.00
49197.00
49201.00
49228.00
49350.00
49445.00
49477.00
49466.00
49491.00
49565.00
49680.00
49717.00
49696.00
49704.00
49781.00
49863.00
49903.00
49884.00
49883.00
49954.00
50034.00
50068.00
50035.00
50019.00
50070.00
50143.00
50169.00
50126.00
50096.00
50122.00
50173.00
50198.00
50131.00
50060.00
50066.00
50125.00
50144.00
50091.00
50037.00
50034.00
50078.00
50113.00
50072.00
50021.00
50025.00
50066.00
50117.00
50084.00
50038.00
50049.00
50080.00
50136.00
50110.00
50053.00
50048.00
50112.00
50183.00
50156.00
50103.00
50081.00
50139.00
50190.00
50161.00
50127.00
50094.00
50137.00
50188.00
50179.00
50116.00
50084.00
50119.00
50181.00
50174.00
50119.00
50077.00
50125.00
50180.00
50167.00
50127.00
50082.00
50116.00
50186.00
50192.00
50147.00
50103.00
50126.00
50187.00
50200.00
50139.00
50104.00
50123.00
50161.00
50184.00
50122.00
50067.00
50060.00
50113.00
50142.00
50101.00
50027.00
50036.00
50084.00
50126.00
50087.00
50023.00
50029.00
50079.00
50108.00
50078.00
50026.00
50023.00
50060.00
50104.00
50068.00
50019.00
50013.00
50044.00
50106.00
50090.00
50022.00
49999.00
50042.00
50116.00
50108.00
50044.00
50008.00
50058.00
50118.00
50111.00
50059.00
50037.00
50050.00
50125.00
50121.00
50089.00
50053.00
50072.00
50141.00
50153.00
50122.00
50080.00
50091.00
50164.00
50179.00
50138.00
50089.00
50109.00
50165.00
50190.00
50146.00
50083.00
50096.00
50154.00
50197.00
50142.00
50092.00
50087.00
50136.00
50181.00
50145.00
50099.00
50090.00
50145.00
50199.00
50170.00
50105.00
50116.00
50152.00
50215.00
50189.00
50142.00
50123.00
50172.00
50233.00
50209.00
50167.00
50147.00
50188.00
50252.00
50229.00
50162.00
50147.00
50192.00
50272.00
50243.00
50186.00
50162.00
50198.00
50265.00
50255.00
50209.00
50172.00
50207.00
50257.00
50258.00
50216.00
50168.00
50192.00
50258.00
50270.00
50227.00
50177.00
50189.00
50249.00
50274.00
50235.00
50179.00
50189.00
50246.00
50275.00
50241.00
50180.00
50183.00
50251.00
50274.00
50251.00
50190.00
50199.00
50239.00
50292.00
50261.00
50220.00
50213.00
50272.00
50318.00
50297.00
50235.00
50228.00
50284.00
50335.00
50317.00
50254.00
50227.00
50268.00
50337.00
50322.00
50272.00
50231.00
50271.00
50340.00
50327.00
50273.00
50230.00
50263.00
50319.00
50319.00
50267.00
50218.00
50254.00
50311.00
50317.00
50263.00
50222.00
50248.00
50317.00
50315.00
50279.00
50230.00
50240.00
50303.00
50319.00
50284.00
50230.00
50231.00
50327.00
50330.00
50298.00
50255.00
50265.00
50311.00
50343.00
50316.00
50261.00
50272.00
50323.00
50364.00
50342.00
50289.00
50288.00
50332.00
50391.00
50378.00
50312.00
50298.00
50339.00
50401.00
50381.00
50332.00
50310.00
50347.00
50410.00
50383.00
50344.00
50316.00
50352.00
50422.00
50388.00
50351.00
50311.00
50362.00
50418.00
50405.00
50359.00
50318.00
50337.00
50407.00
50412.00
50367.00
50325.00
50345.00
50398.00
50415.00
50352.00
50323.00
50328.00
50410.00
50416.00
50368.00
50325.00
50337.00
50389.00
50422.00
50390.00
50323.00
50332.00
50378.00
50424.00
50395.00
50328.00
50342.00
50387.00
50441.00
50390.00
50332.00
50342.00
50397.00
50439.00
50405.00
50346.00
50342.00
50375.00
50434.00
50412.00
50346.00
50326.00
50372.00
50433.00
50413.00
50359.00
50337.00
50381.00
50440.00
50422.00
50381.00
50351.00
50370.00
50429.00
50437.00
50385.00
50346.00
50374.00
50458.00
50437.00
50404.00
50365.00
50406.00
50467.00
50481.00
50434.00
50388.00
50420.00
50472.00
50503.00
50474.00
50412.00
50436.00
50492.00
50514.00
50466.00
50410.00
50429.00
50482.00
50509.00
50459.00
50412.00
50415.00
50467.00
50510.00
50468.00
50429.00
50413.00
50471.00
50515.00
50492.00
50423.00
50407.00
50462.00
50519.00
50490.00
50437.00
50422.00
50458.00
50499.00
50478.00
50429.00
50409.00
50455.00
50500.00
50493.00
50443.00
50401.00
50431.00
50501.00
50485.00
50433.00
50410.00
50436.00
50509.00
50491.00
50446.00
50391.00
50425.00
50494.00
50498.00
50440.00
50399.00
50421.00
50483.00
50497.00
50457.00
50405.00
50415.00
50476.00
50510.00
50436.00
50400.00
50404.00
50456.00
50474.00
50444.00
50386.00
50400.00
50449.00
50482.00
50457.00
50393.00
50399.00
50451.00
50488.00
50456.00
50399.00
50395.00
50440.00
50500.00
50491.00
50447.00
50450.00
50494.00
50582.00
50584.00
50556.00
50543.00
50605.00
50682.00
50704.00
50679.00
50682.00
50742.00
50850.00
50865.00
50859.00
50855.00
50936.00
51018.00
51068.00
51046.00
51046.00
51090.00
51201.00
51250.00
51224.00
51208.00
51265.00
51368.00
51416.00
51409.00
51409.00
51448.00
51557.00
51610.00
51600.00
51580.00
51619.00
51705.00
51777.00
51775.00
51749.00
51790.00
51872.00
51929.00
51916.00
51891.00
51932.00
51995.00
52078.00
52075.00
52035.00
52056.00
52113.00
52188.00
52178.00
52131.00
52120.00
52164.00
52230.00
52208.00
52159.00
52144.00
52182.00
52238.00
52206.00
52152.00
52130.00
52147.00
52215.00
52194.00
52158.00
52130.00
52156.00
52214.00
52207.00
52168.00
52135.00
52156.00
52223.00
52218.00
52171.00
52132.00
52149.00
52218.00
52244.00
52205.00
52165.00
52177.00
52241.00
52272.00
52223.00
52169.00
52191.00
52236.00
52263.00
52230.00
52179.00
52188.00
52237.00
52272.00
52237.00
52195.00
52187.00
52242.00
52295.00
52251.00
52207.00
52202.00
52250.00
52304.00
52265.00
52215.00
52209.00
52249.00
52299.00
52288.00
52211.00
52199.00
52237.00
52293.00
52282.00
52226.00
52209.00
52239.00
52302.00
52298.00
52241.00
52214.00
52246.00
52305.00
52298.00
52248.00
52217.00
52236.00
52307.00
52301.00
52265.00
52223.00
52246.00
52305.00
52316.00
52278.00
52233.00
52233.00
52295.00
52316.00
52267.00
52234.00
52227.00
52287.00
52323.00
52282.00
52228.00
52233.00
52292.00
52327.00
52299.00
52235.00
52232.00
52272.00
52319.00
52288.00
52242.00
52234.00
52286.00
52331.00
52298.00
52246.00
52241.00
52285.00
52326.00
52308.00
52254.00
52247.00
52276.00
52330.00
52324.00
52263.00
52226.00
52270.00
52328.00
52317.00
52261.00
52232.00
52261.00
52325.00
52316.00
52279.00
52232.00
52244.00
52309.00
52309.00
52252.00
52212.00
52231.00
52305.00
52294.00
52260.00
52204.00
52214.00
52284.00
52284.00
52242.00
52201.00
52205.00
52267.00
52273.00
52236.00
52187.00
52195.00
52235.00
52269.00
52239.00
52179.00
52166.00
52211.00
52256.00
52224.00
52166.00
52159.00
52206.00
52256.00
52224.00
52174.00
52159.00
52204.00
52253.00
52231.00
52182.00
52160.00
52206.00
52255.00
52243.00
52178.00
52160.00
52206.00
52256.00
52255.00
52205.00
52162.00
52193.00
52247.00
52241.00
52187.00
52154.00
52170.00
52232.00
52225.00
52172.00
52141.00
52155.00
52210.00
52221.00
52184.00
52130.00
52146.00
52216.00
52240.00
52189.00
52138.00
52148.00
52213.00
52238.00
52204.00
52157.00
52167.00
52221.00
52263.00
52235.00
52190.00
52201.00
52250.00
52279.00
52262.00
52219.00
52216.00
52275.00
52320.00
52294.00
52238.00
52229.00
52267.00
52320.00
52291.00
52251.00
52231.00
52271.00
52334.00
52313.00
52260.00
52240.00
52267.00
52331.00
52319.00
52266.00
52235.00
52281.00
52347.00
52332.00
52286.00
52251.00
52291.00
52345.00
52360.00
52307.00
52258.00
52283.00
52353.00
52364.00
52321.00
52276.00
52288.00
52335.00
52367.00
52323.00
52271.00
52273.00
52337.00
52365.00
52329.00
52279.00
52275.00
52344.00
52376.00
52344.00
52295.00
52291.00
52353.00
52387.00
52347.00
52290.00
52281.00
52337.00
52383.00
52359.00
52306.00
52293.00
52334.00
52388.00
52383.00
52319.00
52302.00
52341.00
52395.00
52368.00
52318.00
52303.00
52338.00
52383.00
52374.00
52341.00
52315.00
52338.00
52407.00
52403.00
52359.00
52320.00
52335.00
52402.00
52411.00
52367.00
52322.00
52341.00
52396.00
52400.00
52360.00
52314.00
52333.00
52402.00
52412.00
52353.00
52314.00
52324.00
52375.00
52422.00
52373.00
52317.00
52324.00
52380.00
52414.00
52382.00
52325.00
52332.00
52382.00
52429.00
52382.00
52340.00
52337.00
52386.00
52434.00
52395.00
52346.00
52344.00
52374.00
52429.00
52393.00
52337.00
52327.00
52369.00
52417.00
52407.00
52332.00
52317.00
52359.00
52411.00
52419.00
52346.00
52307.00
52342.00
52401.00
52406.00
52352.00
52312.00
52346.00
52394.00
52390.00
52349.00
52302.00
52331.00
52384.00
52400.00
52359.00
52309.00
52331.00
52385.00
52396.00
52348.00
52309.00
52331.00
52381.00
52412.00
52371.00
52317.00
52315.00
52385.00
52419.00
52379.00
52333.00
52342.00
52388.00
52432.00
52408.00
52361.00
52347.00
52399.00
52450.00
52410.00
52345.00
52363.00
52403.00
52462.00
52446.00
52384.00
52373.00
52416.00
52477.00
52459.00
52419.00
52388.00
52423.00
52480.00
52458.00
52396.00
52374.00
52404.00
52472.00
52457.00
52393.00
52372.00
52401.00
52453.00
52452.00
52401.00
52369.00
52402.00
52454.00
52469.00
52427.00
52396.00
52398.00
52461.00
52474.00
52425.00
52379.00
52399.00
52454.00
52468.00
52435.00
52381.00
52399.00
52436.00
52487.00
52437.00
52390.00
52393.00
52440.00
52485.00
52444.00
52393.00
52400.00
52446.00
52487.00
52460.00
52401.00
52399.00
52439.00
52486.00
52465.00
52405.00
52382.00
52416.00
52464.00
52438.00
52370.00
52335.00
52366.00
52405.00
52382.00
52298.00
52232.00
52247.00
52280.00
52233.00
52151.00
52090.00
52100.00
52125.00
52089.00
52009.00
51922.00
51922.00
51939.00
51905.00
51802.00
51714.00
51693.00
51695.00
51651.00
51563.00
51466.00
51436.00
51440.00
51422.00
51325.00
51226.00
51200.00
51215.00
51188.00
51099.00
50982.00
50943.00
50967.00
50951.00
50875.00
50778.00
50738.00
50738.00
50759.00
50713.00
50642.00
50623.00
50676.00
50700.00
50658.00
50594.00
50575.00
50615.00
50662.00
50627.00
50563.00
50541.00
50570.00
50599.00
50596.00
50508.00
50489.00
50522.00
50566.00
50550.00
50487.00
50457.00
50469.00
50538.00
50497.00
50445.00
50384.00
50412.00
50467.00
50455.00
50399.00
50347.00
50364.00
50417.00
50416.00
50380.00
50334.00
50346.00
50422.00
50433.00
50374.00
50337.00
50346.00
50411.00
50433.00
50396.00
50351.00
50366.00
50416.00
50464.00
50431.00
50385.00
50394.00
50449.00
50480.00
50457.00
50408.00
50412.00
50466.00
50520.00
50470.00
50422.00
50405.00
50452.00
50496.00
50468.00
50417.00
50391.00
50441.00
50501.00
50474.00
50410.00
50401.00
50427.00
50501.00
50472.00
50428.00
50401.00
50436.00
50501.00
50492.00
50440.00
50408.00
50463.00
50520.00
50511.00
50473.00
50435.00
50458.00
50524.00
50524.00
50474.00
50428.00
50453.00
50514.00
50533.00
50476.00
50428.00
50451.00
50513.00
50530.00
50489.00
50451.00
50462.00
50512.00
50516.00
50502.00
50433.00
50444.00
50494.00
50541.00
50492.00
50439.00
50449.00
50495.00
50528.00
50494.00
50439.00
50443.00
50487.00
50520.00
50500.00
50428.00
50426.00
50480.00
50520.00
50514.00
50456.00
50441.00
50477.00
50528.00
50509.00
50448.00
50433.00
50469.00
50530.00
50496.00
50450.00
50411.00
50450.00
50510.00
50490.00
50428.00
50392.00
50431.00
50482.00
50484.00
50427.00
50387.00
50424.00
50475.00
50491.00
50432.00
50389.00
50410.00
50473.00
50471.00
50420.00
50367.00
50395.00
50444.00
50448.00
50405.00
50356.00
50376.00
50439.00
50442.00
50407.00
50368.00
50356.00
50426.00
50439.00
50399.00
50348.00
50356.00
50402.00
50439.00
50404.00
50347.00
50333.00
50391.00
50424.00
50390.00
50339.00
50323.00
50385.00
50433.00
50399.00
50345.00
50326.00
50376.00
50420.00
50399.00
50337.00
50319.00
50361.00
50417.00
50387.00
50347.00
50331.00
50364.00
50430.00
50402.00
50341.00
50322.00
50355.00
50412.00
50398.00
50342.00
50303.00
50346.00
50407.00
50395.00
50338.00
50305.00
50329.00
50391.00
50399.00
50361.00
50306.00
50331.00
50387.00
50403.00
50347.00
50301.00
50341.00
50378.00
50397.00
50358.00
50307.00
50322.00
50376.00
50400.00
50348.00
50283.00
50309.00
50362.00
50378.00
50373.00
50319.00
50312.00
50367.00
50407.00
50364.00
50319.00
50314.00
50366.00
50418.00
50386.00
50318.00
50320.00
50380.00
50414.00
50392.00
50342.00
50319.00
50362.00
50413.00
50390.00
50337.00
50324.00
50358.00
50423.00
50400.00
50346.00
50332.00
50366.00
50431.00
50430.00
50377.00
50346.00
50387.00
50463.00
50456.00
50410.00
50378.00
50412.00
50467.00
50461.00
50405.00
50371.00
50386.00
50467.00
50466.00
50417.00
50380.00
50401.00
50464.00
50485.00
50436.00
50383.00
50400.00
50460.00
50478.00
50427.00
50385.00
50414.00
50453.00
50479.00
50434.00
50399.00
50388.00
50454.00
50473.00
50442.00
50387.00
50370.00
50420.00
50460.00
50440.00
50365.00
50365.00
50424.00
50454.00
50424.00
50365.00
50363.00
50403.00
50458.00
50423.00
50369.00
50347.00
50393.00
50437.00
50405.00
50368.00
50352.00
50385.00
50434.00
50420.00
50365.00
50341.00
50379.00
50441.00
50417.00
50361.00
50334.00
50370.00
50431.00
50418.00
50364.00
50332.00
50365.00
50418.00
50403.00
50352.00
50324.00
50364.00
50413.00
50421.00
50374.00
50321.00
50359.00
50412.00
50429.00
50374.00
50314.00
50335.00
50404.00
50417.00
50370.00
50318.00
50327.00
50396.00
50414.00
50373.00
50318.00
50319.00
50392.00
50411.00
50382.00
50328.00
50319.00
50370.00
50409.00
50370.00
50324.00
50322.00
50360.00
50396.00
50367.00
50315.00
50315.00
50363.00
50411.00
50391.00
50313.00
50314.00
50371.00
50394.00
50375.00
50301.00
50272.00
50330.00
50386.00
50364.00
50298.00
50282.00
50331.00
50382.00
50371.00
50321.00
50276.00
50324.00
50381.00
50378.00
50324.00
50282.00
50323.00
50366.00
50367.00
50313.00
50277.00
50308.00
50365.00
50366.00
50321.00
50280.00
50302.00
50361.00
50366.00
50319.00
50271.00
50292.00
50353.00
50370.00
50334.00
50280.00
50288.00
50364.00
50370.00
50325.00
50279.00
50290.00
50346.00
50369.00
50334.00
50279.00
50285.00
50343.00
50367.00
50332.00
50278.00
50276.00
50329.00
50364.00
50315.00
50258.00
50253.00
50297.00
50319.00
50278.00
50204.00
50179.00
50197.00
50217.00
50174.00
50081.00
50046.00
50039.00
50059.00
50018.00
49933.00
49876.00
49880.00
49912.00
49852.00
49768.00
49712.00
49708.00
49738.00
49691.00
49596.00
49524.00
49502.00
49516.00
49449.00
49324.00
49226.00
49193.00
49179.00
49111.00
49007.00
48913.00
48906.00
48932.00
48887.00
48800.00
48726.00
48737.00
48793.00
48796.00
48748.00
48712.00
48722.00
48769.00
48786.00
48746.00
48700.00
48710.00
48784.00
48790.00
48756.00
48705.00
48719.00
48775.00
48793.00
48759.00
48685.00
48692.00
48735.00
48760.00
48699.00
48622.00
48627.00
48650.00
48664.00
48635.00
48566.00
48558.00
48601.00
48645.00
48607.00
48544.00
48543.00
48597.00
48639.00
48615.00
48562.00
48572.00
48596.00
48643.00
48633.00
48574.00
48578.00
48588.00
48647.00
48629.00
48568.00
48538.00
48579.00
48625.00
48592.00
48542.00
48509.00
48549.00
48595.00
48581.00
48539.00
48488.00
48523.00
48572.00
48560.00
48520.00
48470.00
48503.00
48541.00
48534.00
48485.00
48442.00
48470.00
48530.00
48519.00
48490.00
48419.00
48436.00
48492.00
48496.00
48448.00
48397.00
48419.00
48471.00
48480.00
48438.00
48396.00
48412.00
48459.00
48479.00
48436.00
48391.00
48394.00
48459.00
48466.00
48450.00
48380.00
48400.00
48435.00
48468.00
48433.00
48382.00
48384.00
48437.00
48477.00
48440.00
48383.00
48377.00
48425.00
48462.00
48432.00
48364.00
48352.00
48414.00
48444.00
48411.00
48352.00
48336.00
48381.00
48434.00
48408.00
48350.00
48330.00
48381.00
48435.00
48403.00
48352.00
48321.00
48361.00
48419.00
48403.00
48351.00
48329.00
48368.00
48415.00
48405.00
48348.00
48329.00
48367.00
48421.00
48407.00
48338.00
48329.00
48349.00
48421.00
48397.00
48365.00
48322.00
48366.00
48410.00
48412.00
48357.00
48321.00
48363.00
48406.00
48417.00
48368.00
48328.00
48340.00
48403.00
48410.00
48369.00
48318.00
48328.00
48389.00
48387.00
48357.00
48316.00
48321.00
48378.00
48404.00
48357.00
48312.00
48322.00
48381.00
48389.00
48352.00
48314.00
48313.00
48368.00
48396.00
48340.00
48295.00
48295.00
48357.00
48387.00
48346.00
48276.00
48302.00
48332.00
48355.00
48343.00
48279.00
48280.00
48321.00
48380.00
48346.00
48281.00
48287.00
48329.00
48394.00
48360.00
48305.00
48305.00
48348.00
48387.00
48368.00
48304.00
48283.00
48334.00
48371.00
48364.00
48286.00
48286.00
48304.00
48369.00
48362.00
48296.00
48268.00
48311.00
48350.00
48347.00
48283.00
48280.00
48297.00
48352.00
48346.00
48328.00
48264.00
48285.00
48354.00
48340.00
48295.00
48254.00
48288.00
48345.00
48341.00
48272.00
48245.00
48270.00
48323.00
48306.00
48259.00
48213.00
48240.00
48306.00
48299.00
48252.00
48195.00
48219.00
48286.00
48292.00
48235.00
48189.00
48210.00
48275.00
48284.00
48230.00
48178.00
48204.00
48252.00
48271.00
48220.00
48178.00
48191.00
48225.00
48247.00
48195.00
48144.00
48160.00
48213.00
48223.00
48184.00
48119.00
48136.00
48176.00
48214.00
48162.00
48121.00
48101.00
48165.00
48206.00
48176.00
48124.00
48124.00
48167.00
48209.00
48176.00
48117.00
48122.00
48164.00
48204.00
48164.00
48121.00
48110.00
48153.00
48204.00
48174.00
48123.00
48085.00
48146.00
48185.00
48175.00
48122.00
48095.00
48143.00
48193.00
48176.00
48128.00
48106.00
48151.00
48205.00
48196.00
48136.00
48109.00
48158.00
48221.00
48201.00
48145.00
48109.00
48155.00
48211.00
48197.00
48147.00
48109.00
48136.00
48199.00
48202.00
48158.00
48116.00
48162.00
48217.00
48212.00
48158.00
48144.00
48173.00
48255.00
48246.00
48221.00
48176.00
48196.00
48266.00
48264.00
48217.00
48179.00
48201.00
48262.00
48256.00
48224.00
48171.00
48176.00
48241.00
48258.00
48219.00
48179.00
48190.00
48249.00
48255.00
48216.00
48174.00
48180.00
48246.00
48258.00
48226.00
48171.00
48191.00
48244.00
48255.00
48227.00
48158.00
48170.00
48228.00
48261.00
48218.00
48172.00
48175.00
48224.00
48252.00
48227.00
48175.00
48171.00
48229.00
48257.00
48233.00
48178.00
48166.00
48221.00
48245.00
48232.00
48162.00
48167.00
48215.00
48260.00
48221.00
48175.00
48148.00
48201.00
48245.00
48214.00
48164.00
48146.00
48182.00
48250.00
48216.00
48162.00
48159.00
48190.00
48238.00
48222.00
48159.00
48155.00
48186.00
48242.00
48221.00
48170.00
48137.00
48178.00
48239.00
48214.00
48157.00
48132.00
48167.00
48221.00
48215.00
48165.00
48131.00
48162.00
48200.00
48201.00
48150.00
48120.00
48157.00
48197.00
48205.00
48151.00
48124.00
48139.00
48207.00
48203.00
48165.00
48127.00
48151.00
48200.00
48208.00
48142.00
48123.00
48134.00
48191.00
48188.00
48147.00
48096.00
48136.00
48185.00
48201.00
48157.00
48103.00
48118.00
48180.00
48200.00
48157.00
48113.00
48122.00
48168.00
48166.00
48117.00
48045.00
48043.00
48084.00
48085.00
47992.00
47923.00
47883.00
47889.00
47859.00
47769.00
47663.00
47608.00
47601.00
47549.00
47454.00
47323.00
47241.00
47221.00
47198.00
47091.00
46967.00
46903.00
46878.00
46830.00
46739.00
46602.00
46559.00
46545.00
46512.00
46452.00
46316.00
46258.00
46243.00
46241.00
46175.00
46073.00
46013.00
45989.00
45983.00
45914.00
45801.00
45712.00
45706.00
45668.00
45610.00
45480.00
45441.00
45450.00
45470.00
45420.00
45337.00
45297.00
45302.00
45331.00
45297.00
45236.00
45220.00
45245.00
45309.00
45289.00
45238.00
45218.00
45264.00
45326.00
45317.00
45261.00
45241.00
45282.00
45345.00
45330.00
45277.00
45267.00
45278.00
45329.00
45316.00
45275.00
45234.00
45253.00
45297.00
45300.00
45247.00
45217.00
45243.00
45295.00
45291.00
45250.00
45214.00
45237.00
45284.00
45294.00
45265.00
45219.00
45232.00
45290.00
45297.00
45247.00
45203.00
45228.00
45280.00
45282.00
45241.00
45203.00
45218.00
45259.00
45274.00
45224.00
45181.00
45183.00
45232.00
45254.00
45218.00
45153.00
45168.00
45211.00
45238.00
45201.00
45170.00
45162.00
45211.00
45248.00
45217.00
45152.00
45162.00
45204.00
45231.00
45207.00
45159.00
45144.00
45198.00
45228.00
45200.00
45152.00
45146.00
45191.00
45236.00
45193.00
45145.00
45143.00
45186.00
45209.00
45187.00
45123.00
45121.00
45159.00
45212.00
45175.00
45128.00
45112.00
45164.00
45197.00
45192.00
45123.00
45116.00
45141.00
45177.00
45181.00
45118.00
45103.00
45144.00
45178.00
45166.00
45125.00
45109.00
45148.00
45194.00
45169.00
45115.00
45091.00
45132.00
45171.00
45166.00
45102.00
45082.00
45101.00
45153.00
45142.00
45109.00
45071.00
45096.00
45153.00
45153.00
45099.00
45078.00
45090.00
45132.00
45137.00
45079.00
45072.00
45090.00
45141.00
45154.00
45103.00
45055.00
45096.00
45120.00
45120.00
45082.00
45062.00
45065.00
45112.00
45115.00
45074.00
45038.00
45062.00
45120.00
45119.00
45082.00
45039.00
45071.00
45116.00
45134.00
45088.00
45046.00
45056.00
45119.00
45141.00
45097.00
45059.00
45078.00
45117.00
45122.00
45104.00
45050.00
45071.00
45099.00
45130.00
45097.00
45044.00
45042.00
45092.00
45125.00
45080.00
45039.00
45037.00
45080.00
45107.00
45096.00
45036.00
45036.00
45078.00
45113.00
45083.00
45034.00
45026.00
45089.00
45116.00
45091.00
45029.00
45023.00
45076.00
45131.00
45090.00
45033.00
45028.00
45048.00
45107.00
45080.00
45034.00
45009.00
45048.00
45105.00
45075.00
45023.00
44998.00
45050.00
45075.00
45061.00
45017.00
44995.00
45039.00
45099.00
45080.00
45038.00
45028.00
45055.00
45111.00
45092.00
45036.00
45023.00
45040.00
45101.00
45080.00
45022.00
44997.00
45038.00
45061.00
45072.00
45016.00
44993.00
45014.00
45065.00
45051.00
45015.00
44986.00
45009.00
45057.00
45049.00
45007.00
44971.00
44987.00
45037.00
45021.00
44994.00
44943.00
44974.00
45023.00
45027.00
44981.00
44941.00
44964.00
45004.00
45029.00
44973.00
44938.00
44952.00
45005.00
45027.00
44977.00
44933.00
44950.00
44992.00
45015.00
45005.00
44939.00
44940.00
44999.00
45032.00
44979.00
44938.00
44951.00
44986.00
45016.00
44985.00
44937.00
44942.00
44983.00
45012.00
44979.00
44932.00
44931.00
44988.00
45011.00
44964.00
44903.00
44908.00
44944.00
44987.00
44952.00
44878.00
44887.00
44938.00
44991.00
44960.00
44915.00
44906.00
44945.00
44984.00
44967.00
44914.00
44903.00
44944.00
44998.00
44970.00
44920.00
44912.00
44955.00
44991.00
44980.00
44924.00
44913.00
44955.00
45009.00
45005.00
44938.00
44939.00
44949.00
44998.00
44965.00
44928.00
44905.00
44945.00
44991.00
44963.00
44898.00
44889.00
44920.00
44966.00
44954.00
44896.00
44868.00
44881.00
44944.00
44937.00
44890.00
44860.00
44866.00
44942.00
44930.00
44873.00
44849.00
44858.00
44908.00
44898.00
44865.00
44830.00
44847.00
44903.00
44888.00
44863.00
44823.00
44840.00
44903.00
44906.00
44862.00
44828.00
44848.00
44917.00
44909.00
44872.00
44833.00
44839.00
44915.00
44910.00
44887.00
44831.00
44845.00
44887.00
44920.00
44862.00
44819.00
44831.00
44889.00
44903.00
44874.00
44825.00
44829.00
44890.00
44913.00
44879.00
44823.00
44820.00
44876.00
44905.00
44875.00
44826.00
44829.00
