43629.00
43677.00
43647.00
43592.00
43592.00
43647.00
43675.00
43673.00
43598.00
43592.00
43641.00
43687.00
43657.00
43595.00
43583.00
43628.00
43681.00
43668.00
43601.00
43590.00
43623.00
43684.00
43683.00
43616.00
43570.00
43607.00
43672.00
43657.00
43590.00
43579.00
43601.00
43659.00
43648.00
43603.00
43559.00
43595.00
43652.00
43652.00
43594.00
43554.00
43579.00
43646.00
43658.00
43597.00
43549.00
43572.00
43637.00
43660.00
43624.00
43563.00
43568.00
43641.00
43659.00
43623.00
43548.00
43587.00
43651.00
43672.00
43633.00
43571.00
43580.00
43650.00
43674.00
43648.00
43586.00
43585.00
43636.00
43674.00
43656.00
43582.00
43575.00
43630.00
43674.00
43651.00
43586.00
43563.00
43624.00
43685.00
43656.00
43583.00
43553.00
43604.00
43651.00
43626.00
43533.00
43495.00
43526.00
43571.00
43567.00
43496.00
43460.00
43499.00
43549.00
43540.00
43483.00
43438.00
43475.00
43520.00
43538.00
43478.00
43433.00
43463.00
43521.00
43522.00
43458.00
43405.00
43436.00
43510.00
43501.00
43457.00
43407.00
43441.00
43505.00
43507.00
43472.00
43425.00
43426.00
43499.00
43524.00
43482.00
43426.00
43431.00
43488.00
43543.00
43489.00
43430.00
43428.00
43476.00
43518.00
43493.00
43445.00
43422.00
43498.00
43547.00
43525.00
43440.00
43424.00
43475.00
43523.00
43510.00
43443.00
43417.00
43456.00
43540.00
43501.00
43444.00
43407.00
43433.00
43505.00
43492.00
43435.00
43384.00
43428.00
43491.00
43461.00
43421.00
43374.00
43397.00
43465.00
43471.00
43410.00
43381.00
43418.00
43487.00
43490.00
43430.00
43380.00
43387.00
43439.00
43451.00
43381.00
43356.00
43360.00
43413.00
43449.00
43395.00
43357.00
43360.00
43415.00
43438.00
43396.00
43350.00
43364.00
43434.00
43488.00
43455.00
43412.00
43423.00
43514.00
43576.00
43579.00
43550.00
43575.00
43670.00
43760.00
43753.00
43751.00
43804.00
43897.00
43997.00
44018.00
44003.00
44023.00
44104.00
44188.00
44206.00
44190.00
44232.00
44288.00
44376.00
44352.00
44323.00
44335.00
44392.00
44463.00
44477.00
44441.00
44428.00
44468.00
44551.00
44544.00
44513.00
44498.00
44514.00
44559.00
44572.00
44516.00
44493.00
44502.00
44564.00
44551.00
44502.00
44450.00
44461.00
44520.00
44536.00
44475.00
44441.00
44451.00
44526.00
44524.00
44487.00
44448.00
44458.00
44516.00
44538.00
44479.00
44456.00
44451.00
44487.00
44525.00
44501.00
44441.00
44421.00
44461.00
44496.00
44446.00
44391.00
44393.00
44428.00
44463.00
44416.00
44361.00
44328.00
44356.00
44401.00
44380.00
44314.00
44290.00
44317.00
44349.00
44321.00
44259.00
44216.00
44227.00
44263.00
44245.00
44176.00
44144.00
44169.00
44222.00
44194.00
44127.00
44077.00
44099.00
44173.00
44163.00
44105.00
44060.00
44079.00
44124.00
44142.00
44087.00
44025.00
44039.00
44112.00
44133.00
44076.00
44021.00
44039.00
44096.00
44105.00
44060.00
44018.00
44003.00
44056.00
44076.00
44038.00
43958.00
43943.00
43986.00
44008.00
43950.00
43863.00
43855.00
43863.00
43882.00
43829.00
43746.00
43723.00
43751.00
43779.00
43722.00
43692.00
43644.00
43673.00
43727.00
43675.00
43606.00
43577.00
43629.00
43688.00
43703.00
43639.00
43631.00
43704.00
43813.00
43814.00
43773.00
43746.00
43792.00
43843.00
43829.00
43769.00
43733.00
43772.00
43838.00
43823.00
43761.00
43726.00
43752.00
43819.00
43827.00
43763.00
43699.00
43725.00
43777.00
43779.00
43718.00
43659.00
43666.00
43712.00
43713.00
43650.00
43586.00
43585.00
43641.00
43676.00
43634.00
43589.00
43633.00
43693.00
43736.00
43708.00
43695.00
43725.00
43831.00
43894.00
43907.00
43900.00
43962.00
44062.00
44169.00
44207.00
44214.00
44280.00
44413.00
44527.00
44594.00
44637.00
44712.00
44825.00
44950.00
45029.00
45081.00
45162.00
45277.00
45419.00
45521.00
45544.00
45622.00
45722.00
45863.00
45948.00
46010.00
46075.00
46203.00
46340.00
46423.00
46474.00
46526.00
46623.00
46770.00
46846.00
46910.00
46976.00
47093.00
47240.00
47325.00
47408.00
47491.00
47591.00
47753.00
47888.00
47940.00
48027.00
48142.00
48334.00
48459.00
48540.00
48607.00
48728.00
48897.00
49026.00
49077.00
49115.00
49198.00
49329.00
49454.00
49516.00
49456.00
49522.00
49647.00
49729.00
49736.00
49701.00
49734.00
49803.00
49861.00
49832.00
49746.00
49721.00
49781.00
49831.00
49794.00
49744.00
49715.00
49746.00
49787.00
49756.00
49707.00
49669.00
49676.00
49713.00
49673.00
49581.00
49496.00
49482.00
49495.00
49402.00
49280.00
49212.00
49153.00
49096.00
48965.00
48828.00
48722.00
48662.00
48604.00
48452.00
48267.00
48102.00
48002.00
47921.00
47777.00
47545.00
47314.00
47136.00
47024.00
46892.00
46723.00
46497.00
46301.00
46149.00
45969.00
45788.00
45605.00
45492.00
45428.00
45311.00
45194.00
45055.00
44942.00
44890.00
44828.00
44709.00
44595.00
44520.00
44513.00
44446.00
44358.00
44252.00
44212.00
44207.00
44194.00
44139.00
44049.00
43989.00
43966.00
43963.00
43884.00
43778.00
43733.00
43725.00
43757.00
43741.00
43693.00
43662.00
43679.00
43742.00
43737.00
43697.00
43665.00
43738.00
43794.00
43803.00
43770.00
43744.00
43774.00
43857.00
43860.00
43847.00
43809.00
43837.00
43899.00
43913.00
43870.00
43842.00
43879.00
43968.00
43962.00
43908.00
43857.00
43860.00
43920.00
43901.00
43821.00
43776.00
43756.00
43806.00
43781.00
43718.00
43628.00
43608.00
43645.00
43671.00
43637.00
43585.00
43608.00
43691.00
43775.00
43792.00
43812.00
43868.00
43988.00
44108.00
44170.00
44223.00
44323.00
44484.00
44620.00
44730.00
44810.00
44927.00
45093.00
45292.00
45442.00
45587.00
45763.00
45977.00
46200.00
46359.00
46481.00
46614.00
46808.00
47000.00
47145.00
47220.00
47323.00
47506.00
47698.00
47825.00
47909.00
48004.00
48147.00
48352.00
48508.00
48616.00
48671.00
48801.00
48976.00
49109.00
49168.00
49212.00
49280.00
49394.00
49425.00
49422.00
49396.00
49436.00
49480.00
49453.00
49395.00
49344.00
49345.00
49397.00
49431.00
49416.00
49367.00
49321.00
49364.00
49375.00
49318.00
49266.00
49239.00
49248.00
49241.00
49163.00
49045.00
48981.00
48945.00
48899.00
48764.00
48590.00
48450.00
48345.00
48262.00
48087.00
47894.00
47722.00
47585.00
47460.00
47276.00
47061.00
46892.00
46750.00
46617.00
46430.00
46229.00
46024.00
45902.00
45824.00
45668.00
45505.00
45340.00
45239.00
45182.00
45077.00
44952.00
44818.00
44755.00
44718.00
44655.00
44553.00
44456.00
44418.00
44423.00
44369.00
44292.00
44192.00
44177.00
44187.00
44177.00
44130.00
44039.00
44021.00
44044.00
44052.00
43985.00
43938.00
43925.00
43975.00
43985.00
43947.00
43888.00
43873.00
43917.00
43931.00
43892.00
43835.00
43834.00
43893.00
43906.00
43875.00
43813.00
43797.00
43825.00
43878.00
43836.00
43765.00
43748.00
43796.00
43837.00
43811.00
43760.00
43757.00
43790.00
43846.00
43835.00
43773.00
43752.00
43821.00
43865.00
43844.00
43791.00
43756.00
43810.00
43883.00
43883.00
43854.00
43832.00
43846.00
43925.00
43930.00
43877.00
43810.00
43851.00
43927.00
43898.00
43851.00
43793.00
43819.00
43865.00
43869.00
43818.00
43755.00
43783.00
43844.00
43838.00
43814.00
43768.00
43773.00
43828.00
43861.00
43813.00
43753.00
43749.00
43822.00
43848.00
43840.00
43809.00
43835.00
43934.00
43982.00
43979.00
43964.00
44008.00
44104.00
44205.00
44231.00
44269.00
44351.00
44476.00
44590.00
44660.00
44714.00
44810.00
44967.00
45121.00
45209.00
45297.00
45417.00
45569.00
45743.00
45887.00
45997.00
46154.00
46335.00
46533.00
46681.00
46765.00
46873.00
47044.00
47238.00
47354.00
47423.00
47490.00
47650.00
47825.00
47987.00
48057.00
48142.00
48294.00
48466.00
48586.00
48660.00
48717.00
48818.00
48955.00
49028.00
49039.00
49038.00
49054.00
49146.00
49200.00
49180.00
49150.00
49156.00
49197.00
49196.00
49154.00
49100.00
49116.00
49154.00
49158.00
49098.00
49036.00
49012.00
49042.00
49030.00
48959.00
48842.00
48758.00
48700.00
48644.00
48509.00
48368.00
48267.00
48159.00
48046.00
47888.00
47715.00
47559.00
47447.00
47341.00
47169.00
46942.00
46737.00
46616.00
46521.00
46375.00
46226.00
46128.00
46009.00
45955.00
45811.00
45665.00
45537.00
45465.00
45411.00
45305.00
45168.00
45078.00
45037.00
45013.00
44924.00
44827.00
44752.00
44732.00
44737.00
44711.00
44623.00
44557.00
44530.00
44553.00
44530.00
44452.00
44386.00
44375.00
44402.00
44372.00
44303.00
44227.00
44192.00
44212.00
44196.00
44134.00
44056.00
44013.00
44064.00
44048.00
43987.00
43924.00
43893.00
43903.00
43931.00
43884.00
43787.00
43789.00
43827.00
43859.00
43819.00
43759.00
43764.00
43811.00
43857.00
43822.00
43767.00
43790.00
43834.00
43888.00
43892.00
43847.00
43856.00
43924.00
43972.00
43950.00
43913.00
43906.00
43932.00
44010.00
43997.00
43933.00
43913.00
43950.00
44004.00
43984.00
43931.00
43897.00
43917.00
43976.00
43958.00
43892.00
43841.00
43866.00
43899.00
43890.00
43823.00
43795.00
43786.00
43842.00
43827.00
43791.00
43751.00
43793.00
43870.00
43913.00
43917.00
43917.00
43968.00
44104.00
44195.00
44252.00
44316.00
44439.00
44585.00
44732.00
44820.00
44905.00
45041.00
45237.00
45415.00
45563.00
45698.00
45873.00
46114.00
46340.00
46500.00
46647.00
46795.00
47014.00
47222.00
47365.00
47493.00
47643.00
47865.00
48112.00
48275.00
48421.00
48612.00
48829.00
49012.00
49132.00
49186.00
49269.00
49390.00
49531.00
49592.00
49595.00
49636.00
49721.00
49808.00
49848.00
49877.00
49859.00
49921.00
49968.00
49961.00
49892.00
49860.00
49895.00
49942.00
49938.00
49904.00
49856.00
49873.00
49899.00
49850.00
49737.00
49669.00
49642.00
49676.00
49641.00
49536.00
49416.00
49321.00
49290.00
49189.00
49006.00
48821.00
48699.00
48574.00
48429.00
48209.00
47995.00
47833.00
47721.00
47586.00
47416.00
47204.00
47045.00
46920.00
46797.00
46652.00
46516.00
46387.00
46339.00
46267.00
46142.00
46016.00
45931.00
45904.00
45842.00
45741.00
45622.00
45547.00
45509.00
45511.00
45482.00
45433.00
45404.00
45448.00
45500.00
45490.00
45441.00
45404.00
45425.00
45450.00
45408.00
45313.00
45212.00
45160.00
45140.00
45052.00
44938.00
44874.00
44845.00
44871.00
44824.00
44756.00
44711.00
44705.00
44707.00
44667.00
44602.00
44543.00
44531.00
44546.00
44517.00
44488.00
44422.00
44383.00
44402.00
44378.00
44284.00
44205.00
44189.00
44216.00
44199.00
44138.00
44050.00
44030.00
44048.00
44058.00
44007.00
43938.00
43914.00
43936.00
43933.00
43884.00
43836.00
43836.00
43862.00
43867.00
43840.00
43768.00
43778.00
43799.00
43826.00
43810.00
43771.00
43758.00
43791.00
43849.00
43827.00
43783.00
43780.00
43819.00
43878.00
43875.00
43834.00
43830.00
43908.00
43990.00
43973.00
43930.00
43941.00
44000.00
44082.00
44076.00
44028.00
44000.00
44036.00
44105.00
44092.00
44031.00
43976.00
43994.00
44017.00
44034.00
43958.00
43899.00
43892.00
43944.00
43940.00
43862.00
43805.00
43806.00
43851.00
43849.00
43809.00
43777.00
43792.00
43899.00
43949.00
43957.00
43956.00
44035.00
44183.00
44334.00
44413.00
44479.00
44596.00
44771.00
44917.00
45031.00
45141.00
45317.00
45562.00
45760.00
45879.00
46022.00
46198.00
46414.00
46619.00
46764.00
46909.00
47083.00
47312.00
47545.00
47706.00
47850.00
48026.00
48260.00
48508.00
48666.00
48774.00
48905.00
49087.00
49261.00
49331.00
49349.00
49354.00
49373.00
49444.00
49405.00
49339.00
49266.00
49255.00
49275.00
49222.00
49140.00
49099.00
49150.00
49233.00
49267.00
49246.00
49202.00
49240.00
49278.00
49247.00
49182.00
49109.00
49115.00
49119.00
49065.00
48975.00
48889.00
48839.00
48821.00
48708.00
48567.00
48390.00
48289.00
48223.00
48105.00
47899.00
47704.00
47565.00
47478.00
47368.00
47208.00
47030.00
46893.00
46774.00
46627.00
46482.00
46307.00
46188.00
46088.00
45973.00
45809.00
45640.00
45511.00
45428.00
45355.00
45186.00
45014.00
44911.00
44858.00
44817.00
44715.00
44599.00
44530.00
44519.00
44512.00
44421.00
44335.00
44262.00
44230.00
44238.00
44157.00
44047.00
43998.00
43969.00
43998.00
43944.00
43887.00
43827.00
43841.00
43875.00
43847.00
43789.00
43742.00
43761.00
43826.00
43824.00
43786.00
43731.00
43783.00
43876.00
43898.00
43878.00
43865.00
43915.00
44012.00
44079.00
44107.00
44095.00
44154.00
44237.00
44237.00
44237.00
44178.00
44181.00
44228.00
44230.00
44191.00
44130.00
44138.00
44193.00
44220.00
44173.00
44134.00
44144.00
44170.00
44210.00
44161.00
44122.00
44113.00
44151.00
44169.00
44130.00
44070.00
44056.00
44097.00
44117.00
44059.00
43968.00
43932.00
43943.00
43936.00
43909.00
43841.00
43825.00
43844.00
43911.00
43901.00
43887.00
43924.00
44007.00
44106.00
44151.00
44187.00
44256.00
44372.00
44543.00
44631.00
44707.00
44818.00
44972.00
45150.00
45289.00
45417.00
45565.00
45778.00
46018.00
46201.00
46339.00
46484.00
46634.00
46815.00
46941.00
47044.00
47154.00
47291.00
47466.00
47583.00
47663.00
47757.00
47895.00
48065.00
48224.00
48342.00
48472.00
48635.00
48824.00
48992.00
49054.00
49073.00
49152.00
49301.00
49407.00
49417.00
49368.00
49369.00
49403.00
49424.00
49377.00
49317.00
49296.00
49333.00
49345.00
49323.00
49275.00
49281.00
49336.00
49374.00
49324.00
49235.00
49202.00
49213.00
49186.00
49117.00
48991.00
48890.00
48828.00
48739.00
48636.00
48497.00
48351.00
48250.00
48120.00
47929.00
47735.00
47543.00
47400.00
47265.00
47076.00
46904.00
46728.00
46602.00
46467.00
46312.00
46150.00
45983.00
45860.00
45752.00
45602.00
45453.00
45328.00
45269.00
45231.00
45112.00
44977.00
44856.00
44782.00
44765.00
44708.00
44587.00
44495.00
44445.00
44441.00
44382.00
44276.00
44182.00
44165.00
44174.00
44146.00
44094.00
44025.00
43986.00
43990.00
43961.00
43918.00
43873.00
43877.00
43904.00
43928.00
43896.00
43845.00
43831.00
43893.00
43937.00
43918.00
43907.00
43902.00
43977.00
44057.00
44062.00
44039.00
44074.00
44164.00
44255.00
44258.00
44218.00
44245.00
44312.00
44380.00
44342.00
44293.00
44284.00
44336.00
44381.00
44350.00
44299.00
44265.00
44312.00
44376.00
44329.00
44267.00
44226.00
44294.00
44313.00
44312.00
44258.00
44233.00
44245.00
44309.00
44294.00
44244.00
44206.00
44228.00
44294.00
44274.00
44234.00
44195.00
44204.00
44257.00
44226.00
44170.00
44097.00
44088.00
44120.00
44078.00
43995.00
43948.00
43912.00
43944.00
43936.00
43894.00
43822.00
43838.00
43879.00
43921.00
43910.00
43875.00
43895.00
43969.00
44027.00
44023.00
44036.00
44081.00
44198.00
44300.00
44354.00
44383.00
44487.00
44632.00
44782.00
44873.00
44949.00
45083.00
45259.00
45442.00
45555.00
45655.00
45803.00
45985.00
46181.00
46266.00
46318.00
46401.00
46522.00
46662.00
46752.00
46794.00
46878.00
47025.00
47198.00
47278.00
47372.00
47497.00
47669.00
47830.00
47923.00
47988.00
48118.00
48276.00
48458.00
48551.00
48623.00
48690.00
48788.00
48891.00
48891.00
48884.00
48832.00
48903.00
48993.00
48990.00
48971.00
48982.00
49071.00
49157.00
49138.00
49068.00
48984.00
48966.00
49024.00
49021.00
48995.00
48960.00
48980.00
49044.00
49028.00
48969.00
48906.00
48909.00
48945.00
48921.00
48830.00
48723.00
48659.00
48602.00
48495.00
48321.00
48157.00
48051.00
47993.00
47837.00
47640.00
47406.00
47265.00
47136.00
47016.00
46808.00
46592.00
46437.00
46328.00
46203.00
45989.00
45827.00
45688.00
45600.00
45508.00
45331.00
45140.00
44981.00
44909.00
44870.00
44747.00
44614.00
44489.00
44443.00
44414.00
44325.00
44228.00
44154.00
44131.00
44148.00
44080.00
44000.00
43949.00
43937.00
43985.00
43966.00
43908.00
43867.00
43892.00
43940.00
43937.00
43887.00
43857.00
43896.00
43943.00
43942.00
43902.00
43877.00
43916.00
43981.00
43980.00
43950.00
43933.00
43965.00
44031.00
44040.00
44022.00
43982.00
44002.00
44081.00
44107.00
44065.00
44024.00
44045.00
44126.00
44151.00
44126.00
44058.00
44076.00
44134.00
44150.00
44122.00
44069.00
44069.00
44133.00
44156.00
44109.00
44076.00
44072.00
44133.00
44156.00
44126.00
44062.00
44070.00
44119.00
44141.00
44125.00
44057.00
44045.00
44085.00
44126.00
44107.00
44038.00
44023.00
44068.00
44117.00
44083.00
44016.00
43992.00
44032.00
44043.00
44006.00
43934.00
43905.00
43915.00
43930.00
43902.00
43845.00
43800.00
43844.00
43885.00
43885.00
43842.00
43847.00
43900.00
43994.00
44024.00
44034.00
44061.00
44154.00
44296.00
44374.00
44422.00
44512.00
44626.00
44799.00
44914.00
44992.00
45093.00
45250.00
45434.00
45589.00
45703.00
45832.00
46001.00
46232.00
46411.00
46536.00
46685.00
46881.00
47093.00
47266.00
47365.00
47466.00
47600.00
47783.00
47931.00
48036.00
48143.00
48302.00
48505.00
48656.00
48749.00
48822.00
48956.00
49096.00
49192.00
49191.00
49161.00
49168.00
49203.00
49216.00
49146.00
49051.00
49018.00
49024.00
49046.00
49008.00
48933.00
48918.00
48953.00
49008.00
48968.00
48925.00
48896.00
48927.00
48966.00
48922.00
48851.00
48804.00
48801.00
48774.00
48640.00
48449.00
48276.00
48182.00
48146.00
47999.00
47792.00
47573.00
47463.00
47398.00
47282.00
47104.00
46903.00
46763.00
46651.00
46506.00
46306.00
46159.00
46050.00
45960.00
45809.00
45610.00
45441.00
45346.00
45301.00
45195.00
45046.00
44886.00
44793.00
44716.00
44639.00
44496.00
44414.00
44336.00
44306.00
44261.00
44157.00
44045.00
44028.00
44059.00
44054.00
43987.00
43915.00
43905.00
43941.00
43962.00
43940.00
43875.00
43872.00
43921.00
43953.00
43950.00
43890.00
43911.00
43973.00
44032.00
44023.00
43979.00
44003.00
44090.00
44159.00
44177.00
44152.00
44170.00
44251.00
44342.00
44347.00
44329.00
44320.00
44368.00
44447.00
44417.00
44381.00
44353.00
44389.00
44436.00
44424.00
44367.00
44327.00
44346.00
44399.00
44373.00
44312.00
44280.00
44311.00
44345.00
44323.00
44274.00
44225.00
44256.00
44298.00
44286.00
44236.00
44196.00
44209.00
44252.00
44254.00
44207.00
44179.00
44177.00
44220.00
44207.00
44160.00
44092.00
44084.00
44107.00
44108.00
44047.00
43974.00
43966.00
44001.00
44022.00
43969.00
43928.00
43951.00
44016.00
44075.00
44069.00
44047.00
44083.00
44176.00
44265.00
44288.00
44311.00
44390.00
44526.00
44664.00
44731.00
44780.00
44880.00
45045.00
45199.00
45302.00
45397.00
45522.00
45732.00
45933.00
46115.00
46257.00
46446.00
46656.00
46867.00
47007.00
47128.00
47281.00
47539.00
47826.00
48079.00
48382.00
48698.00
48954.00
49096.00
49079.00
49020.00
49075.00
49219.00
49367.00
49432.00
49463.00
49513.00
49628.00
49743.00
49736.00
49692.00
49675.00
49718.00
49793.00
49764.00
49742.00
49698.00
49720.00
49801.00
49814.00
49779.00
49752.00
49797.00
49876.00
49869.00
49824.00
49780.00
49760.00
49788.00
49770.00
49699.00
49597.00
49598.00
49617.00
49578.00
49465.00
49319.00
49216.00
49162.00
49084.00
48946.00
48777.00
48646.00
48544.00
48458.00
48285.00
48097.00
47958.00
47835.00
47694.00
47473.00
47272.00
47135.00
47051.00
46916.00
46702.00
46478.00
46339.00
46241.00
46151.00
45945.00
45673.00
45475.00
45308.00
45199.00
45032.00
44846.00
44701.00
44609.00
44528.00
44388.00
44247.00
44129.00
44103.00
44130.00
44088.00
44015.00
43996.00
44035.00
44113.00
44121.00
44097.00
44104.00
44156.00
44225.00
44222.00
44180.00
44172.00
44200.00
44269.00
44274.00
44239.00
44216.00
44243.00
44342.00
44363.00
44323.00
44322.00
44328.00
44402.00
44400.00
44376.00
44339.00
44349.00
44394.00
44410.00
44353.00
44325.00
44338.00
44375.00
44391.00
44358.00
44282.00
44292.00
44333.00
44357.00
44310.00
44232.00
44231.00
44282.00
44315.00
44267.00
44221.00
44241.00
44272.00
44313.00
44280.00
44225.00
44244.00
44262.00
44314.00
44266.00
44213.00
44211.00
44261.00
44302.00
44261.00
44202.00
44201.00
44221.00
44266.00
44234.00
44166.00
44150.00
44185.00
44222.00
44187.00
44143.00
44115.00
44143.00
44199.00
44162.00
44077.00
44048.00
44046.00
44090.00
44064.00
43988.00
43946.00
43927.00
43986.00
43971.00
43914.00
43860.00
43911.00
43954.00
43965.00
43938.00
43918.00
43956.00
44060.00
44117.00
44124.00
44151.00
44242.00
44376.00
44459.00
44530.00
44578.00
44717.00
44874.00
45006.00
45104.00
45177.00
45329.00
45552.00
45719.00
45873.00
45986.00
46171.00
46408.00
46605.00
46749.00
46894.00
47072.00
47321.00
47544.00
47708.00
47886.00
48068.00
48324.00
48567.00
48746.00
48878.00
49027.00
49206.00
49367.00
49467.00
49475.00
49517.00
49582.00
49649.00
49630.00
49550.00
49513.00
49540.00
49569.00
49507.00
49432.00
49403.00
49433.00
49494.00
49523.00
49489.00
49458.00
49542.00
49604.00
49571.00
49478.00
49405.00
49416.00
49429.00
49382.00
49249.00
49124.00
49050.00
49021.00
48912.00
48756.00
48582.00
48464.00
48383.00
48259.00
48091.00
47903.00
47733.00
47620.00
47451.00
47256.00
47021.00
46861.00
46721.00
46550.00
46328.00
46112.00
45938.00
45790.00
45644.00
45435.00
45248.00
45130.00
45054.00
44946.00
44798.00
44651.00
44556.00
44491.00
44419.00
44301.00
44195.00
44167.00
44159.00
44148.00
44085.00
44006.00
43981.00
44018.00
44042.00
44022.00
43977.00
44003.00
44091.00
44214.00
44252.00
44245.00
44287.00
44358.00
44418.00
44417.00
44364.00
44356.00
44407.00
44482.00
44447.00
44409.00
44378.00
44406.00
44469.00
44451.00
44406.00
44367.00
44400.00
44454.00
44420.00
44335.00
44280.00
44271.00
44303.00
44258.00
44159.00
44087.00
44097.00
44157.00
44138.00
44063.00
43993.00
44018.00
44078.00
44074.00
44018.00
43946.00
43957.00
43989.00
43995.00
43921.00
43861.00
43846.00
43907.00
43907.00
43858.00
43793.00
43807.00
43877.00
43917.00
43874.00
43810.00
43848.00
43957.00
44023.00
43998.00
43951.00
43974.00
44073.00
44164.00
44171.00
44143.00
44162.00
44296.00
44416.00
44423.00
44360.00
44406.00
44547.00
44683.00
44679.00
44624.00
44625.00
44746.00
44876.00
44853.00
44770.00
44756.00
44863.00
44985.00
44959.00
44862.00
44822.00
44907.00
45010.00
44985.00
44881.00
44831.00
44898.00
45010.00
45003.00
44903.00
44866.00
44932.00
45073.00
45049.00
44947.00
44908.00
44972.00
45104.00
45091.00
45006.00
44908.00
44962.00
45132.00
45117.00
45028.00
44916.00
44958.00
45109.00
45133.00
45029.00
44911.00
44946.00
45100.00
45139.00
45028.00
44889.00
44935.00
45109.00
45179.00
45086.00
44933.00
44978.00
45128.00
45220.00
45142.00
44979.00
45002.00
45158.00
45244.00
45172.00
45025.00
45025.00
45155.00
45259.00
45177.00
45034.00
45021.00
45151.00
45258.00
45172.00
45036.00
45024.00
45130.00
45260.00
45195.00
45061.00
45041.00
45129.00
45262.00
45214.00
45111.00
45065.00
45147.00
45290.00
45294.00
45197.00
45172.00
45261.00
45399.00
45398.00
45315.00
45262.00
45343.00
45497.00
45486.00
45381.00
45320.00
45348.00
45445.00
45432.00
45340.00
45253.00
45287.00
45394.00
45375.00
45270.00
45171.00
45177.00
45271.00
45262.00
45134.00
45009.00
44997.00
45093.00
45105.00
44972.00
44833.00
44827.00
44898.00
44922.00
44779.00
44619.00
44588.00
44655.00
44679.00
44530.00
44352.00
44307.00
44354.00
44385.00
44284.00
44122.00
44045.00
44112.00
44155.00
44057.00
43898.00
43846.00
43920.00
43982.00
43881.00
43713.00
43645.00
43729.00
43841.00
43772.00
43611.00
43546.00
43637.00
43755.00
43702.00
43562.00
43478.00
43564.00
43705.00
43652.00
43515.00
43422.00
43512.00
43671.00
43651.00
43506.00
43405.00
43491.00
43676.00
43640.00
43498.00
43395.00
43464.00
43664.00
43661.00
43536.00
43412.00
43484.00
43667.00
43692.00
43573.00
43431.00
43488.00
43666.00
43698.00
43585.00
43438.00
43474.00
43639.00
43703.00
43596.00
43465.00
43495.00
43658.00
43720.00
43637.00
43515.00
43521.00
43651.00
43745.00
43666.00
43568.00
43571.00
43689.00
43766.00
43698.00
43611.00
43599.00
43696.00
43763.00
43709.00
43614.00
43601.00
43666.00
43764.00
43706.00
43597.00
43561.00
43635.00
43725.00
43671.00
43563.00
43516.00
43575.00
43696.00
43647.00
43506.00
43448.00
43522.00
43659.00
43625.00
43495.00
43395.00
43481.00
43638.00
43597.00
43464.00
43364.00
43425.00
43610.00
43599.00
43414.00
43273.00
43329.00
43503.00
43524.00
43404.00
43256.00
43282.00
43472.00
43504.00
43396.00
43262.00
43294.00
43481.00
43536.00
43418.00
43267.00
43279.00
43459.00
43547.00
43424.00
43272.00
43272.00
43452.00
43564.00
43454.00
43273.00
43266.00
43445.00
43560.00
43463.00
43303.00
43278.00
43417.00
43595.00
43499.00
43316.00
43289.00
43432.00
43583.00
43493.00
43320.00
43265.00
43387.00
43564.00
43510.00
43326.00
43251.00
43366.00
43550.00
43503.00
43334.00
43218.00
43331.00
43531.00
43498.00
43315.00
43206.00
43283.00
43490.00
43468.00
43303.00
43184.00
43260.00
43457.00
43468.00
43322.00
43169.00
43234.00
43435.00
43460.00
43314.00
43165.00
43207.00
43436.00
43458.00
43329.00
43164.00
43216.00
43427.00
43491.00
43359.00
43189.00
43212.00
43408.00
43496.00
43369.00
43197.00
43206.00
43375.00
43501.00
43382.00
43206.00
43223.00
43379.00
43513.00
43401.00
43211.00
43194.00
43369.00
43517.00
43418.00
43240.00
43201.00
43347.00
43515.00
43425.00
43263.00
43184.00
43326.00
43510.00
43430.00
43247.00
43179.00
43308.00
43495.00
43431.00
43257.00
43166.00
43273.00
43454.00
43444.00
43275.00
43154.00
43252.00
43462.00
43443.00
43278.00
43161.00
43238.00
43427.00
43428.00
43290.00
43166.00
43222.00
43432.00
43452.00
43324.00
43169.00
43236.00
43430.00
43471.00
43328.00
43172.00
43209.00
43409.00
43469.00
43335.00
43185.00
43208.00
43371.00
43478.00
43360.00
43184.00
43184.00
43347.00
43459.00
43365.00
43210.00
43179.00
43343.00
43474.00
43380.00
43211.00
43188.00
43334.00
43490.00
43406.00
43214.00
43155.00
43329.00
43488.00
43417.00
43249.00
43158.00
43301.00
43487.00
43428.00
43252.00
43168.00
43279.00
43470.00
43443.00
43274.00
43171.00
43287.00
43480.00
43449.00
43290.00
43167.00
43257.00
43447.00
43457.00
43292.00
43165.00
43249.00
43442.00
43448.00
43291.00
43162.00
43228.00
43412.00
43459.00
43319.00
43157.00
43205.00
43398.00
43469.00
43322.00
43175.00
43215.00
43393.00
43483.00
43370.00
43188.00
43210.00
43384.00
43504.00
43372.00
43200.00
43196.00
43350.00
43492.00
43379.00
43193.00
43193.00
43323.00
43477.00
43399.00
43218.00
43174.00
43330.00
43491.00
43410.00
43224.00
43183.00
43321.00
43481.00
43431.00
43253.00
43180.00
43304.00
43480.00
43439.00
43262.00
43168.00
43268.00
43474.00
43423.00
43260.00
43133.00
43236.00
43444.00
43425.00
43277.00
43150.00
43246.00
43452.00
43450.00
43297.00
43160.00
43242.00
43445.00
43477.00
43321.00
43171.00
43218.00
43422.00
43490.00
43345.00
43177.00
43215.00
43399.00
43488.00
43358.00
43164.00
43211.00
43377.00
43478.00
43357.00
43187.00
43189.00
43347.00
43459.00
43369.00
43201.00
43172.00
43334.00
43483.00
43379.00
43180.00
43157.00
43312.00
43474.00
43386.00
43208.00
43158.00
43293.00
43468.00
43402.00
43225.00
43160.00
43287.00
43475.00
43406.00
43225.00
43150.00
43250.00
43447.00
43400.00
43234.00
43111.00
43208.00
43423.00
43397.00
43234.00
43122.00
43207.00
43412.00
43400.00
43264.00
43131.00
43213.00
43415.00
43434.00
43278.00
43143.00
43203.00
43402.00
43432.00
43300.00
43147.00
43186.00
43358.00
43431.00
43307.00
43143.00
43167.00
43334.00
43434.00
43311.00
43134.00
43139.00
43309.00
43421.00
43318.00
43137.00
43145.00
43291.00
43428.00
43329.00
43160.00
43124.00
43273.00
43438.00
43353.00
43177.00
43133.00
43276.00
43434.00
43368.00
43200.00
43141.00
43261.00
43431.00
43376.00
43198.00
43126.00
43240.00
43433.00
43410.00
43232.00
43138.00
43230.00
43422.00
43405.00
43240.00
43117.00
43214.00
43420.00
43418.00
43269.00
43126.00
43202.00
43395.00
43414.00
43282.00
43120.00
43192.00
43367.00
43413.00
43290.00
43110.00
43161.00
43356.00
43430.00
43288.00
43127.00
43158.00
43339.00
43440.00
43304.00
43139.00
43150.00
43315.00
43433.00
43336.00
43143.00
43136.00
43293.00
43432.00
43337.00
43156.00
43131.00
43269.00
43449.00
43349.00
43172.00
43116.00
43258.00
43431.00
43357.00
43178.00
43123.00
43244.00
43401.00
43359.00
43197.00
43117.00
43231.00
43414.00
43374.00
43213.00
43122.00
43215.00
43414.00
43368.00
43229.00
43111.00
43204.00
43394.00
43403.00
43244.00
43099.00
43172.00
43384.00
43385.00
43258.00
43096.00
43175.00
43362.00
43396.00
43259.00
43114.00
43151.00
43343.00
43388.00
43283.00
43110.00
43139.00
43328.00
43406.00
43281.00
43112.00
43127.00
43306.00
43414.00
43305.00
43120.00
43121.00
43270.00
43423.00
43330.00
43132.00
43117.00
43261.00
43419.00
43332.00
43145.00
43112.00
43239.00
43406.00
43332.00
43165.00
43098.00
43220.00
43406.00
43343.00
43188.00
43098.00
43217.00
43402.00
43350.00
43188.00
43105.00
43199.00
43395.00
43371.00
43196.00
43103.00
43188.00
43392.00
43375.00
43235.00
43092.00
43174.00
43363.00
43387.00
43238.00
43094.00
43135.00
43336.00
43399.00
43254.00
43104.00
43145.00
43306.00
43400.00
43273.00
43100.00
43127.00
43295.00
43405.00
43289.00
43111.00
43120.00
43286.00
43413.00
43302.00
43134.00
43117.00
43288.00
43420.00
43318.00
43151.00
43125.00
43254.00
43411.00
43333.00
43155.00
43097.00
43231.00
43417.00
43340.00
43165.00
43095.00
43207.00
43409.00
43354.00
43183.00
43092.00
43204.00
43401.00
43366.00
43205.00
43079.00
43170.00
43382.00
43368.00
43208.00
43076.00
43151.00
43349.00
43372.00
43228.00
43088.00
43143.00
43334.00
43382.00
43236.00
43083.00
43109.00
43312.00
43365.00
43258.00
43062.00
43111.00
43284.00
43398.00
43260.00
43098.00
43101.00
43283.00
43396.00
43282.00
43120.00
43096.00
43264.00
43388.00
43279.00
43106.00
43078.00
43242.00
43406.00
43306.00
43131.00
43079.00
43216.00
43386.00
43319.00
43151.00
43082.00
43205.00
43389.00
43328.00
43156.00
43076.00
43177.00
43400.00
43349.00
43182.00
43073.00
43177.00
43376.00
43360.00
43209.00
43085.00
43172.00
43370.00
43369.00
43217.00
43076.00
43154.00
43343.00
43367.00
43244.00
43063.00
43148.00
43336.00
43378.00
43246.00
43083.00
43107.00
43300.00
43402.00
43242.00
43093.00
43093.00
43299.00
43383.00
43285.00
43119.00
43097.00
43252.00
43381.00
43294.00
43112.00
43067.00
43237.00
43388.00
43299.00
43127.00
43091.00
43223.00
43387.00
43311.00
43133.00
43043.00
43192.00
43365.00
43318.00
43143.00
43056.00
43180.00
43366.00
43340.00
43170.00
43060.00
43165.00
43348.00
43335.00
43165.00
43075.00
43145.00
43352.00
43343.00
43206.00
43071.00
43144.00
43330.00
43342.00
43205.00
43063.00
43114.00
43298.00
43354.00
43230.00
43071.00
43105.00
43283.00
43377.00
43252.00
43090.00
43105.00
43273.00
43376.00
43260.00
43091.00
43077.00
43248.00
43388.00
43290.00
43099.00
43080.00
43238.00
43394.00
43304.00
43126.00
43080.00
43205.00
43378.00
43290.00
43128.00
43060.00
43210.00
43389.00
43331.00
43168.00
43067.00
43179.00
43359.00
43330.00
43175.00
43063.00
43159.00
43347.00
43329.00
43182.00
43068.00
43144.00
43338.00
43351.00
43213.00
43060.00
43119.00
43312.00
43359.00
43220.00
43060.00
43113.00
43295.00
43354.00
43225.00
43069.00
43099.00
43296.00
43356.00
43231.00
43071.00
43088.00
43262.00
43375.00
43256.00
43090.00
43076.00
43254.00
43387.00
43279.00
43093.00
43086.00
43216.00
43373.00
43292.00
43111.00
43080.00
43210.00
43376.00
43304.00
43136.00
43074.00
43194.00
43388.00
43327.00
43152.00
43072.00
43190.00
43378.00
43336.00
43155.00
43073.00
43155.00
43362.00
43343.00
43187.00
43070.00
43137.00
43339.00
43336.00
43184.00
43069.00
43131.00
43333.00
43358.00
43218.00
43070.00
43117.00
43319.00
43357.00
43235.00
43064.00
43115.00
43295.00
43382.00
43237.00
43089.00
43088.00
43258.00
43374.00
43285.00
43111.00
43085.00
43261.00
43396.00
43290.00
43101.00
43076.00
43227.00
43387.00
43295.00
43114.00
43064.00
43208.00
43371.00
43313.00
43139.00
43065.00
43199.00
43395.00
43326.00
43151.00
43065.00
43164.00
43369.00
43334.00
43176.00
43057.00
43156.00
43353.00
43344.00
43189.00
43066.00
43141.00
43323.00
43336.00
43187.00
43050.00
43092.00
43312.00
43343.00
43204.00
43051.00
43109.00
43298.00
43360.00
43223.00
43067.00
43085.00
43275.00
43368.00
43243.00
43081.00
43089.00
43249.00
43366.00
43246.00
43083.00
43074.00
43230.00
43376.00
43270.00
43092.00
43081.00
43227.00
43382.00
43286.00
43116.00
43054.00
43217.00
43383.00
43288.00
43127.00
43060.00
43169.00
43367.00
43304.00
43140.00
43049.00
43157.00
43349.00
43328.00
43151.00
43052.00
43140.00
43336.00
43313.00
43185.00
43054.00
43126.00
43315.00
43329.00
43193.00
43045.00
43096.00
43297.00
43334.00
43199.00
43061.00
43087.00
43282.00
43356.00
43228.00
43035.00
43074.00
43256.00
43346.00
43223.00
43061.00
43086.00
43244.00
43357.00
43264.00
43083.00
43074.00
43222.00
43380.00
43258.00
43092.00
43061.00
43209.00
43371.00
43284.00
43112.00
43054.00
43201.00
43360.00
43303.00
43120.00
43053.00
43158.00
43354.00
43300.00
43149.00
43036.00
43150.00
43345.00
43316.00
43154.00
43048.00
43133.00
43339.00
43326.00
43162.00
43048.00
43117.00
43323.00
43336.00
43199.00
43053.00
43100.00
43298.00
43337.00
43212.00
43054.00
43087.00
43296.00
43369.00
43219.00
43051.00
43074.00
43253.00
43348.00
43249.00
43083.00
43084.00
43246.00
43372.00
43252.00
43058.00
43059.00
43224.00
43371.00
43270.00
43095.00
43059.00
43207.00
43364.00
43284.00
43100.00
43049.00
43196.00
43379.00
43285.00
43113.00
43031.00
43166.00
43351.00
43307.00
43138.00
43049.00
43146.00
43339.00
43317.00
43143.00
43052.00
43142.00
43343.00
43320.00
43178.00
43062.00
43122.00
43347.00
43361.00
43204.00
43061.00
43114.00
43331.00
43347.00
43192.00
43044.00
43091.00
43295.00
43351.00
43223.00
43050.00
43072.00
43261.00
43368.00
43234.00
43062.00
43070.00
43258.00
43373.00
43260.00
43068.00
43072.00
43245.00
43370.00
43274.00
43079.00
43059.00
43210.00
43358.00
43266.00
43095.00
43054.00
43198.00
43372.00
43290.00
43113.00
43037.00
43177.00
43361.00
43285.00
43130.00
43044.00
43171.00
43339.00
43306.00
43134.00
43028.00
43148.00
43338.00
43308.00
43134.00
43049.00
43125.00
43336.00
43309.00
43177.00
43036.00
43096.00
43305.00
43314.00
43187.00
43041.00
43109.00
43288.00
43331.00
43203.00
43061.00
43098.00
43286.00
43367.00
43220.00
43063.00
43091.00
43252.00
43352.00
43230.00
43053.00
43062.00
43239.00
43363.00
43270.00
43090.00
43053.00
43211.00
43359.00
43257.00
43091.00
43058.00
43203.00
43361.00
43281.00
43113.00
43054.00
43208.00
43364.00
43301.00
43125.00
43051.00
43177.00
43364.00
43302.00
43159.00
43037.00
43161.00
43345.00
43319.00
43152.00
43038.00
43119.00
43328.00
43312.00
43160.00
43044.00
43138.00
43345.00
43334.00
43178.00
43041.00
43117.00
43314.00
43340.00
43199.00
43051.00
43091.00
43297.00
43344.00
43220.00
43059.00
43082.00
43269.00
43346.00
43219.00
43058.00
43081.00
43234.00
43352.00
43243.00
43059.00
43059.00
43228.00
43342.00
43253.00
43071.00
43058.00
43214.00
43347.00
43265.00
43081.00
43028.00
43180.00
43352.00
43268.00
43105.00
43040.00
43167.00
43344.00
43287.00
43102.00
43035.00
43169.00
43339.00
43295.00
43128.00
43041.00
43153.00
43334.00
43300.00
43139.00
43038.00
43137.00
43339.00
43312.00
43144.00
43044.00
43129.00
43309.00
43310.00
43167.00
43027.00
43100.00
43294.00
43336.00
43181.00
43034.00
43089.00
43280.00
43316.00
43190.00
43035.00
43056.00
43260.00
43335.00
43210.00
43067.00
43075.00
43248.00
43349.00
43235.00
43060.00
43064.00
43211.00
43347.00
43231.00
43071.00
43047.00
43216.00
43342.00
43253.00
43070.00
43039.00
43196.00
43330.00
43248.00
43086.00
43026.00
43178.00
43340.00
43251.00
43071.00
43031.00
43160.00
43334.00
43281.00
43110.00
43040.00
43145.00
43322.00
43289.00
43131.00
43021.00
43123.00
43332.00
43299.00
43135.00
43007.00
43095.00
43301.00
43300.00
43147.00
43018.00
43101.00
43292.00
43306.00
43171.00
43018.00
43095.00
43262.00
43324.00
43173.00
43043.00
43101.00
43270.00
43335.00
43202.00
43053.00
43078.00
43260.00
43336.00
43234.00
43075.00
43069.00
43245.00
43347.00
43246.00
43087.00
43075.00
43237.00
43345.00
43266.00
43091.00
43066.00
43207.00
43357.00
43271.00
43099.00
43073.00
43214.00
43343.00
43281.00
43096.00
43061.00
43169.00
43354.00
43271.00
43125.00
43041.00
43145.00
43332.00
43272.00
43115.00
43031.00
43131.00
43320.00
43295.00
43152.00
43065.00
43178.00
43370.00
43402.00
43285.00
43174.00
43273.00
43459.00
43476.00
43378.00
43269.00
43348.00
43561.00
43591.00
43462.00
43331.00
43429.00
43634.00
43721.00
43622.00
43510.00
43591.00
43811.00
43917.00
43838.00
43741.00
43796.00
44042.00
44172.00
44062.00
43909.00
44013.00
44217.00
44300.00
44231.00
44110.00
44118.00
44270.00
44380.00
44309.00
44152.00
44141.00
44285.00
44402.00
44326.00
44191.00
44151.00
44291.00
44427.00
44355.00
44178.00
44126.00
44223.00
44376.00
44309.00
44159.00
44085.00
44200.00
44351.00
44309.00
44154.00
44054.00
44153.00
44313.00
44265.00
44134.00
44048.00
44104.00
44273.00
44263.00
44118.00
44031.00
44094.00
44236.00
44248.00
44137.00
44023.00
44094.00
44211.00
44252.00
44146.00
44047.00
44075.00
44194.00
44234.00
44123.00
43991.00
44022.00
44102.00
44119.00
44032.00
43883.00
43877.00
43992.00
44073.00
43973.00
43823.00
43826.00
43925.00
44021.00
43925.00
43782.00
43774.00
43899.00
44005.00
43924.00
43794.00
43780.00
43907.00
44036.00
43941.00
43816.00
43774.00
43890.00
44024.00
43965.00
43822.00
43772.00
43887.00
44039.00
43989.00
43824.00
43767.00
43840.00
44026.00
43975.00
43828.00
43757.00
43843.00
44012.00
43995.00
43848.00
43743.00
43819.00
43986.00
43979.00
43833.00
43721.00
43796.00
43961.00
43959.00
43836.00
43726.00
43779.00
43936.00
43982.00
43846.00
43699.00
43749.00
43917.00
43947.00
43842.00
43689.00
43727.00
43887.00
43947.00
43845.00
43690.00
43715.00
43869.00
43951.00
43840.00
43707.00
43713.00
43855.00
43968.00
43891.00
43731.00
43731.00
43876.00
43989.00
43893.00
43745.00
43730.00
43842.00
43986.00
43904.00
43741.00
43700.00
43824.00
43978.00
43909.00
43742.00
43707.00
43817.00
43975.00
43908.00
43771.00
43690.00
43796.00
43973.00
43908.00
43759.00
43667.00
43766.00
43925.00
43899.00
43763.00
43660.00
43743.00
43925.00
43901.00
43769.00
43658.00
43724.00
43903.00
43902.00
43782.00
43640.00
43708.00
43884.00
43916.00
43778.00
43653.00
43701.00
43879.00
43911.00
43798.00
43646.00
43697.00
43857.00
43915.00
43799.00
43652.00
43689.00
43842.00
43927.00
43833.00
43656.00
43675.00
43831.00
43945.00
43828.00
43696.00
43672.00
43826.00
43937.00
43839.00
43689.00
43661.00
43800.00
43930.00
43841.00
43692.00
43652.00
43775.00
43922.00
43834.00
43679.00
43632.00
43759.00
43912.00
43854.00
43698.00
43644.00
43765.00
43921.00
43880.00
43724.00
43642.00
43726.00
43907.00
43870.00
43732.00
43642.00
43719.00
43893.00
43877.00
43753.00
43640.00
43723.00
43899.00
43893.00
43753.00
43658.00
43710.00
43892.00
43914.00
43786.00
43658.00
43713.00
43873.00
43921.00
43785.00
43659.00
43709.00
43867.00
43929.00
43811.00
43662.00
43690.00
43838.00
43923.00
43808.00
43663.00
43687.00
43824.00
43934.00
43824.00
43682.00
43661.00
43817.00
43927.00
43840.00
43675.00
43668.00
43797.00
43920.00
43848.00
43685.00
43667.00
43784.00
43931.00
43864.00
43706.00
43651.00
43765.00
43929.00
43860.00
43712.00
43647.00
43752.00
43918.00
43856.00
43720.00
43647.00
43751.00
43899.00
43877.00
43732.00
43654.00
43731.00
43901.00
43877.00
43748.00
43650.00
43737.00
43882.00
43894.00
43741.00
43630.00
43695.00
43861.00
43893.00
43756.00
43636.00
43696.00
43859.00
43880.00
43768.00
43628.00
43661.00
43841.00
43888.00
43787.00
43643.00
43657.00
43832.00
43909.00
43784.00
43644.00
43663.00
43800.00
43893.00
43796.00
43656.00
43645.00
43792.00
43899.00
43810.00
43655.00
43655.00
43800.00
43916.00
43833.00
43663.00
43657.00
43769.00
43914.00
43827.00
43678.00
43632.00
43747.00
43916.00
43845.00
43696.00
43636.00
43751.00
43894.00
43840.00
43699.00
43619.00
43724.00
43896.00
43859.00
43717.00
43618.00
43721.00
43890.00
43870.00
43719.00
43611.00
43702.00
43882.00
43870.00
43723.00
43629.00
43689.00
43859.00
43879.00
43733.00
43615.00
43690.00
43833.00
43891.00
43774.00
43626.00
43668.00
43826.00
43887.00
43781.00
43615.00
43650.00
43821.00
43888.00
43770.00
43619.00
43641.00
43804.00
43903.00
43793.00
43638.00
43640.00
43783.00
43875.00
43792.00
43630.00
43623.00
43779.00
43899.00
43805.00
43644.00
43626.00
43763.00
43890.00
43822.00
43659.00
43628.00
43753.00
43905.00
43824.00
43663.00
43618.00
43727.00
43883.00
43836.00
43682.00
43635.00
43723.00
43889.00
43850.00
43696.00
43625.00
43716.00
43882.00
43848.00
43712.00
43609.00
43706.00
43873.00
43833.00
43719.00
43598.00
43667.00
43843.00
43842.00
43694.00
43555.00
43609.00
43775.00
43780.00
43631.00
43478.00
43502.00
43651.00
43658.00
43507.00
43340.00
43338.00
43511.00
43554.00
43408.00
43229.00
43225.00
43380.00
43449.00
43317.00
43118.00
43125.00
43291.00
43409.00
43280.00
43103.00
43095.00
43258.00
43387.00
43287.00
43111.00
43079.00
43242.00
43399.00
43291.00
43100.00
43091.00
43223.00
43401.00
43311.00
43133.00
43074.00
43211.00
43394.00
43325.00
43135.00
43079.00
43195.00
43405.00
43336.00
43175.00
43070.00
43186.00
43394.00
43352.00
43185.00
43083.00
43178.00
43382.00
43350.00
43198.00
43059.00
43170.00
43365.00
43349.00
43202.00
43090.00
43162.00
43353.00
43371.00
43215.00
43072.00
43148.00
43333.00
43371.00
43243.00
43066.00
43115.00
43320.00
43376.00
43236.00
43059.00
43112.00
43288.00
43383.00
43258.00
43090.00
43113.00
43283.00
43380.00
43277.00
43110.00
43104.00
43291.00
43416.00
43298.00
43121.00
43100.00
43262.00
43424.00
43307.00
43134.00
43121.00
43277.00
43417.00
43324.00
43147.00
43110.00
43246.00
43405.00
43329.00
43162.00
43110.00
43225.00
43401.00
43334.00
43171.00
43083.00
43200.00
43397.00
43334.00
43160.00
43075.00
43169.00
43374.00
43327.00
43180.00
43065.00
43157.00
43370.00
43362.00
43208.00
43073.00
43168.00
43363.00
43364.00
43223.00
43069.00
43135.00
43345.00
43370.00
43230.00
43070.00
43112.00
43308.00
43371.00
43227.00
43062.00
43120.00
43285.00
43371.00
43250.00
43073.00
43088.00
43293.00
43379.00
43276.00
43068.00
43080.00
43244.00
43385.00
43250.00
43072.00
43057.00
43225.00
43350.00
43268.00
43077.00
43058.00
43211.00
43376.00
43261.00
43096.00
43042.00
43197.00
43357.00
43286.00
43105.00
43024.00
43174.00
43348.00
43286.00
43106.00
43029.00
43141.00
43352.00
43292.00
43124.00
43045.00
43170.00
43391.00
43367.00
43228.00
43168.00
43306.00
43530.00
43575.00
43508.00
43485.00
43642.00
43889.00
43971.00
43964.00
43952.00
44076.00
44317.00
44402.00
44385.00
44338.00
44451.00
44643.00
44719.00
44649.00
44545.00
44584.00
44739.00
44796.00
44723.00
44609.00
44626.00
44790.00
44888.00
44834.00
44736.00
44753.00
44895.00
44997.00
44929.00
44813.00
44825.00
44948.00
45057.00
44988.00
44887.00
44883.00
44985.00
45087.00
45049.00
44934.00
44901.00
44982.00
45103.00
45053.00
44940.00
44894.00
44977.00
45098.00
45071.00
44952.00
44906.00
44990.00
45106.00
45080.00
44978.00
44920.00
44995.00
45116.00
45095.00
44987.00
44891.00
44973.00
45084.00
45101.00
44975.00
44885.00
44936.00
45071.00
45102.00
44990.00
44892.00
44943.00
45066.00
45092.00
44973.00
44880.00
44904.00
45033.00
45054.00
44966.00
44864.00
44890.00
44994.00
45050.00
44990.00
44856.00
44857.00
44984.00
45063.00
45006.00
44905.00
44892.00
45014.00
45071.00
44990.00
44830.00
44784.00
44867.00
44939.00
44862.00
44701.00
44635.00
44703.00
44783.00
44683.00
44513.00
44427.00
44488.00
44594.00
44486.00
44300.00
44194.00
44253.00
44367.00
44287.00
44090.00
43978.00
44039.00
44191.00
44141.00
43969.00
43863.00
43919.00
44061.00
44018.00
43852.00
43733.00
43779.00
43923.00
43894.00
43751.00
43595.00
43649.00
43786.00
43785.00
43630.00
43478.00
43521.00
43675.00
43720.00
43577.00
43426.00
43466.00
43610.00
43670.00
43549.00
43401.00
43418.00
43603.00
43670.00
43557.00
43413.00
43419.00
43564.00
43664.00
43551.00
43392.00
43389.00
43545.00
43669.00
43565.00
43404.00
43380.00
43526.00
43656.00
43577.00
43400.00
43369.00
43509.00
43654.00
43571.00
43410.00
43358.00
43494.00
43652.00
43592.00
43430.00
43374.00
43479.00
43631.00
43585.00
43428.00
43357.00
43478.00
43625.00
43589.00
43445.00
43341.00
43432.00
43622.00
43579.00
43453.00
43346.00
43420.00
43615.00
43603.00
43465.00
43347.00
43410.00
43605.00
43610.00
43469.00
43345.00
43407.00
43581.00
43616.00
43485.00
43357.00
43393.00
43571.00
43615.00
43498.00
43355.00
43384.00
43554.00
43620.00
43516.00
43350.00
43375.00
43539.00
43627.00
43516.00
43370.00
43363.00
43526.00
43639.00
43532.00
43372.00
43345.00
43496.00
43621.00
43536.00
43369.00
43344.00
43463.00
43608.00
43527.00
43370.00
43315.00
43444.00
43603.00
43525.00
43370.00
43312.00
43443.00
43599.00
43524.00
43394.00
43316.00
43415.00
43576.00
43535.00
43396.00
43312.00
43401.00
43593.00
43569.00
43403.00
43307.00
43386.00
43564.00
43560.00
43438.00
43312.00
43399.00
43576.00
43577.00
43444.00
43310.00
43381.00
43561.00
43568.00
43448.00
43311.00
43373.00
43563.00
43593.00
43459.00
43317.00
43341.00
43520.00
43590.00
43469.00
43322.00
43353.00
43509.00
43588.00
43468.00
43333.00
43341.00
43496.00
43596.00
43495.00
43324.00
43321.00
43482.00
43595.00
43509.00
43344.00
43309.00
43466.00
43597.00
43503.00
43350.00
43306.00
43433.00
43575.00
43490.00
43316.00
43285.00
43412.00
43588.00
43521.00
43351.00
43285.00
43427.00
43576.00
43528.00
43361.00
43294.00
43403.00
43586.00
43534.00
43373.00
43283.00
43390.00
43569.00
43546.00
43382.00
43288.00
43376.00
43557.00
43546.00
43396.00
43292.00
43375.00
43572.00
43568.00
43414.00
43294.00
43373.00
43540.00
43556.00
43416.00
43289.00
43345.00
43525.00
43581.00
43443.00
43299.00
43352.00
43513.00
43566.00
43464.00
43321.00
43342.00
43509.00
43590.00
43480.00
43328.00
43347.00
43517.00
43603.00
43501.00
43362.00
43374.00
43556.00
43694.00
43616.00
43490.00
43504.00
43648.00
43783.00
43758.00
43644.00
43686.00
43842.00
43961.00
43934.00
43817.00
43834.00
43974.00
44092.00
44059.00
43914.00
43884.00
43995.00
44129.00
44094.00
43948.00
43904.00
44000.00
44144.00
44103.00
43971.00
43935.00
44027.00
44182.00
44140.00
44016.00
43952.00
44044.00
44192.00
44160.00
44040.00
43972.00
44044.00
44209.00
44215.00
44070.00
43998.00
44055.00
44225.00
44226.00
44086.00
43968.00
44042.00
44190.00
44223.00
44103.00
44005.00
44048.00
44194.00
44243.00
44139.00
44023.00
44083.00
44251.00
44282.00
44195.00
44092.00
44153.00
44321.00
44394.00
44337.00
44238.00
44273.00
44412.00
44501.00
44427.00
44318.00
44322.00
44454.00
44538.00
44467.00
44349.00
44346.00
44463.00
44535.00
44453.00
44357.00
44357.00
44474.00
44565.00
44499.00
44347.00
44349.00
44464.00
44571.00
44492.00
44348.00
44336.00
44459.00
44582.00
44534.00
44397.00
44367.00
44468.00
44588.00
44529.00
44414.00
44362.00
44456.00
44584.00
44531.00
44398.00
44344.00
44431.00
44567.00
44538.00
44417.00
44344.00
44423.00
44568.00
44537.00
44435.00
44339.00
44406.00
44553.00
44547.00
44413.00
44343.00
44401.00
44543.00
44522.00
44418.00
44305.00
44339.00
44495.00
44509.00
44392.00
44299.00
44325.00
44483.00
44503.00
44393.00
44276.00
44312.00
44456.00
44497.00
44414.00
44295.00
44304.00
44457.00
44486.00
44392.00
44269.00
44290.00
44412.00
44478.00
44380.00
44265.00
44268.00
44395.00
44465.00
44397.00
44250.00
44251.00
44365.00
44475.00
44386.00
44247.00
44240.00
44363.00
44461.00
44375.00
44259.00
44227.00
44332.00
44457.00
44384.00
44240.00
44215.00
44339.00
44457.00
44406.00
44265.00
44218.00
44325.00
44457.00
44391.00
44259.00
44214.00
44296.00
44432.00
44392.00
44277.00
44210.00
44283.00
44430.00
44396.00
44257.00
44188.00
44260.00
44415.00
44393.00
44257.00
44182.00
44255.00
44395.00
44387.00
44280.00
44160.00
44238.00
44400.00
44402.00
44255.00
44164.00
44226.00
44370.00
44389.00
44276.00
44159.00
44200.00
44350.00
44391.00
44279.00
44167.00
44197.00
44334.00
44399.00
44293.00
44160.00
44179.00
44346.00
44392.00
44300.00
44163.00
44186.00
44308.00
44380.00
44311.00
44169.00
44177.00
44315.00
44386.00
44321.00
44184.00
44186.00
44315.00
44399.00
44315.00
44193.00
44175.00
44292.00
44411.00
44330.00
44182.00
44169.00
44268.00
44382.00
44332.00
44185.00
44147.00
44256.00
44394.00
44334.00
44192.00
44150.00
44242.00
44396.00
44337.00
44201.00
44146.00
44241.00
44380.00
44334.00
44211.00
44142.00
44226.00
44382.00
44339.00
44225.00
44142.00
44229.00
44377.00
44343.00
44228.00
44143.00
44216.00
44358.00
44341.00
44235.00
44127.00
44196.00
44360.00
44337.00
44227.00
44132.00
44192.00
44333.00
44374.00
44254.00
44140.00
44173.00
44341.00
44361.00
44235.00
44142.00
44173.00
44319.00
44361.00
44270.00
44137.00
44175.00
44295.00
44380.00
44255.00
44126.00
44146.00
44288.00
44367.00
44275.00
44139.00
44147.00
44283.00
44353.00
44284.00
44134.00
44146.00
44256.00
44378.00
44269.00
44139.00
44121.00
44254.00
44356.00
44278.00
44137.00
44123.00
44230.00
44348.00
44286.00
44163.00
44111.00
44207.00
44356.00
44286.00
44149.00
44106.00
44203.00
44334.00
44291.00
44159.00
44106.00
44199.00
44339.00
44308.00
44159.00
44076.00
44181.00
44327.00
44301.00
44185.00
44102.00
44169.00
44315.00
44301.00
44169.00
44083.00
44152.00
44321.00
44300.00
44182.00
44066.00
44140.00
44304.00
44306.00
44191.00
44076.00
44130.00
44295.00
44311.00
44203.00
44075.00
44127.00
44288.00
44318.00
44222.00
44088.00
44119.00
44274.00
44323.00
44226.00
44101.00
44114.00
44260.00
44317.00
44219.00
44102.00
44110.00
44230.00
44327.00
44223.00
44094.00
44107.00
44234.00
44336.00
44234.00
44107.00
44103.00
44217.00
44322.00
44247.00
44118.00
44081.00
44197.00
44312.00
44253.00
44124.00
44073.00
44177.00
44319.00
44265.00
44128.00
44068.00
44192.00
44318.00
44272.00
44132.00
44057.00
44169.00
44316.00
44279.00
44144.00
44071.00
44163.00
44312.00
44281.00
44137.00
44049.00
44139.00
44300.00
44289.00
44157.00
44077.00
44144.00
44289.00
44282.00
44145.00
44064.00
44125.00
44279.00
44275.00
44174.00
44065.00
44106.00
44261.00
44283.00
44183.00
44066.00
44102.00
44274.00
44289.00
44194.00
44076.00
44103.00
44245.00
44298.00
44201.00
44078.00
44084.00
44246.00
44310.00
44197.00
44067.00
44089.00
44221.00
44311.00
44215.00
44090.00
44068.00
44224.00
44318.00
44239.00
44079.00
44075.00
44207.00
44321.00
44239.00
44098.00
44069.00
44186.00
44300.00
44232.00
44083.00
44052.00
44172.00
44287.00
44234.00
44106.00
44045.00
44164.00
44307.00
44231.00
44100.00
44044.00
44136.00
44298.00
44239.00
44095.00
44015.00
44117.00
44276.00
44243.00
44113.00
44015.00
44095.00
44277.00
44249.00
44127.00
44007.00
44093.00
44271.00
44260.00
44137.00
44014.00
44099.00
44267.00
44267.00
44135.00
44018.00
44068.00
44229.00
44272.00
44157.00
44015.00
44068.00
44237.00
44270.00
44173.00
44024.00
44046.00
44215.00
44287.00
44177.00
44038.00
44047.00
44203.00
44279.00
44185.00
44026.00
44032.00
44174.00
44255.00
44171.00
44021.00
44026.00
44164.00
44279.00
44194.00
44041.00
44028.00
44142.00
44272.00
44207.00
44051.00
44025.00
44154.00
44280.00
44206.00
44063.00
43999.00
44135.00
44257.00
44206.00
44050.00
43991.00
44113.00
44265.00
44190.00
44040.00
43974.00
44064.00
44228.00
44187.00
44041.00
43963.00
44073.00
44236.00
44215.00
44081.00
43986.00
44073.00
44252.00
44239.00
44087.00
43984.00
44025.00
44207.00
44221.00
44068.00
43935.00
43973.00
44158.00
44157.00
44007.00
43852.00
43877.00
44039.00
44059.00
43944.00
43784.00
43821.00
43993.00
44022.00
43862.00
43710.00
43711.00
43889.00
43965.00
43839.00
43667.00
43660.00
43852.00
43941.00
43837.00
43692.00
43684.00
43833.00
43961.00
43862.00
43682.00
43683.00
43839.00
43956.00
43878.00
43705.00
43675.00
43815.00
43955.00
43874.00
43688.00
43639.00
43770.00
43925.00
43841.00
43675.00
43597.00
43729.00
43869.00
43796.00
43595.00
43543.00
43653.00
43817.00
43764.00
43608.00
43530.00
43637.00
43834.00
43791.00
43643.00
43555.00
43661.00
43862.00
43829.00
43677.00
43580.00
43655.00
43834.00
43815.00
43672.00
43567.00
43624.00
43814.00
43800.00
43675.00
43559.00
43623.00
43795.00
43824.00
43708.00
43573.00
43625.00
43812.00
43877.00
43778.00
43669.00
43736.00
43897.00
43980.00
43909.00
43804.00
43888.00
44063.00
44172.00
44082.00
43942.00
43946.00
44081.00
44164.00
44074.00
43920.00
43916.00
44028.00
44139.00
44076.00
43914.00
43899.00
44023.00
44154.00
44093.00
43962.00
43973.00
44106.00
44273.00
44237.00
44116.00
44063.00
44189.00
44349.00
44287.00
44141.00
44086.00
44193.00
44345.00
44304.00
44156.00
44074.00
44161.00
44310.00
44259.00
44125.00
44067.00
44160.00
44331.00
44287.00
44133.00
44012.00
44072.00
44232.00
44212.00
44075.00
43986.00
44066.00
44281.00
44302.00
44187.00
44065.00
44139.00
44324.00
44346.00
44227.00
44094.00
44145.00
44338.00
44372.00
44234.00
44085.00
44108.00
44257.00
44307.00
44181.00
44011.00
44034.00
44163.00
44216.00
44100.00
43919.00
43919.00
44052.00
44126.00
44025.00
43859.00
43865.00
43988.00
44092.00
44005.00
43850.00
43833.00
43962.00
44064.00
43973.00
43812.00
43783.00
43890.00
43998.00
43902.00
43774.00
43736.00
43821.00
43931.00
43887.00
43733.00
43700.00
43807.00
43936.00
43914.00
43797.00
43784.00
43881.00
44054.00
44045.00
43942.00
43907.00
43987.00
44131.00
44083.00
43968.00
43889.00
43984.00
44139.00
44138.00
44036.00
43965.00
44011.00
44168.00
44148.00
44033.00
43919.00
43980.00
44102.00
44102.00
43945.00
43810.00
43844.00
43964.00
43963.00
43848.00
43723.00
43744.00
43875.00
43908.00
43783.00
43654.00
43656.00
43784.00
43839.00
43721.00
43547.00
43586.00
43700.00
43774.00
43688.00
43553.00
43546.00
43687.00
43782.00
43679.00
43541.00
43528.00
43660.00
43765.00
43676.00
43532.00
43536.00
43657.00
43752.00
43688.00
43513.00
43483.00
43613.00
43739.00
43687.00
43529.00
43479.00
43594.00
43738.00
43669.00
43504.00
43458.00
43565.00
43708.00
43661.00
43518.00
43440.00
43552.00
43702.00
43683.00
43513.00
43435.00
43526.00
43696.00
43673.00
43529.00
43428.00
43505.00
43692.00
43705.00
43560.00
43446.00
43508.00
43674.00
43680.00
43553.00
43428.00
43480.00
43637.00
43655.00
43546.00
43419.00
43456.00
43619.00
43656.00
43530.00
43408.00
43437.00
43608.00
43656.00
43549.00
43411.00
43429.00
43588.00
43656.00
43584.00
43433.00
43424.00
43584.00
43671.00
43581.00
43421.00
43423.00
43575.00
43676.00
43592.00
43441.00
43426.00
43556.00
43661.00
43595.00
43441.00
43408.00
43530.00
43660.00
43590.00
43453.00
43405.00
43511.00
43653.00
43598.00
43449.00
43400.00
43504.00
43654.00
43596.00
43475.00
43417.00
43500.00
43641.00
43622.00
43480.00
43391.00
43482.00
43634.00
43620.00
43485.00
43397.00
43470.00
43623.00
43633.00
43494.00
43409.00
43468.00
43626.00
43640.00
43523.00
43416.00
43466.00
43612.00
43621.00
43511.00
43397.00
43454.00
43598.00
43640.00
43517.00
43416.00
43433.00
43582.00
43626.00
43520.00
43411.00
43433.00
43580.00
43638.00
43555.00
43434.00
43455.00
43578.00
43657.00
43575.00
43449.00
43445.00
43588.00
43675.00
43604.00
43483.00
43467.00
43589.00
43692.00
43633.00
43500.00
43487.00
43610.00
43728.00
43678.00
43561.00
43552.00
43667.00
43826.00
43794.00
43681.00
43646.00
43762.00
43921.00
43899.00
43809.00
43781.00
43898.00
44101.00
44071.00
43992.00
43968.00
44076.00
44259.00
44275.00
44175.00
44135.00
44243.00
44383.00
44411.00
44346.00
44302.00
44392.00
44511.00
44529.00
44497.00
44446.00
44509.00
44607.00
44621.00
44563.00
44513.00
44522.00
44596.00
44608.00
44578.00
44525.00
44539.00
44578.00
44578.00
44551.00
44518.00
44520.00
44559.00
44588.00
44534.00
44488.00
44471.00
44504.00
44535.00
44511.00
44436.00
44428.00
44464.00
44513.00
44458.00
44390.00
44354.00
44385.00
44420.00
44370.00
44313.00
44324.00
44379.00
44435.00
44418.00
44377.00
44347.00
44388.00
44451.00
44443.00
44385.00
44349.00
44393.00
44472.00
44444.00
44401.00
44369.00
44396.00
44451.00
44432.00
44372.00
44329.00
44362.00
44439.00
44433.00
44390.00
44342.00
44366.00
44441.00
44433.00
44372.00
44320.00
44331.00
44391.00
44393.00
44344.00
44275.00
44285.00
44327.00
44357.00
44301.00
44240.00
44233.00
44288.00
44305.00
44266.00
44205.00
44214.00
44274.00
44304.00
44268.00
44221.00
44222.00
44278.00
44319.00
44280.00
44229.00
44235.00
44290.00
44310.00
44284.00
44232.00
44230.00
44274.00
44317.00
44296.00
44239.00
44241.00
44302.00
44352.00
44321.00
44271.00
44257.00
44317.00
44357.00
44342.00
44290.00
44287.00
44320.00
44375.00
44363.00
44317.00
44319.00
44362.00
44420.00
44403.00
44347.00
44316.00
44355.00
44414.00
44422.00
44360.00
44325.00
44362.00
44411.00
44415.00
44360.00
44334.00
44363.00
44399.00
44395.00
44359.00
44328.00
44337.00
44412.00
44417.00
44392.00
44348.00
44366.00
44421.00
44440.00
44392.00
44366.00
44394.00
44444.00
44480.00
44441.00
44397.00
44419.00
44458.00
44483.00
44455.00
44416.00
44419.00
44457.00
44495.00
44464.00
44419.00
44416.00
44458.00
44501.00
44464.00
44424.00
44437.00
44460.00
44514.00
44474.00
44423.00
44417.00
44460.00
44525.00
44492.00
44445.00
44431.00
44458.00
44510.00
44492.00
44446.00
44420.00
44449.00
44503.00
44492.00
44438.00
44411.00
44429.00
44474.00
44462.00
44416.00
44387.00
44419.00
44456.00
44455.00
44413.00
44380.00
44403.00
44463.00
44469.00
44422.00
44390.00
44409.00
44453.00
44497.00
44460.00
44439.00
44460.00
44518.00
44534.00
44503.00
44477.00
44481.00
44540.00
44554.00
44545.00
44509.00
44541.00
44586.00
44611.00
44586.00
44549.00
44577.00
44612.00
44632.00
44610.00
44564.00
44569.00
44619.00
44649.00
44630.00
44585.00
44580.00
44617.00
44641.00
44615.00
44563.00
44552.00
44578.00
44616.00
44592.00
44537.00
44515.00
44541.00
44578.00
44556.00
44527.00
44488.00
44527.00
44582.00
44561.00
44513.00
44495.00
44521.00
44564.00
44553.00
44521.00
44511.00
44545.00
44586.00
44585.00
44571.00
44567.00
44607.00
44654.00
44681.00
44662.00
44637.00
44668.00
44736.00
44750.00
44722.00
44708.00
44718.00
44785.00
44812.00
44771.00
44752.00
44776.00
44826.00
44842.00
44816.00
44796.00
44810.00
44877.00
44906.00
44885.00
44860.00
44858.00
44910.00
44942.00
44896.00
44878.00
44880.00
44919.00
44946.00
44916.00
44884.00
44882.00
44915.00
44957.00
44936.00
44892.00
44878.00
44898.00
44936.00
44897.00
44849.00
44810.00
44856.00
44874.00
44846.00
44810.00
44784.00
44806.00
44852.00
44857.00
44834.00
44826.00
44874.00
44939.00
44935.00
44917.00
44918.00
44969.00
45016.00
45017.00
44991.00
44973.00
44997.00
45045.00
45039.00
45012.00
44998.00
45009.00
45051.00
45060.00
45022.00
44976.00
45001.00
45044.00
45048.00
45011.00
44972.00
45006.00
45040.00
45044.00
45029.00
45001.00
45010.00
45060.00
45074.00
45040.00
45000.00
45009.00
45055.00
45083.00
45056.00
45013.00
45026.00
45075.00
45113.00
45090.00
45044.00
45035.00
45086.00
45106.00
45091.00
45032.00
45021.00
45058.00
45085.00
45054.00
45005.00
45002.00
45030.00
45077.00
45049.00
45000.00
44976.00
45012.00
45053.00
45029.00
44976.00
44971.00
44985.00
45039.00
45012.00
44982.00
44964.00
44971.00
45032.00
45013.00
44977.00
44947.00
44986.00
45031.00
45023.00
44983.00
44953.00
44981.00
45017.00
45037.00
44997.00
44979.00
44988.00
45051.00
45058.00
45015.00
44986.00
45002.00
45069.00
45098.00
45050.00
45010.00
45029.00
45078.00
45103.00
45066.00
45017.00
45010.00
45063.00
45081.00
45053.00
45018.00
45016.00
45052.00
45064.00
45009.00
44946.00
44931.00
44979.00
44991.00
44950.00
44865.00
44817.00
44825.00
44797.00
44736.00
44646.00
44640.00
44646.00
44664.00
44619.00
44552.00
44524.00
44556.00
44574.00
44534.00
44482.00
44468.00
44496.00
44535.00
44499.00
44443.00
44424.00
44450.00
44496.00
44483.00
44442.00
44405.00
44434.00
44475.00
44485.00
44422.00
44394.00
44427.00
44470.00
44478.00
44425.00
44398.00
44436.00
44475.00
44488.00
44458.00
44420.00
44449.00
44523.00
44517.00
44476.00
44461.00
44499.00
44545.00
44571.00
44517.00
44494.00
44510.00
44567.00
44586.00
44564.00
44520.00
44540.00
44607.00
44628.00
44608.00
44583.00
44594.00
44649.00
44687.00
44658.00
44638.00
44626.00
44696.00
44706.00
44683.00
44650.00
44633.00
44693.00
44719.00
44690.00
44630.00
44612.00
44638.00
44658.00
44632.00
44577.00
44537.00
44541.00
44546.00
44520.00
44460.00
44433.00
44439.00
44464.00
44426.00
44375.00
44321.00
44356.00
44374.00
44356.00
44318.00
44275.00
44293.00
44334.00
44299.00
44253.00
44219.00
44237.00
44297.00
44285.00
44223.00
44212.00
44236.00
44297.00
44293.00
44254.00
44235.00
44286.00
44333.00
44362.00
44319.00
44311.00
44336.00
44394.00
44422.00
44407.00
44376.00
44413.00
44491.00
44523.00
44515.00
44512.00
44540.00
44619.00
44660.00
44654.00
44633.00
44667.00
44738.00
44795.00
44769.00
44727.00
44728.00
44782.00
44821.00
44788.00
44744.00
44755.00
44781.00
44810.00
44762.00
44738.00
44729.00
44769.00
44822.00
44811.00
44783.00
44788.00
44814.00
44842.00
44831.00
44805.00
44829.00
44861.00
44913.00
44886.00
44852.00
44864.00
44947.00
45007.00
44953.00
44902.00
44891.00
44920.00
44986.00
45001.00
44973.00
44928.00
44939.00
44970.00
44956.00
44933.00
44920.00
44909.00
44926.00
44908.00
44862.00
44838.00
44851.00
44873.00
44863.00
44824.00
44766.00
44800.00
44848.00
44843.00
44813.00
44756.00
44731.00
44766.00
44764.00
44738.00
44707.00
44711.00
44739.00
44729.00
44699.00
44659.00
44675.00
44732.00
44749.00
44688.00
44649.00
44641.00
44704.00
44720.00
44671.00
44636.00
44621.00
44665.00
44685.00
44636.00
44584.00
44547.00
44580.00
44572.00
44493.00
44426.00
44404.00
44399.00
44374.00
44295.00
44194.00
44143.00
44160.00
44154.00
44112.00
44039.00
44001.00
44012.00
44040.00
44012.00
43931.00
43904.00
43939.00
44002.00
43986.00
43937.00
43899.00
43920.00
43977.00
43970.00
43904.00
43874.00
43920.00
43992.00
43997.00
43925.00
43892.00
43937.00
44039.00
44041.00
43995.00
43992.00
44034.00
44128.00
44147.00
44127.00
44086.00
44136.00
44186.00
44177.00
44108.00
44054.00
44081.00
44150.00
44173.00
44117.00
44049.00
44095.00
44167.00
44188.00
44135.00
44082.00
44093.00
44148.00
44173.00
44122.00
44058.00
44042.00
44084.00
44123.00
44052.00
43973.00
43952.00
44007.00
44012.00
43976.00
43888.00
43879.00
43926.00
43963.00
43944.00
43882.00
43871.00
43934.00
43987.00
43975.00
43935.00
43951.00
44017.00
44114.00
44138.00
44146.00
44199.00
44317.00
44425.00
44468.00
44483.00
44538.00
44643.00
44761.00
44826.00
44876.00
44931.00
45043.00
45166.00
45255.00
45296.00
45369.00
45507.00
45702.00
45854.00
46070.00
46344.00
46564.00
46715.00
46789.00
46827.00
46886.00
47009.00
47117.00
47157.00
47159.00
47197.00
47326.00
47507.00
47615.00
47653.00
47747.00
47855.00
47976.00
48036.00
48040.00
47989.00
48055.00
48228.00
48360.00
48400.00
48395.00
48458.00
48586.00
48678.00
48696.00
48716.00
48776.00
48852.00
48889.00
48869.00
48831.00
48858.00
48952.00
49001.00
48975.00
48945.00
48980.00
49053.00
49103.00
49064.00
48999.00
49015.00
49087.00
49128.00
49064.00
48990.00
48980.00
49030.00
49066.00
49031.00
48936.00
48905.00
48912.00
48950.00
48875.00
48754.00
48679.00
48661.00
48665.00
48584.00
48438.00
48315.00
48261.00
48245.00
48165.00
48004.00
47878.00
47806.00
47776.00
47657.00
47493.00
47337.00
47233.00
47153.00
47028.00
46866.00
46704.00
46622.00
46550.00
46429.00
46273.00
46147.00
46059.00
46016.00
45899.00
45769.00
45636.00
45562.00
45527.00
45430.00
45271.00
45104.00
45011.00
44982.00
44919.00
44821.00
44673.00
44617.00
44598.00
44558.00
44478.00
44382.00
44314.00
44330.00
44283.00
44223.00
44129.00
44098.00
44123.00
44098.00
44038.00
43961.00
43953.00
43986.00
44001.00
43940.00
43888.00
43862.00
43899.00
43939.00
43908.00
43870.00
43851.00
43914.00
43963.00
43957.00
43923.00
43948.00
44019.00
44105.00
44107.00
44066.00
44075.00
44169.00
44268.00
44307.00
44249.00
44229.00
44295.00
44364.00
44353.00
44304.00
44269.00
44314.00
44372.00
44358.00
44273.00
44219.00
44231.00
44274.00
44224.00
44134.00
44079.00
44081.00
44121.00
44080.00
43972.00
43925.00
43921.00
43976.00
43948.00
43882.00
43837.00
43854.00
43937.00
43924.00
43906.00
43862.00
43907.00
44024.00
44058.00
44050.00
44066.00
44136.00
44260.00
44347.00
44390.00
44417.00
44539.00
44734.00
44884.00
44965.00
45053.00
45219.00
45438.00
45615.00
45722.00
45815.00
45981.00
46223.00
46449.00
46575.00
46649.00
46732.00
46885.00
47058.00
47206.00
47320.00
47441.00
47594.00
47778.00
47917.00
48025.00
48165.00
48320.00
48429.00
48509.00
48571.00
48642.00
48768.00
48871.00
48936.00
48945.00
48987.00
49082.00
49171.00
49217.00
49219.00
49229.00
49267.00
49329.00
49304.00
49267.00
49285.00
49331.00
49363.00
49319.00
49237.00
49202.00
49230.00
49240.00
49187.00
49112.00
49047.00
49078.00
49061.00
48973.00
48846.00
48762.00
48743.00
48697.00
48590.00
48441.00
48292.00
48226.00
48213.00
48126.00
47977.00
47831.00
47759.00
47734.00
47642.00
47490.00
47323.00
47209.00
47112.00
47017.00
46854.00
46696.00
46575.00
46505.00
46413.00
46284.00
46136.00
46037.00
45989.00
45920.00
45811.00
45691.00
45612.00
45576.00
45497.00
45410.00
45291.00
45245.00
45220.00
45176.00
45070.00
44946.00
44877.00
44893.00
44871.00
44785.00
44677.00
44646.00
44690.00
44676.00
44587.00
44490.00
44443.00
44437.00
44436.00
44366.00
44261.00
44204.00
44208.00
44204.00
44157.00
44067.00
44009.00
44032.00
44050.00
44002.00
43951.00
43914.00
43942.00
43993.00
43955.00
43906.00
43871.00
43917.00
43955.00
43935.00
43874.00
43864.00
43909.00
43958.00
43944.00
43884.00
43833.00
43878.00
43934.00
43919.00
43851.00
43827.00
43861.00
43957.00
43945.00
43896.00
43888.00
43933.00
44032.00
44032.00
43973.00
43951.00
43989.00
44046.00
44040.00
43979.00
43943.00
43954.00
44016.00
44007.00
43935.00
43879.00
43884.00
43960.00
43975.00
43918.00
43872.00
43897.00
43964.00
43984.00
43957.00
43923.00
43952.00
44039.00
44134.00
44088.00
44099.00
44148.00
44278.00
44369.00
44392.00
44407.00
44506.00
44635.00
44752.00
44837.00
44886.00
44992.00
45123.00
45250.00
45307.00
45369.00
45482.00
45617.00
45724.00
45837.00
45920.00
46048.00
46196.00
46375.00
46487.00
46601.00
46739.00
46880.00
47047.00
47180.00
47284.00
47413.00
47539.00
47697.00
47773.00
47837.00
47923.00
48063.00
48223.00
48325.00
48392.00
48486.00
48648.00
48838.00
48968.00
49067.00
49111.00
49158.00
49206.00
49189.00
49146.00
49126.00
49186.00
49229.00
49201.00
49137.00
49107.00
49100.00
49149.00
49129.00
49095.00
49058.00
49109.00
49175.00
49144.00
49105.00
49074.00
49101.00
49132.00
49074.00
48993.00
48930.00
48933.00
48983.00
48933.00
48878.00
48869.00
48910.00
48989.00
48940.00
48860.00
48842.00
48875.00
48904.00
48826.00
48709.00
48585.00
48554.00
48563.00
48507.00
48417.00
48321.00
48278.00
48259.00
48204.00
48089.00
47962.00
47908.00
47932.00
47923.00
47821.00
47690.00
47593.00
47609.00
47579.00
47444.00
47317.00
47224.00
47190.00
47125.00
46984.00
46818.00
46735.00
46689.00
46638.00
46498.00
46325.00
46224.00
46197.00
46148.00
46050.00
45927.00
45849.00
45824.00
45758.00
45623.00
45472.00
45383.00
45343.00
45302.00
45179.00
45054.00
44978.00
44966.00
44959.00
44851.00
44751.00
44650.00
44662.00
44643.00
44589.00
44461.00
44404.00
44396.00
44411.00
44354.00
44286.00
44196.00
44198.00
44204.00
44134.00
44061.00
44012.00
44030.00
44051.00
44015.00
43946.00
43922.00
43935.00
43991.00
44001.00
43970.00
43948.00
44006.00
44091.00
44129.00
44086.00
44077.00
44113.00
44180.00
44173.00
44109.00
44067.00
44084.00
44143.00
44151.00
44075.00
44030.00
44042.00
44101.00
44108.00
44034.00
43965.00
43987.00
44025.00
44006.00
43949.00
43909.00
43907.00
43979.00
43986.00
43954.00
43921.00
43959.00
44050.00
44115.00
44123.00
44104.00
44157.00
44289.00
44357.00
44392.00
44428.00
44530.00
44682.00
44805.00
44870.00
44899.00
45010.00
45161.00
45323.00
45404.00
45460.00
45557.00
45708.00
45857.00
45953.00
46024.00
46162.00
46354.00
46513.00
46605.00
46639.00
46731.00
46907.00
47118.00
47259.00
47316.00
47422.00
47612.00
47806.00
47981.00
48105.00
48251.00
48402.00
48607.00
48736.00
48817.00
48891.00
49028.00
49164.00
49241.00
49272.00
49296.00
49346.00
49423.00
49438.00
49378.00
49330.00
49360.00
49368.00
49297.00
49191.00
49130.00
49133.00
49194.00
49160.00
49099.00
49056.00
49139.00
49244.00
49262.00
49192.00
49182.00
49221.00
49320.00
49312.00
49218.00
49138.00
49158.00
49238.00
49248.00
49200.00
49113.00
49087.00
49125.00
49138.00
49111.00
49035.00
48979.00
48969.00
48951.00
48862.00
48760.00
48712.00
48684.00
48610.00
48503.00
48369.00
48252.00
48180.00
48049.00
47918.00
47751.00
47641.00
47541.00
47446.00
47322.00
47179.00
47048.00
46968.00
46871.00
46756.00
46618.00
46518.00
46461.00
46367.00
46234.00
46107.00
46004.00
45940.00
45879.00
45726.00
45587.00
45509.00
45460.00
45434.00
45326.00
45205.00
45119.00
45089.00
45063.00
44954.00
44846.00
44774.00
44742.00
44691.00
44614.00
44532.00
44462.00
44433.00
44432.00
44348.00
44278.00
44217.00
44224.00
44217.00
44183.00
44108.00
44075.00
44080.00
44111.00
44071.00
43995.00
43983.00
44028.00
44114.00
44067.00
44030.00
44045.00
44113.00
44221.00
44226.00
44194.00
44214.00
44294.00
44390.00
44372.00
44341.00
44314.00
44358.00
44421.00
44410.00
44347.00
44298.00
44322.00
44385.00
44337.00
44236.00
44181.00
44206.00
44225.00
44202.00
44117.00
44051.00
44038.00
44085.00
44054.00
43985.00
43938.00
43968.00
44021.00
44020.00
43982.00
43968.00
44033.00
44135.00
44216.00
44215.00
44245.00
44345.00
44485.00
44584.00
44654.00
44729.00
44883.00
45075.00
45246.00
45352.00
45440.00
45585.00
45753.00
45944.00
46122.00
46277.00
46428.00
46631.00
46826.00
46953.00
47023.00
47149.00
47317.00
47506.00
47652.00
47738.00
47866.00
48025.00
48227.00
48378.00
48459.00
48568.00
48717.00
48857.00
49010.00
49119.00
49233.00
49371.00
49483.00
49518.00
49495.00
49479.00
49505.00
49559.00
49544.00
49548.00
49564.00
49577.00
49623.00
49607.00
49577.00
49576.00
49615.00
49653.00
49650.00
49631.00
49628.00
49640.00
49702.00
49677.00
49662.00
49637.00
49658.00
49699.00
49709.00
49682.00
49662.00
49711.00
49754.00
49744.00
49675.00
49595.00
49569.00
49571.00
49505.00
49404.00
49275.00
49214.00
49188.00
49130.00
49016.00
48928.00
48842.00
48774.00
48691.00
48591.00
48483.00
48383.00
48280.00
48176.00
48030.00
47920.00
47825.00
47765.00
47646.00
47498.00
47399.00
47301.00
47223.00
47066.00
46884.00
46719.00
46631.00
46595.00
46525.00
46394.00
46223.00
46146.00
46100.00
46033.00
45913.00
45797.00
45689.00
45637.00
45575.00
45461.00
45347.00
45266.00
45226.00
45164.00
45049.00
44926.00
44889.00
44851.00
44799.00
44688.00
44580.00
44539.00
44539.00
44513.00
44417.00
44306.00
44262.00
44266.00
44277.00
44216.00
44117.00
44092.00
44095.00
44131.00
44092.00
44035.00
44025.00
44093.00
44143.00
44131.00
44084.00
44118.00
44201.00
44299.00
44312.00
44298.00
44316.00
44400.00
44491.00
44478.00
44460.00
44442.00
44502.00
44564.00
44522.00
44481.00
44435.00
44460.00
44500.00
44471.00
44366.00
44329.00
44307.00
44348.00
44286.00
44196.00
44152.00
44134.00
44181.00
44132.00
44040.00
43978.00
44022.00
44079.00
44092.00
44057.00
44035.00
44107.00
44223.00
44270.00
44277.00
44318.00
44450.00
44601.00
44726.00
44769.00
44824.00
44949.00
45096.00
45201.00
45266.00
45329.00
45473.00
45676.00
45877.00
46053.00
46228.00
46427.00
46659.00
46863.00
47014.00
47128.00
47255.00
47376.00
47495.00
47589.00
47670.00
47844.00
48019.00
48183.00
48268.00
48305.00
48483.00
48663.00
48820.00
48882.00
48933.00
49037.00
49185.00
49317.00
49378.00
49399.00
49456.00
49577.00
49631.00
49622.00
49617.00
49608.00
49676.00
49714.00
49687.00
49648.00
49648.00
49726.00
49808.00
49767.00
49713.00
49724.00
49765.00
49831.00
49838.00
49807.00
49814.00
49846.00
49923.00
49911.00
49847.00
49832.00
49866.00
49904.00
49884.00
49829.00
49807.00
49855.00
49881.00
49805.00
49712.00
49660.00
49671.00
49689.00
49594.00
49480.00
49367.00
49370.00
49365.00
49269.00
49114.00
48968.00
48912.00
48903.00
48801.00
48662.00
48537.00
48470.00
48446.00
48341.00
48183.00
48012.00
47936.00
47863.00
47755.00
47570.00
47401.00
47253.00
47139.00
47039.00
46843.00
46651.00
46541.00
46464.00
46369.00
46246.00
46090.00
45988.00
45941.00
45852.00
45715.00
45561.00
45489.00
45455.00
45407.00
45288.00
45148.00
45050.00
45024.00
44985.00
44877.00
44754.00
44665.00
44654.00
44649.00
44578.00
44473.00
44409.00
44414.00
44411.00
44352.00
44263.00
44229.00
44257.00
44245.00
44202.00
44137.00
44121.00
44157.00
44172.00
44161.00
44098.00
44108.00
44170.00
44234.00
44208.00
44171.00
44180.00
44253.00
44326.00
44354.00
44323.00
44339.00
44380.00
44467.00
44419.00
44377.00
44358.00
44405.00
44447.00
44418.00
44336.00
44286.00
44302.00
44371.00
44310.00
44234.00
44166.00
44170.00
44243.00
44204.00
44120.00
44055.00
44073.00
44152.00
44130.00
44067.00
44045.00
44109.00
44208.00
44254.00
44211.00
44200.00
44271.00
44413.00
44476.00
44494.00
44523.00
44646.00
44821.00
44924.00
44986.00
45048.00
45241.00
45511.00
45717.00
45870.00
46025.00
46298.00
46605.00
46851.00
46945.00
47005.00
47147.00
47331.00
47479.00
47588.00
47650.00
47748.00
47972.00
48214.00
48399.00
48507.00
48652.00
48835.00
49045.00
49235.00
49365.00
49547.00
49740.00
49874.00
49935.00
49950.00
49988.00
50040.00
50035.00
49995.00
49936.00
49905.00
49876.00
49879.00
49814.00
49717.00
49666.00
49690.00
49733.00
49747.00
49698.00
49688.00
49753.00
49850.00
49841.00
49782.00
49752.00
49764.00
49800.00
49770.00
49709.00
49692.00
49688.00
49697.00
49667.00
49610.00
49558.00
49568.00
49606.00
49581.00
49541.00
49456.00
49444.00
49426.00
49349.00
49212.00
49070.00
49009.00
48974.00
48901.00
48777.00
48622.00
48487.00
48420.00
48346.00
48188.00
48010.00
47865.00
47737.00
47599.00
47460.00
47325.00
47227.00
47111.00
46962.00
46774.00
46640.00
46540.00
46480.00
46353.00
46176.00
45986.00
45898.00
45852.00
45798.00
45629.00
45487.00
45399.00
45341.00
45290.00
45174.00
45057.00
44995.00
44986.00
44941.00
44850.00
44761.00
44707.00
44720.00
44683.00
44608.00
44506.00
44452.00
44469.00
44460.00
44392.00
44304.00
44304.00
44353.00
44361.00
44311.00
44266.00
44248.00
44316.00
44351.00
44315.00
44236.00
44264.00
44337.00
44404.00
44395.00
44344.00
44369.00
44415.00
44505.00
44490.00
44426.00
44433.00
44500.00
44548.00
44534.00
44447.00
44439.00
44469.00
44532.00
44496.00
44398.00
44371.00
44395.00
44439.00
44372.00
44295.00
44247.00
44263.00
44311.00
44252.00
44180.00
44151.00
44183.00
44255.00
44250.00
44202.00
44201.00
44278.00
44355.00
44373.00
44377.00
44399.00
44490.00
44619.00
44721.00
44756.00
44844.00
44964.00
45127.00
45231.00
45287.00
45383.00
45534.00
45714.00
45847.00
45938.00
46097.00
46288.00
46529.00
46698.00
46848.00
47000.00
47257.00
47533.00
47734.00
47856.00
47980.00
48070.00
48156.00
48146.00
48108.00
48115.00
48217.00
48445.00
48576.00
48709.00
48851.00
49029.00
49237.00
49430.00
49568.00
49630.00
49699.00
49799.00
49862.00
49836.00
49769.00
49751.00
49766.00
49746.00
49660.00
49550.00
49486.00
49491.00
49501.00
49490.00
49454.00
49481.00
49554.00
49645.00
49681.00
49758.00
49918.00
50091.00
50168.00
50107.00
50040.00
50022.00
50002.00
49933.00
49785.00
49658.00
49621.00
49635.00
49608.00
49503.00
49390.00
49340.00
49323.00
49339.00
49268.00
49143.00
49069.00
49031.00
49038.00
48943.00
48811.00
48703.00
48635.00
48576.00
48427.00
48271.00
48114.00
48032.00
47992.00
47905.00
47770.00
47676.00
47618.00
47568.00
47469.00
47323.00
47186.00
47115.00
47076.00
46978.00
46846.00
46708.00
46675.00
46597.00
46487.00
46328.00
46179.00
46105.00
46067.00
45986.00
45843.00
45690.00
45610.00
45573.00
45521.00
45399.00
45256.00
45172.00
45147.00
45105.00
45024.00
44897.00
44843.00
44824.00
44788.00
44709.00
44615.00
44553.00
44565.00
44548.00
44453.00
44372.00
44316.00
44343.00
44379.00
44291.00
44222.00
44186.00
44234.00
44276.00
44241.00
44182.00
44188.00
44248.00
44322.00
44288.00
44242.00
44245.00
44317.00
44378.00
44363.00
44295.00
44283.00
44320.00
44384.00
44352.00
44276.00
44249.00
44296.00
44349.00
44324.00
44243.00
44207.00
44253.00
44319.00
44277.00
44207.00
44175.00
44198.00
44267.00
44242.00
44187.00
44171.00
44216.00
44297.00
44313.00
44264.00
44257.00
44325.00
44422.00
44464.00
44453.00
44501.00
44580.00
44736.00
44834.00
44894.00
44960.00
45119.00
45325.00
45490.00
45594.00
45704.00
45884.00
46133.00
46348.00
46490.00
46617.00
46828.00
47087.00
47255.00
47349.00
47447.00
47612.00
47839.00
48002.00
48156.00
48311.00
48517.00
48742.00
48921.00
49034.00
49138.00
49299.00
49508.00
49662.00
49709.00
49709.00
49779.00
49945.00
50053.00
50049.00
49972.00
49968.00
50025.00
50093.00
50053.00
49965.00
49955.00
50017.00
50075.00
50036.00
49970.00
49978.00
50040.00
50075.00
50035.00
50013.00
50040.00
50115.00
50166.00
50115.00
50028.00
50007.00
50063.00
50091.00
50049.00
49982.00
49943.00
50015.00
50032.00
49962.00
49840.00
49794.00
49801.00
49820.00
49766.00
49630.00
49528.00
49486.00
49462.00
49374.00
49246.00
49138.00
49075.00
49065.00
48959.00
48787.00
48627.00
48550.00
48490.00
48392.00
48210.00
48022.00
47928.00
47844.00
47738.00
47578.00
47416.00
47301.00
47205.00
47071.00
46904.00
46773.00
46693.00
46644.00
46531.00
46376.00
46224.00
46114.00
46020.00
45923.00
45782.00
45627.00
45539.00
45470.00
45381.00
45270.00
45144.00
45058.00
45014.00
44960.00
44827.00
44704.00
44603.00
44623.00
44593.00
44505.00
44400.00
44350.00
44375.00
44383.00
44348.00
44299.00
44296.00
44331.00
44359.00
44334.00
44284.00
44289.00
44351.00
44398.00
44397.00
44347.00
44356.00
44421.00
44509.00
44486.00
44457.00
44444.00
44510.00
44557.00
44553.00
44490.00
44485.00
44537.00
44583.00
44566.00
44498.00
44479.00
44505.00
44566.00
44550.00
44500.00
44453.00
44466.00
44534.00
44515.00
44443.00
44379.00
44430.00
44499.00
44468.00
44395.00
44329.00
44357.00
44400.00
44388.00
44302.00
44256.00
44272.00
44329.00
44345.00
44292.00
44268.00
44312.00
44403.00
44434.00
44427.00
44432.00
44493.00
44602.00
44685.00
44707.00
44750.00
44864.00
45019.00
45146.00
45223.00
45315.00
45456.00
45663.00
45841.00
45984.00
46064.00
46226.00
46450.00
46691.00
46869.00
46996.00
47160.00
47336.00
47540.00
47697.00
47819.00
47984.00
48204.00
48459.00
48613.00
48748.00
48901.00
49098.00
49257.00
49375.00
49434.00
49472.00
49568.00
49636.00
49636.00
49651.00
49768.00
49890.00
49967.00
49957.00
49975.00
49975.00
50026.00
50111.00
50129.00
50097.00
50092.00
50140.00
50198.00
50192.00
50107.00
50081.00
50094.00
50130.00
50063.00
49985.00
49955.00
49987.00
50046.00
50016.00
49970.00
49933.00
49982.00
50041.00
50015.00
49941.00
49888.00
49919.00
49993.00
49966.00
49877.00
49798.00
49804.00
49887.00
49887.00
49778.00
49665.00
49639.00
49681.00
49703.00
49644.00
49542.00
49495.00
49457.00
49379.00
49222.00
49023.00
48912.00
48876.00
48824.00
48702.00
48553.00
48439.00
48346.00
48254.00
48074.00
47893.00
47759.00
47641.00
47506.00
47314.00
47099.00
46991.00
46913.00
46835.00
46671.00
46454.00
46319.00
46239.00
46152.00
46011.00
45841.00
45730.00
45642.00
45566.00
45433.00
45308.00
45208.00
45162.00
45094.00
44969.00
44863.00
44777.00
44744.00
44702.00
44619.00
44509.00
44455.00
44478.00
44484.00
44444.00
44352.00
44311.00
44339.00
44389.00
44370.00
44327.00
44317.00
44374.00
44459.00
44487.00
44466.00
44466.00
44490.00
44591.00
44619.00
44586.00
44561.00
44605.00
44675.00
44674.00
44648.00
44624.00
44648.00
44712.00
44736.00
44664.00
44600.00
44616.00
44651.00
44627.00
44558.00
44486.00
44471.00
44508.00
44475.00
44399.00
44320.00
44301.00
44334.00
44332.00
44257.00
44207.00
44227.00
44281.00
44288.00
44287.00
44237.00
44272.00
44364.00
44430.00
44444.00
44439.00
44493.00
44622.00
44746.00
44799.00
44868.00
44986.00
45187.00
45387.00
45495.00
45635.00
45830.00
46070.00
46269.00
46387.00
46458.00
46590.00
46803.00
47038.00
47182.00
47281.00
47423.00
47615.00
47867.00
48069.00
48268.00
48449.00
48654.00
48903.00
49100.00
49224.00
49308.00
49416.00
49567.00
49625.00
49724.00
49829.00
49903.00
50060.00
50154.00
50146.00
50134.00
50204.00
50309.00
50320.00
50304.00
50280.00
50298.00
50341.00
50319.00
50244.00
50172.00
50198.00
50262.00
50217.00
50157.00
50075.00
50094.00
50156.00
50167.00
50120.00
50082.00
50069.00
50115.00
50150.00
50141.00
50121.00
50117.00
50160.00
50167.00
50135.00
50059.00
50085.00
50107.00
50103.00
50038.00
50024.00
50031.00
50069.00
50063.00
50007.00
49930.00
49909.00
49870.00
49828.00
49741.00
49655.00
49591.00
49544.00
49479.00
49355.00
49227.00
49140.00
49099.00
49003.00
48836.00
48626.00
48477.00
48388.00
48276.00
48075.00
47828.00
47675.00
47595.00
47520.00
47347.00
47132.00
46921.00
46821.00
46701.00
46566.00
46379.00
46237.00
46151.00
46082.00
45931.00
45738.00
45595.00
45516.00
45456.00
45336.00
45179.00
45048.00
44969.00
44940.00
44862.00
44751.00
44657.00
44618.00
44634.00
44594.00
44530.00
44486.00
44494.00
44560.00
44569.00
44554.00
44525.00
44562.00
44656.00
44674.00
44649.00
44622.00
44654.00
44735.00
44771.00
44735.00
44701.00
44714.00
44809.00
44836.00
44809.00
44759.00
44771.00
44834.00
44843.00
44807.00
44730.00
44707.00
44780.00
44787.00
44717.00
44638.00
44621.00
44644.00
44659.00
44596.00
44511.00
44494.00
44524.00
44550.00
44501.00
44419.00
44404.00
44468.00
44518.00
44466.00
44398.00
44387.00
44434.00
44485.00
44440.00
44351.00
44306.00
44345.00
44406.00
44380.00
44318.00
44305.00
44389.00
44479.00
44481.00
44457.00
44474.00
44567.00
44700.00
44763.00
44775.00
44834.00
44971.00
45151.00
45268.00
45343.00
45433.00
45535.00
45665.00
45735.00
45776.00
45858.00
46017.00
46224.00
46356.00
46473.00
46594.00
46792.00
47071.00
47282.00
47420.00
47592.00
47814.00
48109.00
48289.00
48436.00
48560.00
48729.00
48988.00
49155.00
49270.00
49352.00
49509.00
49718.00
49887.00
49958.00
50021.00
50148.00
50288.00
50399.00
50342.00
50271.00
50309.00
50350.00
50337.00
50283.00
50217.00
50178.00
50145.00
50125.00
50028.00
49931.00
49922.00
49965.00
50043.00
50009.00
49953.00
49955.00
50037.00
50095.00
50043.00
49960.00
49985.00
50069.00
50145.00
50121.00
49999.00
49934.00
49963.00
50013.00
49992.00
49906.00
49827.00
49851.00
49916.00
49880.00
49769.00
49695.00
49708.00
49740.00
49702.00
49639.00
49527.00
49480.00
49444.00
49397.00
49307.00
49213.00
49137.00
49083.00
49008.00
48878.00
48711.00
48592.00
48545.00
48433.00
48301.00
48149.00
48021.00
47966.00
47850.00
47728.00
47612.00
47573.00
47576.00
47518.00
47394.00
47270.00
47231.00
47210.00
47159.00
47059.00
46946.00
46876.00
46887.00
46893.00
46822.00
46781.00
46770.00
46824.00
46865.00
46858.00
46835.00
46878.00
46954.00
47023.00
47018.00
47007.00
47050.00
47130.00
47190.00
47167.00
47115.00
47109.00
47160.00
47199.00
47152.00
47082.00
47050.00
47086.00
47120.00
47105.00
47029.00
47025.00
47042.00
47089.00
47057.00
46972.00
46946.00
46942.00
46986.00
46927.00
46838.00
46778.00
46790.00
46807.00
46728.00
46613.00
46549.00
46528.00
46552.00
46476.00
46346.00
46232.00
46223.00
46218.00
46164.00
46013.00
45885.00
45840.00
45827.00
45741.00
45608.00
45476.00
45419.00
45401.00
45351.00
45240.00
45111.00
45047.00
45034.00
44983.00
44865.00
44796.00
44736.00
44760.00
44732.00
44652.00
44599.00
44580.00
44619.00
44622.00
44559.00
44497.00
44504.00
44582.00
44605.00
44578.00
44530.00
44557.00
44643.00
44698.00
44653.00
44612.00
44611.00
44684.00
44725.00
44711.00
44649.00
44660.00
44724.00
44783.00
44764.00
44682.00
44672.00
44720.00
44771.00
44722.00
44672.00
44631.00
44651.00
44694.00
44614.00
44534.00
44507.00
44522.00
44570.00
44526.00
44437.00
44410.00
44449.00
44515.00
44489.00
44447.00
44444.00
44489.00
44578.00
44607.00
44595.00
44600.00
44674.00
44800.00
44857.00
44894.00
44964.00
45119.00
45307.00
45403.00
45482.00
45586.00
45761.00
45981.00
46119.00
46239.00
46394.00
46595.00
46852.00
47043.00
47172.00
47311.00
47515.00
47720.00
47855.00
47890.00
47985.00
48150.00
48343.00
48522.00
48585.00
48673.00
48830.00
49019.00
49161.00
49198.00
49188.00
49276.00
49431.00
49570.00
49659.00
49729.00
49838.00
49947.00
50032.00
49993.00
49966.00
50062.00
50151.00
50224.00
50193.00
50141.00
50149.00
50208.00
50224.00
50184.00
50093.00
50082.00
50094.00
50136.00
50060.00
49919.00
49890.00
49937.00
49987.00
49959.00
49895.00
49877.00
49925.00
50000.00
50017.00
49950.00
49913.00
49939.00
50046.00
50070.00
49999.00
49935.00
49948.00
50003.00
50005.00
49946.00
49864.00
49861.00
49877.00
49839.00
49747.00
49654.00
49616.00
49624.00
49596.00
49517.00
49427.00
49393.00
49368.00
49300.00
49219.00
49101.00
49037.00
48988.00
48892.00
48724.00
48553.00
48448.00
48395.00
48294.00
48126.00
47952.00
47792.00
47701.00
47593.00
47444.00
47287.00
47179.00
47129.00
47015.00
46869.00
46688.00
46560.00
46483.00
46393.00
46234.00
46046.00
45919.00
45830.00
45722.00
45568.00
45427.00
45324.00
45247.00
45193.00
45096.00
44986.00
44917.00
44896.00
44854.00
44770.00
44684.00
44655.00
44662.00
44666.00
44597.00
44530.00
44503.00
44538.00
44584.00
44559.00
44502.00
44483.00
44555.00
44629.00
44634.00
44579.00
44565.00
44622.00
44723.00
44721.00
44672.00
44660.00
44694.00
44763.00
44749.00
44688.00
44645.00
44703.00
44761.00
44742.00
44678.00
44631.00
44660.00
44721.00
44722.00
44669.00
44626.00
44668.00
44717.00
44726.00
44660.00
44606.00
44635.00
44694.00
44687.00
44621.00
44555.00
44576.00
44632.00
44639.00
44607.00
44529.00
44546.00
44633.00
44646.00
44584.00
44524.00
44535.00
44596.00
44606.00
44556.00
44479.00
44488.00
44550.00
44573.00
44551.00
44475.00
44458.00
44531.00
44564.00
44518.00
44444.00
44424.00
44485.00
44535.00
44499.00
44429.00
44433.00
44491.00
44530.00
44494.00
44437.00
44406.00
44482.00
44534.00
44510.00
44455.00
44423.00
44488.00
44544.00
44513.00
44458.00
44417.00
44479.00
44549.00
44543.00
44485.00
44453.00
44504.00
44554.00
44539.00
44477.00
44436.00
44479.00
44542.00
44533.00
44490.00
44428.00
44470.00
44535.00
44542.00
44469.00
44432.00
44459.00
44522.00
44508.00
44452.00
44417.00
44427.00
44494.00
44502.00
44444.00
44408.00
44430.00
44515.00
44547.00
44506.00
44465.00
44490.00
44572.00
44603.00
44585.00
44557.00
44596.00
44697.00
44750.00
44773.00
44808.00
44945.00
45164.00
45341.00
45428.00
45509.00
45645.00
45846.00
46009.00
46107.00
46186.00
46340.00
46581.00
46786.00
46905.00
46998.00
47175.00
47378.00
47583.00
47671.00
47768.00
47972.00
48213.00
48382.00
48488.00
48545.00
48685.00
48914.00
49086.00
49131.00
49191.00
49328.00
49507.00
49658.00
49697.00
49703.00
49735.00
49856.00
50006.00
50064.00
50085.00
50120.00
50204.00
50314.00
50306.00
50286.00
50278.00
50293.00
50339.00
50324.00
50284.00
50257.00
50290.00
50311.00
50277.00
50222.00
50228.00
50315.00
50398.00
50404.00
50395.00
50406.00
50457.00
50502.00
50503.00
50480.00
50452.00
50476.00
50521.00
50496.00
50436.00
50410.00
50444.00
50540.00
50580.00
50572.00
50551.00
50561.00
50618.00
50621.00
50564.00
50517.00
50553.00
50603.00
50612.00
50563.00
50470.00
50399.00
50389.00
50357.00
50272.00
50170.00
50138.00
50174.00
50167.00
50034.00
49866.00
49801.00
49805.00
49756.00
49601.00
49417.00
49348.00
49353.00
49353.00
49243.00
49104.00
49048.00
49055.00
49004.00
48882.00
48697.00
48569.00
48474.00
48393.00
48227.00
48041.00
47900.00
47805.00
47711.00
47538.00
47332.00
47180.00
47106.00
47026.00
46857.00
46665.00
46507.00
46441.00
46405.00
46296.00
46116.00
45981.00
45919.00
45915.00
45793.00
45657.00
45546.00
45467.00
45469.00
45371.00
45248.00
45136.00
45094.00
45100.00
45021.00
44890.00
44813.00
44812.00
44848.00
44799.00
44722.00
44654.00
44671.00
44746.00
44762.00
44699.00
44658.00
44690.00
44757.00
44769.00
44711.00
44664.00
44690.00
44775.00
44803.00
44741.00
44679.00
44699.00
44763.00
44783.00
44746.00
44680.00
44686.00
44732.00
44749.00
44687.00
44621.00
44605.00
44677.00
44696.00
44642.00
44572.00
44550.00
44603.00
44616.00
44577.00
44518.00
44510.00
44566.00
44626.00
44581.00
44526.00
44541.00
44631.00
44724.00
44730.00
44704.00
44734.00
44846.00
44934.00
44960.00
44954.00
45015.00
45136.00
45252.00
45300.00
45349.00
45407.00
45544.00
45677.00
45750.00
45775.00
45869.00
46031.00
46162.00
46148.00
46069.00
46037.00
46098.00
46206.00
46260.00
46297.00
46378.00
46563.00
46758.00
46873.00
46970.00
47084.00
47224.00
47369.00
47438.00
47529.00
47622.00
47742.00
47865.00
47969.00
48027.00
48127.00
48254.00
48409.00
48487.00
48554.00
48615.00
48741.00
48877.00
48913.00
48965.00
49023.00
49137.00
49282.00
49419.00
49498.00
49584.00
49712.00
49862.00
49972.00
50009.00
50017.00
50043.00
50125.00
50179.00
50128.00
50055.00
50075.00
50140.00
50144.00
50061.00
49954.00
49932.00
49970.00
49981.00
49961.00
49895.00
49871.00
49908.00
49962.00
49969.00
49944.00
49954.00
50032.00
50104.00
50122.00
50085.00
50091.00
50063.00
50102.00
50093.00
50060.00
50049.00
50077.00
50121.00
50087.00
50045.00
50025.00
50065.00
50099.00
50041.00
49974.00
49929.00
49937.00
49939.00
49893.00
49794.00
49712.00
49657.00
49637.00
49581.00
49480.00
49396.00
49350.00
49313.00
49208.00
49078.00
48959.00
48868.00
48799.00
48686.00
48509.00
48354.00
48243.00
48165.00
47999.00
47797.00
47627.00
47512.00
47452.00
47356.00
47183.00
47025.00
46925.00
46848.00
46722.00
46576.00
46423.00
46352.00
46310.00
46215.00
46058.00
45915.00
45834.00
45796.00
45732.00
45603.00
45487.00
45418.00
45422.00
45384.00
45274.00
45177.00
45132.00
45149.00
45124.00
45038.00
44948.00
44918.00
44926.00
44954.00
44907.00
44809.00
44805.00
44826.00
44855.00
44825.00
44717.00
44696.00
44733.00
44772.00
44732.00
44648.00
44620.00
44667.00
44730.00
44672.00
44624.00
44621.00
44677.00
44726.00
44689.00
44617.00
44599.00
44658.00
44709.00
44706.00
44659.00
44650.00
44704.00
44797.00
44792.00
44742.00
44726.00
44763.00
44845.00
44837.00
44766.00
44742.00
44782.00
44849.00
44817.00
44750.00
44720.00
44736.00
44790.00
44770.00
44714.00
44663.00
44698.00
44749.00
44757.00
44690.00
44641.00
44677.00
44771.00
44773.00
44746.00
44738.00
44782.00
44896.00
44942.00
44942.00
44943.00
45006.00
45141.00
45216.00
45262.00
45313.00
45423.00
45576.00
45676.00
45724.00
45772.00
45862.00
45989.00
46054.00
46061.00
46059.00
46118.00
46252.00
46368.00
46463.00
46574.00
46745.00
46930.00
47139.00
47304.00
47407.00
47544.00
47660.00
47765.00
47866.00
47899.00
47967.00
48044.00
48163.00
48235.00
48285.00
48409.00
48525.00
48669.00
48759.00
48823.00
48926.00
49100.00
49256.00
49311.00
49368.00
49458.00
49590.00
49722.00
49771.00
49800.00
49865.00
49954.00
50082.00
50091.00
50102.00
50108.00
50163.00
50237.00
50195.00
50123.00
50112.00
50156.00
50223.00
50202.00
50135.00
50127.00
50163.00
50210.00
50210.00
50131.00
50091.00
50145.00
50193.00
50176.00
50116.00
50086.00
50122.00
50207.00
50217.00
50151.00
50109.00
50131.00
50192.00
50180.00
50106.00
50032.00
50055.00
50123.00
50113.00
50032.00
49951.00
49948.00
49998.00
49960.00
49860.00
49735.00
49673.00
49702.00
49671.00
49569.00
49447.00
49351.00
49334.00
49299.00
49178.00
49020.00
48893.00
48832.00
48738.00
48604.00
48447.00
48348.00
48286.00
48190.00
48037.00
47875.00
47773.00
47724.00
47641.00
47497.00
47322.00
47215.00
47136.00
47071.00
46933.00
46754.00
46616.00
46534.00
46451.00
46279.00
46091.00
45936.00
45870.00
45803.00
45681.00
45531.00
45407.00
45360.00
45343.00
45248.00
45129.00
45045.00
45030.00
45033.00
44974.00
