43088.00
43030.00
43038.00
43076.00
43125.00
43098.00
43044.00
43032.00
43064.00
43101.00
43087.00
43036.00
43036.00
43035.00
43116.00
43092.00
43055.00
43031.00
43050.00
43110.00
43097.00
43057.00
43035.00
43046.00
43124.00
43117.00
43059.00
43018.00
43051.00
43099.00
43108.00
43059.00
43038.00
43040.00
43100.00
43119.00
43073.00
43044.00
43029.00
43073.00
43097.00
43074.00
43035.00
43020.00
43066.00
43113.00
43065.00
43025.00
43013.00
43061.00
43095.00
43077.00
43015.00
43024.00
43064.00
43099.00
43081.00
43050.00
43021.00
43069.00
43114.00
43101.00
43037.00
43038.00
43053.00
43116.00
43097.00
43068.00
43031.00
43048.00
43099.00
43116.00
43064.00
43017.00
43044.00
43102.00
43110.00
43080.00
43018.00
43037.00
43092.00
43112.00
43078.00
43020.00
43031.00
43080.00
43114.00
43081.00
43040.00
43021.00
43069.00
43110.00
43070.00
43022.00
43023.00
43065.00
43112.00
43062.00
43035.00
43027.00
43068.00
43110.00
43110.00
43034.00
43028.00
43062.00
43113.00
43103.00
43047.00
43018.00
43049.00
43109.00
43095.00
43049.00
43009.00
43032.00
43085.00
43092.00
43045.00
43022.00
43018.00
43068.00
43074.00
43054.00
43002.00
43033.00
43076.00
43102.00
43055.00
43011.00
43016.00
43077.00
43116.00
43076.00
43011.00
43030.00
43079.00
43102.00
43063.00
43032.00
43009.00
43054.00
43112.00
43066.00
43034.00
43018.00
43056.00
43110.00
43085.00
43022.00
43012.00
43055.00
43100.00
43084.00
43032.00
42992.00
43049.00
43081.00
43087.00
43054.00
43006.00
43027.00
43095.00
43078.00
43056.00
42995.00
43030.00
43084.00
43095.00
43055.00
43005.00
43040.00
43075.00
43091.00
43047.00
43005.00
43029.00
43073.00
43103.00
43055.00
43006.00
43023.00
43057.00
43110.00
43070.00
42996.00
43023.00
43073.00
43103.00
43083.00
43023.00
43006.00
43040.00
43103.00
43074.00
43021.00
43006.00
43039.00
43102.00
43081.00
43031.00
43006.00
43045.00
43089.00
43072.00
43024.00
42992.00
43023.00
43090.00
43089.00
43032.00
42995.00
43032.00
43087.00
43093.00
43064.00
43000.00
43033.00
43093.00
43084.00
43054.00
43008.00
43019.00
43073.00
43085.00
43052.00
42999.00
43004.00
43066.00
43065.00
43065.00
43023.00
43035.00
43052.00
43091.00
43070.00
43010.00
43022.00
43048.00
43096.00
43065.00
43021.00
43001.00
43054.00
43119.00
43082.00
43031.00
43020.00
43045.00
43108.00
43088.00
43041.00
42992.00
43028.00
43077.00
43097.00
43036.00
42994.00
43034.00
43075.00
43085.00
43037.00
43016.00
43034.00
43073.00
43071.00
43040.00
42991.00
43013.00
43067.00
43077.00
43061.00
43002.00
43007.00
43073.00
43089.00
43061.00
43007.00
43013.00
43065.00
43086.00
43057.00
43001.00
43022.00
43051.00
43104.00
43063.00
43019.00
43018.00
43041.00
43108.00
43089.00
43027.00
43012.00
43045.00
43075.00
43080.00
43039.00
43009.00
43043.00
43080.00
43080.00
43019.00
42996.00
43029.00
43088.00
43097.00
43043.00
43014.00
43022.00
43085.00
43082.00
43041.00
43006.00
43018.00
43090.00
43074.00
43037.00
43008.00
43021.00
43083.00
43088.00
43068.00
43017.00
43026.00
43077.00
43101.00
43073.00
43023.00
43007.00
43080.00
43106.00
43074.00
43014.00
43014.00
43060.00
43093.00
43098.00
43044.00
43027.00
43061.00
43097.00
43093.00
43031.00
43027.00
43054.00
43107.00
43102.00
43038.00
43024.00
43037.00
43094.00
43075.00
43042.00
43012.00
43046.00
43109.00
43093.00
43048.00
43007.00
43027.00
43089.00
43126.00
43065.00
43007.00
43025.00
43085.00
43097.00
43055.00
43008.00
43024.00
43063.00
43111.00
43062.00
43016.00
43024.00
43064.00
43092.00
43066.00
43032.00
43042.00
43071.00
43103.00
43082.00
43002.00
43026.00
43047.00
43089.00
43059.00
43046.00
43005.00
43049.00
43108.00
43091.00
43034.00
43032.00
43064.00
43102.00
43093.00
43052.00
43006.00
43030.00
43084.00
43088.00
43040.00
42997.00
43024.00
43084.00
43097.00
43069.00
43023.00
43032.00
43084.00
43095.00
43044.00
43010.00
43044.00
43059.00
43092.00
43065.00
43013.00
43007.00
43057.00
43090.00
43062.00
43009.00
43018.00
43068.00
43105.00
43070.00
43006.00
43008.00
43048.00
43097.00
43072.00
43009.00
42992.00
43050.00
43075.00
43070.00
43025.00
43012.00
43043.00
43102.00
43085.00
43035.00
43024.00
43034.00
43088.00
43071.00
43048.00
43003.00
43034.00
43100.00
43090.00
43045.00
43013.00
43045.00
43087.00
43094.00
43045.00
43000.00
43025.00
43080.00
43101.00
43055.00
43016.00
43024.00
43081.00
43097.00
43083.00
43011.00
43014.00
43077.00
43106.00
43074.00
43039.00
43034.00
43063.00
43084.00
43072.00
43015.00
43024.00
43042.00
43098.00
43073.00
43021.00
43012.00
43040.00
43078.00
43077.00
43036.00
43007.00
43058.00
43105.00
43076.00
43037.00
43015.00
43047.00
43121.00
43088.00
43045.00
43017.00
43047.00
43100.00
43109.00
43047.00
43009.00
43022.00
43103.00
43106.00
43055.00
43004.00
43033.00
43092.00
43111.00
43065.00
43012.00
43013.00
43067.00
43104.00
43045.00
43005.00
43023.00
43074.00
43098.00
43076.00
43002.00
43026.00
43059.00
43083.00
43058.00
43003.00
43022.00
43070.00
43099.00
43066.00
43028.00
43011.00
43068.00
43102.00
43082.00
43020.00
43037.00
43064.00
43097.00
43092.00
43032.00
43007.00
43057.00
43111.00
43093.00
43034.00
42995.00
43050.00
43089.00
43067.00
43035.00
43005.00
43024.00
43093.00
43098.00
43048.00
43003.00
43042.00
43085.00
43101.00
43062.00
43024.00
43025.00
43093.00
43085.00
43055.00
43014.00
43027.00
43063.00
43100.00
43063.00
43028.00
43007.00
43061.00
43107.00
43067.00
43018.00
43022.00
43078.00
43104.00
43074.00
43035.00
43018.00
43059.00
43101.00
43071.00
43029.00
43006.00
43061.00
43095.00
43075.00
43008.00
42988.00
43020.00
43109.00
43073.00
43013.00
42993.00
43026.00
43095.00
43074.00
43022.00
43014.00
43023.00
43096.00
43095.00
43030.00
43017.00
43028.00
43095.00
43099.00
43045.00
43013.00
43020.00
43095.00
43087.00
43051.00
43009.00
43011.00
43064.00
43085.00
43050.00
43009.00
43018.00
43059.00
43101.00
43075.00
43017.00
43012.00
43061.00
43101.00
43081.00
43021.00
43003.00
43050.00
43111.00
43079.00
43026.00
43017.00
43047.00
43086.00
43074.00
43011.00
42993.00
43042.00
43088.00
43080.00
43022.00
42996.00
43033.00
43095.00
43082.00
43029.00
43014.00
43027.00
43076.00
43089.00
43027.00
42994.00
43015.00
43073.00
43075.00
43013.00
43006.00
43015.00
43077.00
43089.00
43045.00
43006.00
43022.00
43067.00
43075.00
43060.00
43010.00
43013.00
43079.00
43099.00
43052.00
43010.00
43018.00
43063.00
43093.00
43057.00
43021.00
43004.00
43051.00
43092.00
43069.00
43021.00
43021.00
43059.00
43093.00
43076.00
43017.00
43012.00
43078.00
43111.00
43103.00
43042.00
43024.00
43051.00
43102.00
43093.00
43035.00
42999.00
43035.00
43095.00
43092.00
43024.00
43013.00
43035.00
43081.00
43100.00
43043.00
43004.00
43039.00
43094.00
43090.00
43054.00
43005.00
43016.00
43077.00
43086.00
43054.00
43013.00
43037.00
43074.00
43085.00
43053.00
42990.00
43018.00
43063.00
43093.00
43051.00
43015.00
43007.00
43071.00
43093.00
43076.00
42996.00
43017.00
43039.00
43099.00
43072.00
43025.00
43012.00
43047.00
43113.00
43081.00
43038.00
43014.00
43047.00
43099.00
43087.00
43031.00
43005.00
43027.00
43089.00
43074.00
43041.00
42991.00
43019.00
43094.00
43095.00
43052.00
43006.00
43025.00
43098.00
43087.00
43049.00
43005.00
43038.00
43071.00
43094.00
43042.00
43010.00
43019.00
43066.00
43103.00
43071.00
43025.00
43023.00
43066.00
43100.00
43067.00
43007.00
43020.00
43075.00
43097.00
43074.00
43020.00
43006.00
43045.00
43083.00
43064.00
43019.00
43004.00
43050.00
43113.00
43066.00
43028.00
43017.00
43042.00
43116.00
43091.00
43020.00
43005.00
43061.00
43099.00
43070.00
43053.00
43020.00
43036.00
43095.00
43088.00
43035.00
42999.00
43042.00
43073.00
43093.00
43049.00
43007.00
43022.00
43076.00
43081.00
43054.00
42986.00
43013.00
43059.00
43083.00
43045.00
43000.00
43000.00
43055.00
43092.00
43049.00
42999.00
42991.00
43039.00
43093.00
43055.00
43017.00
43010.00
43052.00
43102.00
43077.00
43004.00
42987.00
43054.00
43090.00
43095.00
43019.00
43005.00
43043.00
43112.00
43073.00
43042.00
42981.00
43024.00
43093.00
43073.00
43035.00
42994.00
43025.00
43087.00
43075.00
43024.00
43010.00
43032.00
43102.00
43111.00
43057.00
43014.00
43033.00
43092.00
43086.00
43072.00
43015.00
43019.00
43070.00
43077.00
43059.00
43011.00
43022.00
43054.00
43091.00
43065.00
43012.00
43009.00
43059.00
43104.00
43079.00
43013.00
43025.00
43051.00
43105.00
43070.00
43022.00
43012.00
43041.00
43091.00
43074.00
43032.00
43013.00
43042.00
43123.00
43100.00
43041.00
43002.00
43030.00
43091.00
43074.00
43035.00
42999.00
43048.00
43114.00
43087.00
43048.00
43011.00
43013.00
43077.00
43089.00
43038.00
43037.00
43041.00
43088.00
43103.00
43059.00
43021.00
43020.00
43079.00
43107.00
43053.00
43019.00
43025.00
43067.00
43102.00
43067.00
43026.00
43007.00
43045.00
43101.00
43072.00
43004.00
43002.00
43061.00
43100.00
43066.00
43026.00
42998.00
43053.00
43077.00
43060.00
43024.00
43022.00
43041.00
43108.00
43071.00
43018.00
42999.00
43043.00
43093.00
43072.00
43028.00
43019.00
43044.00
43081.00
43083.00
43045.00
43003.00
43017.00
43089.00
43101.00
43042.00
43005.00
43006.00
43066.00
43081.00
43048.00
43018.00
43032.00
43089.00
43100.00
43075.00
43024.00
43019.00
43067.00
43112.00
43068.00
43006.00
43014.00
43047.00
43108.00
43086.00
43030.00
43021.00
43062.00
43097.00
43093.00
43050.00
43023.00
43061.00
43108.00
43073.00
43027.00
43012.00
43034.00
43104.00
43079.00
43044.00
43019.00
43048.00
43067.00
43086.00
43020.00
42995.00
43024.00
43103.00
43095.00
43039.00
43000.00
43023.00
43087.00
43109.00
43057.00
43023.00
43032.00
43079.00
43117.00
43063.00
43017.00
43024.00
43086.00
43114.00
43066.00
43014.00
43027.00
43066.00
43100.00
43083.00
43023.00
43018.00
43067.00
43116.00
43086.00
43016.00
43024.00
43079.00
43103.00
43068.00
43019.00
43015.00
43066.00
43089.00
43061.00
43028.00
43003.00
43042.00
43079.00
43089.00
43024.00
43004.00
43034.00
43091.00
43088.00
43023.00
42994.00
43046.00
43113.00
43097.00
43063.00
43003.00
43044.00
43097.00
43106.00
43043.00
43000.00
43036.00
43079.00
43088.00
43047.00
43018.00
43015.00
43078.00
43109.00
43055.00
43010.00
43021.00
43080.00
43099.00
43066.00
43012.00
43011.00
43073.00
43097.00
43067.00
43014.00
43003.00
43034.00
43075.00
43059.00
43005.00
42997.00
43045.00
43103.00
43077.00
43021.00
43008.00
43044.00
43085.00
43071.00
43018.00
43015.00
43029.00
43099.00
43079.00
43026.00
43019.00
43051.00
43087.00
43093.00
43056.00
43008.00
43048.00
43101.00
43079.00
43060.00
43016.00
43042.00
43086.00
43107.00
43055.00
43017.00
43028.00
43081.00
43100.00
43057.00
43022.00
43027.00
43068.00
43092.00
43053.00
42987.00
43016.00
43075.00
43104.00
43062.00
43016.00
43020.00
43056.00
43103.00
43067.00
43019.00
43001.00
43042.00
43099.00
43056.00
43021.00
42996.00
43028.00
43076.00
43072.00
43025.00
43026.00
43058.00
43104.00
43089.00
43043.00
43006.00
43044.00
43093.00
43094.00
43041.00
43020.00
43047.00
43090.00
43103.00
43065.00
43003.00
43033.00
43082.00
43107.00
43053.00
43002.00
43024.00
43075.00
43096.00
43055.00
43021.00
43038.00
43057.00
43078.00
43059.00
43018.00
43019.00
43070.00
43119.00
43069.00
43019.00
43024.00
43068.00
43111.00
43065.00
43030.00
43021.00
43052.00
43105.00
43076.00
43040.00
43022.00
43064.00
43101.00
43075.00
43033.00
43004.00
43028.00
43110.00
43098.00
43035.00
43006.00
43043.00
43085.00
43099.00
43039.00
43009.00
43033.00
43108.00
43095.00
43046.00
43017.00
43027.00
43077.00
43090.00
43034.00
42992.00
43022.00
43059.00
43100.00
43051.00
43009.00
43014.00
43084.00
43093.00
43064.00
43008.00
43019.00
43088.00
43086.00
43077.00
43021.00
43011.00
43050.00
43093.00
43062.00
43012.00
43017.00
43056.00
43091.00
43087.00
43019.00
43014.00
43039.00
43090.00
43084.00
43021.00
42997.00
43029.00
43094.00
43072.00
43029.00
43011.00
43022.00
43092.00
43055.00
43020.00
43002.00
43002.00
43045.00
43062.00
43020.00
42990.00
43011.00
43068.00
43084.00
43040.00
43010.00
43006.00
43067.00
43070.00
43044.00
43001.00
42995.00
43063.00
43072.00
43040.00
42983.00
43008.00
43032.00
43083.00
43046.00
42987.00
43005.00
43046.00
43071.00
43051.00
43010.00
42993.00
43038.00
43081.00
43065.00
43031.00
43010.00
43064.00
43108.00
43096.00
43043.00
43020.00
43075.00
43133.00
43106.00
43055.00
43045.00
43077.00
43141.00
43120.00
43086.00
43049.00
43085.00
43168.00
43163.00
43111.00
43074.00
43098.00
43155.00
43161.00
43110.00
43066.00
43077.00
43133.00
43126.00
43099.00
43032.00
43033.00
43076.00
43101.00
43058.00
43002.00
42990.00
43053.00
43101.00
43070.00
43014.00
43023.00
43101.00
43138.00
43117.00
43071.00
43075.00
43133.00
43190.00
43181.00
43153.00
43176.00
43225.00
43304.00
43305.00
43282.00
43319.00
43378.00
43475.00
43509.00
43516.00
43513.00
43584.00
43702.00
43732.00
43707.00
43718.00
43804.00
43893.00
43939.00
43925.00
43906.00
43934.00
44032.00
44077.00
44038.00
44019.00
44069.00
44154.00
44180.00
44130.00
44089.00
44123.00
44173.00
44203.00
44175.00
44138.00
44136.00
44203.00
44246.00
44201.00
44147.00
44155.00
44221.00
44274.00
44254.00
44205.00
44194.00
44261.00
44323.00
44301.00
44245.00
44229.00
44288.00
44354.00
44331.00
44278.00
44272.00
44323.00
44383.00
44370.00
44310.00
44305.00
44346.00
44385.00
44419.00
44364.00
44331.00
44375.00
44447.00
44449.00
44378.00
44338.00
44371.00
44423.00
44447.00
44379.00
44334.00
44351.00
44420.00
44430.00
44374.00
44331.00
44346.00
44384.00
44444.00
44389.00
44343.00
44327.00
44399.00
44437.00
44390.00
44338.00
44342.00
44415.00
44442.00
44405.00
44351.00
44327.00
44393.00
44435.00
44413.00
44353.00
44327.00
44377.00
44426.00
44402.00
44342.00
44317.00
44354.00
44422.00
44405.00
44353.00
44313.00
44353.00
44442.00
44426.00
44355.00
44325.00
44356.00
44418.00
44421.00
44355.00
44322.00
44343.00
44424.00
44425.00
44382.00
44328.00
44361.00
44416.00
44431.00
44380.00
44323.00
44352.00
44425.00
44438.00
44383.00
44337.00
44326.00
44403.00
44441.00
44395.00
44334.00
44349.00
44402.00
44440.00
44410.00
44334.00
44335.00
44391.00
44444.00
44412.00
44351.00
44328.00
44384.00
44438.00
44420.00
44338.00
44339.00
44370.00
44432.00
44415.00
44328.00
44319.00
44368.00
44421.00
44405.00
44349.00
44320.00
44368.00
44411.00
44415.00
44357.00
44324.00
44347.00
44416.00
44421.00
44367.00
44333.00
44374.00
44416.00
44441.00
44377.00
44338.00
44346.00
44428.00
44431.00
44373.00
44330.00
44348.00
44414.00
44439.00
44391.00
44320.00
44341.00
44385.00
44422.00
44392.00
44330.00
44332.00
44391.00
44443.00
44413.00
44333.00
44329.00
44370.00
44427.00
44396.00
44355.00
44328.00
44386.00
44445.00
44415.00
44362.00
44330.00
44375.00
44444.00
44424.00
44371.00
44351.00
44378.00
44442.00
44443.00
44383.00
44341.00
44381.00
44439.00
44428.00
44378.00
44329.00
44367.00
44424.00
44446.00
44382.00
44339.00
44362.00
44429.00
44426.00
44387.00
44345.00
44353.00
44414.00
44424.00
44370.00
44323.00
44355.00
44404.00
44429.00
44389.00
44331.00
44355.00
44404.00
44457.00
44414.00
44357.00
44338.00
44400.00
44446.00
44407.00
44368.00
44345.00
44397.00
44453.00
44401.00
44347.00
44348.00
44394.00
44439.00
44436.00
44357.00
44329.00
44380.00
44437.00
44434.00
44365.00
44349.00
44370.00
44436.00
44446.00
44381.00
44355.00
44377.00
44452.00
44437.00
44387.00
44339.00
44374.00
44429.00
44438.00
44390.00
44340.00
44373.00
44433.00
44437.00
44390.00
44330.00
44356.00
44429.00
44452.00
44419.00
44349.00
44361.00
44404.00
44453.00
44414.00
44354.00
44352.00
44408.00
44448.00
44406.00
44356.00
44347.00
44410.00
44471.00
44437.00
44367.00
44350.00
44393.00
44456.00
44427.00
44363.00
44334.00
44390.00
44435.00
44443.00
44359.00
44361.00
44390.00
44455.00
44435.00
44389.00
44371.00
44397.00
44457.00
44458.00
44379.00
44348.00
44361.00
44443.00
44453.00
44378.00
44335.00
44366.00
44433.00
44443.00
44401.00
44350.00
44367.00
44428.00
44433.00
44376.00
44340.00
44357.00
44423.00
44444.00
44411.00
44330.00
44356.00
44432.00
44442.00
44396.00
44351.00
44366.00
44418.00
44466.00
44411.00
44361.00
44355.00
44407.00
44454.00
44411.00
44355.00
44364.00
44401.00
44476.00
44428.00
44380.00
44347.00
44404.00
44467.00
44432.00
44358.00
44345.00
44391.00
44451.00
44430.00
44380.00
44360.00
44395.00
44460.00
44427.00
44386.00
44350.00
44375.00
44442.00
44457.00
44405.00
44350.00
44361.00
44447.00
44459.00
44405.00
44354.00
44363.00
44437.00
44442.00
44424.00
44370.00
44366.00
44412.00
44446.00
44380.00
44346.00
44351.00
44411.00
44445.00
44412.00
44350.00
44336.00
44414.00
44445.00
44421.00
44364.00
44363.00
44429.00
44482.00
44453.00
44399.00
44391.00
44469.00
44520.00
44501.00
44440.00
44435.00
44492.00
44547.00
44545.00
44499.00
44476.00
44538.00
44628.00
44627.00
44599.00
44602.00
44704.00
44799.00
44846.00
44844.00
44881.00
44977.00
45118.00
45182.00
45188.00
45217.00
45315.00
45455.00
45542.00
45539.00
45565.00
45629.00
45751.00
45815.00
45807.00
45788.00
45861.00
45950.00
46020.00
46000.00
45961.00
46003.00
46100.00
46140.00
46136.00
46077.00
46127.00
46196.00
46251.00
46221.00
46183.00
46189.00
46259.00
46321.00
46317.00
46253.00
46268.00
46320.00
46388.00
46379.00
46309.00
46316.00
46366.00
46447.00
46424.00
46356.00
46355.00
46415.00
46497.00
46484.00
46418.00
46413.00
46474.00
46541.00
46538.00
46471.00
46445.00
46506.00
46556.00
46567.00
46506.00
46474.00
46495.00
46576.00
46574.00
46514.00
46447.00
46487.00
46563.00
46583.00
46511.00
46458.00
46476.00
46550.00
46565.00
46521.00
46473.00
46497.00
46553.00
46590.00
46531.00
46478.00
46470.00
46539.00
46575.00
46549.00
46499.00
46494.00
46553.00
46585.00
46565.00
46498.00
46492.00
46550.00
46595.00
46552.00
46496.00
46495.00
46531.00
46597.00
46574.00
46507.00
46486.00
46535.00
46595.00
46565.00
46500.00
46498.00
46546.00
46611.00
46583.00
46522.00
46506.00
46540.00
46604.00
46605.00
46540.00
46507.00
46543.00
46604.00
46607.00
46549.00
46498.00
46523.00
46598.00
46608.00
46556.00
46514.00
46529.00
46608.00
46600.00
46560.00
46522.00
46527.00
46612.00
46624.00
46570.00
46524.00
46529.00
46597.00
46619.00
46591.00
46518.00
46522.00
46585.00
46629.00
46587.00
46523.00
46526.00
46579.00
46642.00
46599.00
46546.00
46529.00
46590.00
46638.00
46604.00
46554.00
46539.00
46583.00
46641.00
46624.00
46543.00
46536.00
46580.00
46654.00
46622.00
46565.00
46529.00
46565.00
46642.00
46634.00
46573.00
46544.00
46583.00
46656.00
46633.00
46579.00
46542.00
46576.00
46647.00
46637.00
46575.00
46527.00
46567.00
46641.00
46631.00
46584.00
46533.00
46549.00
46618.00
46622.00
46568.00
46535.00
46542.00
46602.00
46636.00
46594.00
46533.00
46551.00
46617.00
46632.00
46603.00
46536.00
46539.00
46597.00
46630.00
46590.00
46529.00
46512.00
46586.00
46615.00
46592.00
46527.00
46521.00
46564.00
46615.00
46579.00
46514.00
46506.00
46560.00
46618.00
46592.00
46533.00
46499.00
46547.00
46623.00
46587.00
46520.00
46489.00
46554.00
46608.00
46591.00
46536.00
46520.00
46547.00
46624.00
46603.00
46546.00
46512.00
46547.00
46605.00
46630.00
46551.00
46506.00
46545.00
46607.00
46618.00
46568.00
46501.00
46533.00
46597.00
46621.00
46565.00
46507.00
46527.00
46600.00
46626.00
46571.00
46511.00
46523.00
46599.00
46616.00
46577.00
46510.00
46517.00
46591.00
46627.00
46571.00
46520.00
46519.00
46586.00
46612.00
46590.00
46536.00
46526.00
46583.00
46630.00
46580.00
46526.00
46527.00
46576.00
46631.00
46619.00
46534.00
46519.00
46577.00
46632.00
46618.00
46551.00
46521.00
46556.00
46612.00
46605.00
46548.00
46506.00
46546.00
46618.00
46603.00
46531.00
46519.00
46529.00
46605.00
46619.00
46567.00
46517.00
46543.00
46605.00
46619.00
46544.00
46510.00
46522.00
46589.00
46608.00
46560.00
46508.00
46528.00
46600.00
46605.00
46567.00
46494.00
46519.00
46594.00
46614.00
46574.00
46508.00
46514.00
46585.00
46607.00
46570.00
46504.00
46515.00
46576.00
46598.00
46580.00
46514.00
46508.00
46582.00
46622.00
46576.00
46496.00
46497.00
46555.00
46630.00
46593.00
46529.00
46511.00
46570.00
46624.00
46578.00
46533.00
46504.00
46556.00
46615.00
46588.00
46532.00
46513.00
46540.00
46606.00
46609.00
46543.00
46504.00
46538.00
46611.00
46597.00
46537.00
46505.00
46530.00
46608.00
46608.00
46548.00
46504.00
46528.00
46590.00
46609.00
46567.00
46506.00
46538.00
46593.00
46607.00
46566.00
46518.00
46527.00
46604.00
46608.00
46564.00
46513.00
46514.00
46589.00
46628.00
46569.00
46521.00
46527.00
46588.00
46623.00
46592.00
46513.00
46513.00
46572.00
46623.00
46578.00
46534.00
46514.00
46566.00
46602.00
46582.00
46515.00
46504.00
46563.00
46610.00
46584.00
46538.00
46517.00
46561.00
46630.00
46594.00
46535.00
46507.00
46535.00
46616.00
46599.00
46513.00
46510.00
46542.00
46613.00
46608.00
46553.00
46513.00
46547.00
46614.00
46597.00
46534.00
46507.00
46540.00
46595.00
46623.00
46562.00
46501.00
46531.00
46610.00
46615.00
46556.00
46511.00
46552.00
46604.00
46625.00
46564.00
46514.00
46523.00
46581.00
46610.00
46565.00
46518.00
46535.00
46578.00
46608.00
46595.00
46524.00
46533.00
46582.00
46628.00
46575.00
46528.00
46516.00
46573.00
46624.00
46597.00
46543.00
46524.00
46571.00
46660.00
46619.00
46575.00
46562.00
46643.00
46711.00
46682.00
46640.00
46629.00
46699.00
46772.00
46775.00
46728.00
46721.00
46754.00
46856.00
46856.00
46802.00
46792.00
46854.00
46928.00
46930.00
46888.00
46843.00
46905.00
46966.00
46984.00
46932.00
46907.00
46937.00
47020.00
47022.00
46981.00
46938.00
46984.00
47061.00
47074.00
47036.00
46985.00
47029.00
47090.00
47117.00
47077.00
47026.00
47041.00
47119.00
47146.00
47111.00
47063.00
47066.00
47147.00
47172.00
47155.00
47090.00
47102.00
47184.00
47211.00
47199.00
47143.00
47132.00
47181.00
47254.00
47228.00
47150.00
47140.00
47206.00
47258.00
47264.00
47180.00
47158.00
47192.00
47274.00
47244.00
47186.00
47149.00
47202.00
47253.00
47243.00
47178.00
47128.00
47162.00
47237.00
47218.00
47162.00
47121.00
47157.00
47227.00
47212.00
47149.00
47119.00
47139.00
47197.00
47217.00
47151.00
47102.00
47110.00
47190.00
47202.00
47152.00
47115.00
47123.00
47197.00
47214.00
47159.00
47108.00
47122.00
47184.00
47203.00
47170.00
47114.00
47127.00
47171.00
47199.00
47162.00
47112.00
47095.00
47157.00
47213.00
47170.00
47098.00
47111.00
47132.00
47200.00
47165.00
47106.00
47119.00
47141.00
47207.00
47173.00
47110.00
47090.00
47142.00
47197.00
47185.00
47116.00
47079.00
47138.00
47200.00
47183.00
47119.00
47074.00
47121.00
47194.00
47190.00
47132.00
47097.00
47142.00
47208.00
47167.00
47128.00
47107.00
47119.00
47185.00
47189.00
47122.00
47080.00
47110.00
47172.00
47206.00
47153.00
47086.00
47120.00
47174.00
47202.00
47141.00
47089.00
47102.00
47165.00
47181.00
47150.00
47079.00
47089.00
47153.00
47200.00
47150.00
47086.00
47091.00
47152.00
47195.00
47169.00
47084.00
47084.00
47138.00
47201.00
47148.00
47081.00
47071.00
47126.00
47178.00
47165.00
47086.00
47064.00
47128.00
47192.00
47167.00
47089.00
47053.00
47111.00
47184.00
47166.00
47093.00
47073.00
47109.00
47178.00
47160.00
47114.00
47066.00
47099.00
47179.00
47189.00
47126.00
47078.00
47107.00
47172.00
47191.00
47113.00
47084.00
47094.00
47160.00
47185.00
47127.00
47069.00
47108.00
47180.00
47180.00
47136.00
47087.00
47091.00
47162.00
47204.00
47131.00
47082.00
47085.00
47162.00
47193.00
47142.00
47060.00
47086.00
47139.00
47182.00
47153.00
47076.00
47084.00
47120.00
47186.00
47142.00
47081.00
47081.00
47115.00
47184.00
47158.00
47087.00
47078.00
47137.00
47199.00
47171.00
47116.00
47082.00
47127.00
47184.00
47169.00
47114.00
47082.00
47122.00
47176.00
47172.00
47121.00
47065.00
47102.00
47185.00
47180.00
47123.00
47080.00
47114.00
47195.00
47181.00
47127.00
47078.00
47095.00
47187.00
47200.00
47139.00
47086.00
47100.00
47179.00
47201.00
47158.00
47082.00
47096.00
47167.00
47186.00
47140.00
47092.00
47093.00
47157.00
47188.00
47147.00
47078.00
47077.00
47139.00
47180.00
47135.00
47079.00
47074.00
47139.00
47175.00
47145.00
47074.00
47077.00
47133.00
47189.00
47170.00
47082.00
47060.00
47119.00
47191.00
47150.00
47097.00
47072.00
47120.00
47175.00
47164.00
47091.00
47067.00
47107.00
47171.00
47176.00
47105.00
47067.00
47100.00
47176.00
47159.00
47115.00
47067.00
47097.00
47168.00
47181.00
47127.00
47077.00
47104.00
47162.00
47158.00
47127.00
47075.00
47088.00
47164.00
47179.00
47136.00
47082.00
47081.00
47151.00
47183.00
47131.00
47075.00
47091.00
47163.00
47185.00
47161.00
47092.00
47080.00
47144.00
47189.00
47136.00
47080.00
47077.00
47131.00
47176.00
47140.00
47086.00
47064.00
47119.00
47159.00
47151.00
47063.00
47063.00
47108.00
47188.00
47161.00
47093.00
47058.00
47098.00
47175.00
47167.00
47105.00
47076.00
47110.00
47170.00
47168.00
47100.00
47062.00
47104.00
47161.00
47171.00
47116.00
47070.00
47110.00
47167.00
47155.00
47114.00
47073.00
47086.00
47162.00
47162.00
47138.00
47069.00
47102.00
47161.00
47177.00
47137.00
47084.00
47083.00
47151.00
47178.00
47144.00
47094.00
47078.00
47137.00
47170.00
47144.00
47062.00
47065.00
47113.00
47163.00
47146.00
47085.00
47074.00
47120.00
47188.00
47150.00
47080.00
47070.00
47111.00
47178.00
47150.00
47090.00
47059.00
47105.00
47174.00
47155.00
47104.00
47069.00
47097.00
47164.00
47152.00
47099.00
47070.00
47082.00
47163.00
47150.00
47097.00
47045.00
47086.00
47153.00
47167.00
47100.00
47065.00
47078.00
47151.00
47173.00
47116.00
47067.00
47093.00
47153.00
47178.00
47120.00
47059.00
47079.00
47132.00
47164.00
47137.00
47068.00
47074.00
47130.00
47172.00
47132.00
47080.00
47063.00
47121.00
47168.00
47134.00
47069.00
47054.00
47126.00
47176.00
47143.00
47088.00
47075.00
47115.00
47184.00
47154.00
47079.00
47052.00
47108.00
47171.00
47153.00
47085.00
47059.00
47108.00
47185.00
47176.00
47120.00
47085.00
47123.00
47193.00
47202.00
47135.00
47108.00
47133.00
47211.00
47221.00
47154.00
47120.00
47171.00
47230.00
47248.00
47202.00
47165.00
47183.00
47251.00
47275.00
47219.00
47194.00
47207.00
47289.00
47320.00
47280.00
47233.00
47243.00
47312.00
47373.00
47346.00
47278.00
47289.00
47356.00
47401.00
47394.00
47333.00
47336.00
47400.00
47475.00
47433.00
47383.00
47388.00
47436.00
47493.00
47477.00
47429.00
47431.00
47484.00
47547.00
47532.00
47484.00
47462.00
47496.00
47570.00
47574.00
47502.00
47461.00
47502.00
47573.00
47568.00
47519.00
47481.00
47511.00
47585.00
47591.00
47513.00
47478.00
47507.00
47587.00
47579.00
47544.00
47508.00
47529.00
47584.00
47601.00
47561.00
47489.00
47510.00
47554.00
47592.00
47537.00
47482.00
47502.00
47528.00
47585.00
47533.00
47494.00
47484.00
47550.00
47564.00
47548.00
47481.00
47481.00
47520.00
47556.00
47533.00
47481.00
47459.00
47509.00
47554.00
47526.00
47465.00
47441.00
47496.00
47563.00
47528.00
47461.00
47457.00
47480.00
47555.00
47531.00
47474.00
47430.00
47481.00
47549.00
47531.00
47473.00
47430.00
47485.00
47532.00
47527.00
47471.00
47450.00
47472.00
47528.00
47531.00
47487.00
47428.00
47461.00
47527.00
47537.00
47495.00
47436.00
47479.00
47519.00
47544.00
47507.00
47444.00
47450.00
47515.00
47549.00
47505.00
47454.00
47455.00
47517.00
47535.00
47518.00
47447.00
47453.00
47500.00
47532.00
47499.00
47444.00
47438.00
47491.00
47529.00
47502.00
47447.00
47435.00
47477.00
47528.00
47516.00
47450.00
47429.00
47463.00
47539.00
47520.00
47455.00
47435.00
47461.00
47546.00
47498.00
47464.00
47424.00
47453.00
47526.00
47514.00
47453.00
47422.00
47467.00
47516.00
47516.00
47458.00
47415.00
47437.00
47503.00
47500.00
47458.00
47419.00
47433.00
47500.00
47491.00
47465.00
47413.00
47429.00
47500.00
47523.00
47479.00
47423.00
47434.00
47486.00
47517.00
47478.00
47428.00
47430.00
47489.00
47509.00
47494.00
47416.00
47422.00
47471.00
47525.00
47481.00
47420.00
47429.00
47462.00
47502.00
47489.00
47433.00
47411.00
47464.00
47513.00
47489.00
47428.00
47407.00
47443.00
47523.00
47485.00
47441.00
47406.00
47446.00
47506.00
47493.00
47443.00
47418.00
47452.00
47507.00
47496.00
47445.00
47411.00
47450.00
47509.00
47501.00
47461.00
47403.00
47434.00
47502.00
47504.00
47455.00
47409.00
47432.00
47497.00
47505.00
47454.00
47410.00
47421.00
47481.00
47501.00
47465.00
47403.00
47416.00
47468.00
47500.00
47451.00
47402.00
47415.00
47467.00
47489.00
47450.00
47401.00
47398.00
47450.00
47502.00
47456.00
47417.00
47385.00
47430.00
47487.00
47470.00
47397.00
47384.00
47439.00
47490.00
47459.00
47406.00
47377.00
47433.00
47495.00
47490.00
47412.00
47381.00
47433.00
47488.00
47477.00
47423.00
47386.00
47420.00
47489.00
47469.00
47437.00
47385.00
47424.00
47486.00
47485.00
47430.00
47385.00
47400.00
47462.00
47484.00
47449.00
47393.00
47415.00
47476.00
47486.00
47440.00
47394.00
47412.00
47480.00
47501.00
47453.00
47399.00
47401.00
47473.00
47485.00
47461.00
47411.00
47402.00
47462.00
47495.00
47458.00
47414.00
47405.00
47463.00
47490.00
47451.00
47406.00
47396.00
47455.00
47500.00
47471.00
47409.00
47390.00
47451.00
47501.00
47470.00
47411.00
47407.00
47457.00
47508.00
47487.00
47419.00
47388.00
47435.00
47494.00
47489.00
47431.00
47405.00
47451.00
47493.00
47483.00
47433.00
47394.00
47427.00
47480.00
47496.00
47423.00
47382.00
47409.00
47485.00
47491.00
47428.00
47388.00
47412.00
47481.00
47492.00
47440.00
47388.00
47400.00
47459.00
47493.00
47439.00
47396.00
47402.00
47466.00
47488.00
47448.00
47376.00
47393.00
47463.00
47488.00
47456.00
47395.00
47396.00
47444.00
47494.00
47451.00
47394.00
47399.00
47440.00
47487.00
47462.00
47401.00
47386.00
47439.00
47491.00
47456.00
47410.00
47393.00
47429.00
47484.00
47469.00
47403.00
47398.00
47442.00
47508.00
47469.00
47408.00
47384.00
47442.00
47499.00
47496.00
47425.00
47392.00
47427.00
47489.00
47483.00
47437.00
47372.00
47408.00
47486.00
47484.00
47413.00
47377.00
47408.00
47468.00
47469.00
47423.00
47375.00
47404.00
47468.00
47478.00
47446.00
47397.00
47397.00
47464.00
47476.00
47421.00
47381.00
47393.00
47455.00
47480.00
47434.00
47368.00
47398.00
47435.00
47469.00
47440.00
47377.00
47393.00
47439.00
47487.00
47446.00
47391.00
47378.00
47443.00
47485.00
47445.00
47391.00
47376.00
47429.00
47474.00
47461.00
47387.00
47368.00
47414.00
47475.00
47435.00
47391.00
47382.00
47430.00
47487.00
47470.00
47418.00
47377.00
47430.00
47487.00
47460.00
47404.00
47374.00
47426.00
47478.00
47476.00
47402.00
47384.00
47411.00
47474.00
47478.00
47406.00
47371.00
47384.00
47454.00
47468.00
47426.00
47386.00
47395.00
47458.00
47469.00
47416.00
47371.00
47382.00
47455.00
47466.00
47428.00
47371.00
47381.00
47428.00
47460.00
47422.00
47365.00
47377.00
47442.00
47488.00
47426.00
47370.00
47375.00
47429.00
47466.00
47425.00
47369.00
47365.00
47394.00
47443.00
47406.00
47340.00
47332.00
47386.00
47445.00
47399.00
47340.00
47327.00
47354.00
47410.00
47389.00
47310.00
47288.00
47306.00
47367.00
47342.00
47265.00
47212.00
47235.00
47283.00
47255.00
47176.00
47110.00
47136.00
47197.00
47170.00
47096.00
47056.00
47034.00
47095.00
47080.00
47011.00
46942.00
46952.00
46993.00
46994.00
46908.00
46847.00
46852.00
46885.00
46888.00
46828.00
46777.00
46763.00
46806.00
46821.00
46753.00
46687.00
46684.00
46714.00
46736.00
46694.00
46619.00
46612.00
46645.00
46666.00
46602.00
46519.00
46503.00
46549.00
46563.00
46529.00
46436.00
46426.00
46449.00
46497.00
46465.00
46384.00
46338.00
46368.00
46425.00
46390.00
46315.00
46292.00
46326.00
46352.00
46352.00
46286.00
46256.00
46267.00
46306.00
46292.00
46228.00
46194.00
46225.00
46274.00
46275.00
46215.00
46184.00
46196.00
46277.00
46257.00
46208.00
46167.00
46207.00
46277.00
46262.00
46235.00
46174.00
46220.00
46294.00
46299.00
46249.00
46210.00
46234.00
46278.00
46305.00
46258.00
46211.00
46225.00
46298.00
46318.00
46269.00
46216.00
46227.00
46279.00
46304.00
46276.00
46207.00
46220.00
46256.00
46300.00
46272.00
46199.00
46201.00
46257.00
46295.00
46255.00
46210.00
46187.00
46249.00
46299.00
46276.00
46212.00
46196.00
46248.00
46309.00
46270.00
46209.00
46185.00
46224.00
46295.00
46284.00
46219.00
46186.00
46248.00
46293.00
46294.00
46235.00
46196.00
46229.00
46295.00
46291.00
46227.00
46195.00
46211.00
46277.00
46279.00
46232.00
46174.00
46219.00
46279.00
46264.00
46220.00
46183.00
46208.00
46278.00
46294.00
46247.00
46188.00
46189.00
46265.00
46293.00
46258.00
46193.00
46215.00
46253.00
46293.00
46258.00
46185.00
46205.00
46272.00
46293.00
46266.00
46196.00
46195.00
46255.00
46300.00
46265.00
46210.00
46205.00
46271.00
46297.00
46268.00
46208.00
46201.00
46249.00
46303.00
46284.00
46207.00
46194.00
46233.00
46288.00
46274.00
46207.00
46193.00
46219.00
46287.00
46277.00
46230.00
46179.00
46232.00
46293.00
46265.00
46237.00
46183.00
46215.00
46270.00
46278.00
46214.00
46180.00
46219.00
46277.00
46270.00
46234.00
46182.00
46219.00
46266.00
46278.00
46236.00
46172.00
46181.00
46254.00
46276.00
46236.00
46169.00
46207.00
46248.00
46269.00
46234.00
46192.00
46192.00
46263.00
46295.00
46243.00
46180.00
46195.00
46262.00
46282.00
46251.00
46187.00
46180.00
46241.00
46291.00
46254.00
46192.00
46183.00
46241.00
46288.00
46249.00
46170.00
46183.00
46220.00
46285.00
46260.00
46189.00
46173.00
46215.00
46268.00
46247.00
46206.00
46178.00
46209.00
46265.00
46267.00
46208.00
46179.00
46203.00
46260.00
46248.00
46202.00
46160.00
46205.00
46260.00
46262.00
46203.00
46171.00
46205.00
46262.00
46269.00
46215.00
46174.00
46190.00
46249.00
46265.00
46223.00
46182.00
46188.00
46244.00
46284.00
46240.00
46164.00
46184.00
46249.00
46283.00
46225.00
46181.00
46187.00
46235.00
46272.00
46230.00
46177.00
46170.00
46224.00
46270.00
46233.00
46167.00
46182.00
46232.00
46274.00
46226.00
46161.00
46168.00
46217.00
46273.00
46222.00
46179.00
46170.00
46202.00
46262.00
46236.00
46195.00
46152.00
46204.00
46280.00
46244.00
46191.00
46152.00
46213.00
46275.00
46251.00
46192.00
46164.00
46202.00
46263.00
46242.00
46188.00
46138.00
46197.00
46267.00
46245.00
46203.00
46164.00
46197.00
46230.00
46251.00
46210.00
46156.00
46184.00
46248.00
46268.00
46224.00
46177.00
46193.00
46267.00
46272.00
46224.00
46177.00
46185.00
46257.00
46264.00
46222.00
46157.00
46172.00
46237.00
46282.00
46222.00
46177.00
46187.00
46246.00
46286.00
46233.00
46182.00
46186.00
46229.00
46284.00
46234.00
46175.00
46174.00
46213.00
46281.00
46241.00
46194.00
46180.00
46210.00
46287.00
46253.00
46193.00
46165.00
46218.00
46278.00
46258.00
46197.00
46159.00
46218.00
46266.00
46257.00
46201.00
46163.00
46208.00
46266.00
46256.00
46202.00
46173.00
46194.00
46261.00
46260.00
46195.00
46174.00
46178.00
46275.00
46262.00
46201.00
46157.00
46194.00
46264.00
46257.00
46227.00
46156.00
46188.00
46247.00
46283.00
46236.00
46182.00
46194.00
46245.00
46278.00
46229.00
46175.00
46183.00
46237.00
46268.00
46242.00
46172.00
46180.00
46225.00
46270.00
46229.00
46168.00
46174.00
46222.00
46262.00
46214.00
46175.00
46177.00
46221.00
46284.00
46254.00
46172.00
46167.00
46205.00
46275.00
46248.00
46192.00
46162.00
46204.00
46275.00
46250.00
46194.00
46157.00
46180.00
46256.00
46247.00
46190.00
46142.00
46195.00
46240.00
46227.00
46161.00
46131.00
46163.00
46221.00
46209.00
46141.00
46102.00
46121.00
46173.00
46169.00
46094.00
46030.00
46032.00
46093.00
46099.00
46018.00
45954.00
45944.00
45986.00
45970.00
45914.00
45845.00
45831.00
45873.00
45859.00
45793.00
45719.00
45688.00
45729.00
45734.00
45667.00
45595.00
45565.00
45590.00
45592.00
45546.00
45467.00
45456.00
45444.00
45481.00
45399.00
45332.00
45311.00
45324.00
45341.00
45282.00
45209.00
45163.00
45187.00
45208.00
45159.00
45068.00
45039.00
45056.00
45083.00
45081.00
45015.00
44974.00
44999.00
45058.00
45039.00
44987.00
44953.00
44977.00
45047.00
45036.00
44986.00
44953.00
44964.00
45034.00
45045.00
44971.00
44950.00
44971.00
45026.00
45026.00
44984.00
44923.00
44942.00
45009.00
45023.00
44977.00
44925.00
44948.00
44991.00
45002.00
44950.00
44908.00
44912.00
44973.00
45005.00
44964.00
44897.00
44897.00
44958.00
44992.00
44942.00
44886.00
44891.00
44944.00
44989.00
44943.00
44899.00
44884.00
44932.00
44956.00
44949.00
44894.00
44862.00
44916.00
44948.00
44946.00
44882.00
44882.00
44918.00
44971.00
44949.00
44900.00
44880.00
44923.00
44996.00
44979.00
44925.00
44894.00
44920.00
44987.00
44989.00
44945.00
44903.00
44930.00
44978.00
44985.00
44952.00
44907.00
44940.00
45006.00
44993.00
44955.00
44892.00
44925.00
44989.00
45002.00
44961.00
44887.00
44920.00
44964.00
45004.00
44952.00
44899.00
44916.00
44970.00
44995.00
44949.00
44887.00
44915.00
44973.00
45004.00
44967.00
44920.00
44910.00
44972.00
45016.00
44969.00
44925.00
44921.00
44945.00
45002.00
44977.00
44912.00
44902.00
44947.00
44991.00
44977.00
44912.00
44894.00
44921.00
45002.00
44973.00
44912.00
44900.00
44942.00
44990.00
44980.00
44927.00
44882.00
44929.00
45000.00
44988.00
44935.00
44897.00
44931.00
44991.00
44989.00
44933.00
44888.00
44913.00
44979.00
45004.00
44928.00
44899.00
44913.00
44979.00
44990.00
44943.00
44888.00
44896.00
44984.00
44995.00
44960.00
44891.00
44901.00
44960.00
44997.00
44954.00
44907.00
44894.00
44963.00
44988.00
44945.00
44899.00
44886.00
44947.00
44981.00
44951.00
44882.00
44882.00
44933.00
44983.00
44948.00
44921.00
44884.00
44917.00
44968.00
44963.00
44898.00
44876.00
44931.00
44972.00
44953.00
44901.00
44859.00
44904.00
44977.00
44965.00
44918.00
44885.00
44905.00
44970.00
44953.00
44915.00
44879.00
44902.00
44969.00
44959.00
44924.00
44889.00
44916.00
44969.00
44980.00
44949.00
44894.00
44898.00
44960.00
44956.00
44925.00
44901.00
44891.00
44956.00
44984.00
44935.00
44898.00
44904.00
44933.00
44975.00
44943.00
44881.00
44893.00
44932.00
44964.00
44950.00
44875.00
44883.00
44928.00
44971.00
44955.00
44896.00
44872.00
44909.00
44967.00
44925.00
44884.00
44874.00
44930.00
44953.00
44947.00
44884.00
44872.00
44903.00
44956.00
44943.00
44908.00
44872.00
44909.00
44982.00
44955.00
44905.00
44873.00
44903.00
44952.00
44965.00
44917.00
44876.00
44885.00
44953.00
44951.00
44915.00
44880.00
44895.00
44948.00
44963.00
44929.00
44881.00
44887.00
44945.00
44977.00
44931.00
44892.00
44867.00
44922.00
44976.00
44942.00
44887.00
44879.00
44920.00
44967.00
44944.00
44880.00
44879.00
44920.00
44967.00
44955.00
44892.00
44882.00
44928.00
44970.00
44956.00
44883.00
44879.00
44920.00
44957.00
44949.00
44908.00
44866.00
44904.00
44946.00
44950.00
44896.00
44875.00
44903.00
44954.00
44964.00
44917.00
44878.00
44899.00
44958.00
44956.00
44905.00
44861.00
44875.00
44948.00
44956.00
44927.00
44876.00
44878.00
44948.00
44971.00
44916.00
44871.00
44881.00
44918.00
44962.00
44923.00
44879.00
44886.00
44935.00
44980.00
44938.00
44887.00
44881.00
44946.00
44976.00
44947.00
44881.00
44887.00
44925.00
44961.00
44932.00
44899.00
44876.00
44923.00
44964.00
44943.00
44890.00
44880.00
44897.00
44958.00
44943.00
44893.00
44863.00
44884.00
44941.00
44934.00
44910.00
44861.00
44882.00
44944.00
44941.00
44889.00
44852.00
44886.00
44947.00
44952.00
44901.00
44858.00
44877.00
44934.00
44962.00
44917.00
44866.00
44886.00
44950.00
44958.00
44911.00
44885.00
44879.00
44939.00
44954.00
44925.00
44880.00
44878.00
44919.00
44944.00
44929.00
44870.00
44870.00
44908.00
44960.00
44937.00
44878.00
44867.00
44899.00
44954.00
44950.00
44880.00
44859.00
44894.00
44957.00
44929.00
44892.00
44844.00
44884.00
44936.00
44952.00
44885.00
44850.00
44871.00
44939.00
44935.00
44885.00
44861.00
44873.00
44931.00
44930.00
44897.00
44843.00
44850.00
44919.00
44945.00
44887.00
44847.00
44861.00
44909.00
44944.00
44889.00
44855.00
44850.00
44898.00
44951.00
44907.00
44859.00
44831.00
44890.00
44933.00
44904.00
44851.00
44853.00
44871.00
44953.00
44903.00
44864.00
44851.00
44868.00
44927.00
44915.00
44851.00
44839.00
44879.00
44918.00
44907.00
44866.00
44827.00
44850.00
44894.00
44886.00
44818.00
44763.00
44767.00
44808.00
44786.00
44708.00
44612.00
44598.00
44626.00
44590.00
44521.00
44434.00
44390.00
44409.00
44406.00
44322.00
44236.00
44205.00
44216.00
44198.00
44125.00
44019.00
43971.00
43968.00
44011.00
43944.00
43848.00
43829.00
43814.00
43847.00
43776.00
43695.00
43662.00
43649.00
43686.00
43657.00
43580.00
43558.00
43564.00
43621.00
43592.00
43530.00
43465.00
43489.00
43538.00
43521.00
43480.00
43439.00
43453.00
43497.00
43502.00
43456.00
43420.00
43428.00
43491.00
43501.00
43456.00
43413.00
43419.00
43479.00
43486.00
43451.00
43374.00
43363.00
43428.00
43467.00
43407.00
43395.00
43375.00
43388.00
43438.00
43409.00
43362.00
43360.00
43393.00
43433.00
43412.00
43371.00
43342.00
43364.00
43428.00
43410.00
43374.00
43337.00
43364.00
43411.00
43388.00
43351.00
43326.00
43351.00
43398.00
43402.00
43349.00
43320.00
43348.00
43397.00
43405.00
43377.00
43329.00
43333.00
43389.00
43412.00
43372.00
43316.00
43315.00
43374.00
43398.00
43370.00
43307.00
43317.00
43360.00
43391.00
43358.00
43323.00
43303.00
43347.00
43389.00
43382.00
43308.00
43295.00
43328.00
43384.00
43371.00
43318.00
43291.00
43335.00
43386.00
43380.00
43335.00
43294.00
43314.00
43381.00
43364.00
43331.00
43282.00
43314.00
43364.00
43375.00
43334.00
43293.00
43306.00
43369.00
43369.00
43337.00
43269.00
43294.00
43343.00
43397.00
43348.00
43292.00
43281.00
43329.00
43374.00
43346.00
43290.00
43307.00
43332.00
43367.00
43339.00
43291.00
43273.00
43330.00
43360.00
43335.00
43304.00
43278.00
43295.00
43372.00
43353.00
43297.00
43275.00
43304.00
43355.00
43350.00
43315.00
43283.00
43301.00
43360.00
43353.00
43323.00
43283.00
43286.00
43332.00
43363.00
43312.00
43279.00
43289.00
43345.00
43372.00
43315.00
43279.00
43285.00
43335.00
43361.00
43327.00
43275.00
43270.00
43323.00
43354.00
43330.00
43267.00
43273.00
43313.00
43363.00
43335.00
43283.00
43262.00
43288.00
43358.00
43339.00
43305.00
43260.00
43294.00
43331.00
43325.00
43296.00
43247.00
43282.00
43346.00
43334.00
43291.00
43255.00
43268.00
43332.00
43320.00
43297.00
43251.00
43268.00
43316.00
43335.00
43291.00
43250.00
43250.00
43303.00
43352.00
43311.00
43275.00
43263.00
43277.00
43340.00
43304.00
43269.00
43239.00
43283.00
43330.00
43309.00
43262.00
43244.00
43275.00
43331.00
43318.00
43251.00
43239.00
43268.00
43307.00
43321.00
43277.00
43237.00
43265.00
43320.00
43325.00
43273.00
43248.00
43250.00
43309.00
43300.00
43277.00
43227.00
43252.00
43302.00
43313.00
43292.00
43251.00
43224.00
43285.00
43330.00
43290.00
43247.00
43243.00
43279.00
43312.00
43280.00
43240.00
43222.00
43267.00
43297.00
43273.00
43235.00
43203.00
43249.00
43305.00
43282.00
43242.00
43206.00
43241.00
43279.00
43280.00
43235.00
43219.00
43241.00
43291.00
43297.00
43255.00
43204.00
43233.00
43270.00
43300.00
43278.00
43240.00
43228.00
43281.00
43312.00
43279.00
43230.00
43242.00
43276.00
43296.00
43271.00
43212.00
43215.00
43259.00
43304.00
43287.00
43226.00
43218.00
43260.00
43287.00
43273.00
43208.00
43210.00
43243.00
43280.00
43285.00
43240.00
43189.00
43236.00
43286.00
43263.00
43232.00
43183.00
43226.00
43280.00
43280.00
43229.00
43182.00
43220.00
43274.00
43292.00
43238.00
43200.00
43219.00
43266.00
43278.00
43244.00
43214.00
43216.00
43244.00
43300.00
43266.00
43217.00
43216.00
43257.00
43293.00
43264.00
43221.00
43212.00
43250.00
43292.00
43278.00
43226.00
43202.00
43242.00
43286.00
43284.00
43215.00
43190.00
43218.00
43293.00
43281.00
43244.00
43194.00
43209.00
43268.00
43286.00
43245.00
43199.00
43211.00
43264.00
43275.00
43224.00
43198.00
43209.00
43260.00
43280.00
43246.00
43201.00
43202.00
43252.00
43284.00
43262.00
43214.00
43204.00
43231.00
43285.00
43260.00
43214.00
43203.00
43239.00
43284.00
43269.00
43217.00
43206.00
43233.00
43277.00
43278.00
43231.00
43194.00
43214.00
43272.00
43258.00
43202.00
43195.00
43226.00
43276.00
43279.00
43224.00
43190.00
43196.00
43255.00
43275.00
43236.00
43196.00
43208.00
43249.00
43272.00
43249.00
43196.00
43195.00
