43481.00
43509.00
43562.00
43539.00
43485.00
43458.00
43504.00
43577.00
43559.00
43515.00
43494.00
43515.00
43573.00
43548.00
43502.00
43479.00
43495.00
43543.00
43530.00
43494.00
43467.00
43488.00
43545.00
43558.00
43505.00
43468.00
43490.00
43539.00
43558.00
43515.00
43480.00
43477.00
43542.00
43556.00
43514.00
43482.00
43465.00
43529.00
43559.00
43521.00
43446.00
43488.00
43503.00
43546.00
43524.00
43480.00
43473.00
43534.00
43571.00
43532.00
43477.00
43471.00
43519.00
43552.00
43513.00
43460.00
43465.00
43517.00
43568.00
43550.00
43493.00
43466.00
43519.00
43562.00
43539.00
43481.00
43481.00
43512.00
43550.00
43537.00
43487.00
43457.00
43497.00
43530.00
43526.00
43476.00
43477.00
43486.00
43544.00
43539.00
43485.00
43453.00
43470.00
43556.00
43537.00
43508.00
43479.00
43481.00
43548.00
43553.00
43494.00
43452.00
43481.00
43527.00
43532.00
43506.00
43453.00
43469.00
43525.00
43533.00
43491.00
43452.00
43480.00
43540.00
43554.00
43506.00
43459.00
43459.00
43512.00
43552.00
43512.00
43478.00
43472.00
43530.00
43571.00
43534.00
43469.00
43483.00
43553.00
43585.00
43553.00
43521.00
43520.00
43579.00
43628.00
43613.00
43565.00
43551.00
43616.00
43644.00
43648.00
43580.00
43588.00
43638.00
43703.00
43670.00
43624.00
43616.00
43667.00
43730.00
43720.00
43672.00
43666.00
43692.00
43774.00
43743.00
43722.00
43721.00
43762.00
43817.00
43832.00
43807.00
43790.00
43822.00
43883.00
43879.00
43836.00
43825.00
43856.00
43905.00
43904.00
43860.00
43825.00
43860.00
43916.00
43945.00
43882.00
43860.00
43867.00
43926.00
43940.00
43883.00
43835.00
43868.00
43918.00
43937.00
43886.00
43849.00
43860.00
43895.00
43927.00
43896.00
43855.00
43848.00
43900.00
43935.00
43902.00
43864.00
43858.00
43901.00
43934.00
43926.00
43861.00
43864.00
43919.00
43956.00
43940.00
43903.00
43892.00
43938.00
43971.00
43935.00
43889.00
43873.00
43906.00
43961.00
43952.00
43903.00
43896.00
43920.00
43963.00
43929.00
43879.00
43857.00
43910.00
43953.00
43951.00
43910.00
43867.00
43918.00
43962.00
43958.00
43920.00
43879.00
43926.00
43958.00
43934.00
43905.00
43872.00
43884.00
43922.00
43906.00
43878.00
43834.00
43825.00
43874.00
43863.00
43825.00
43791.00
43802.00
43850.00
43862.00
43826.00
43795.00
43816.00
43865.00
43883.00
43831.00
43802.00
43813.00
43839.00
43884.00
43852.00
43804.00
43796.00
43834.00
43861.00
43841.00
43796.00
43791.00
43831.00
43857.00
43829.00
43765.00
43753.00
43782.00
43794.00
43754.00
43723.00
43697.00
43737.00
43775.00
43752.00
43678.00
43669.00
43709.00
43728.00
43725.00
43670.00
43654.00
43678.00
43738.00
43719.00
43664.00
43630.00
43671.00
43711.00
43681.00
43624.00
43593.00
43600.00
43642.00
43640.00
43579.00
43556.00
43595.00
43619.00
43612.00
43560.00
43527.00
43534.00
43581.00
43584.00
43529.00
43504.00
43519.00
43570.00
43575.00
43534.00
43502.00
43516.00
43559.00
43579.00
43532.00
43477.00
43483.00
43500.00
43521.00
43500.00
43450.00
43457.00
43509.00
43510.00
43481.00
43423.00
43412.00
43452.00
43473.00
43449.00
43377.00
43373.00
43417.00
43459.00
43425.00
43366.00
43386.00
43421.00
43459.00
43425.00
43388.00
43389.00
43435.00
43481.00
43476.00
43416.00
43412.00
43467.00
43504.00
43473.00
43445.00
43431.00
43475.00
43515.00
43497.00
43456.00
43447.00
43477.00
43530.00
43525.00
43459.00
43439.00
43470.00
43523.00
43516.00
43473.00
43444.00
43469.00
43514.00
43518.00
43476.00
43462.00
43474.00
43530.00
43518.00
43468.00
43445.00
43443.00
43490.00
43517.00
43467.00
43443.00
43458.00
43518.00
43551.00
43516.00
43488.00
43518.00
43557.00
43568.00
43536.00
43466.00
43474.00
43498.00
43502.00
43476.00
43444.00
43449.00
43494.00
43522.00
43482.00
43438.00
43440.00
43486.00
43531.00
43497.00
43443.00
43433.00
43507.00
43544.00
43535.00
43486.00
43491.00
43538.00
43592.00
43553.00
43501.00
43498.00
43544.00
43573.00
43540.00
43508.00
43472.00
43500.00
43548.00
43517.00
43480.00
43434.00
43472.00
43513.00
43489.00
43458.00
43422.00
43452.00
43490.00
43482.00
43423.00
43398.00
43435.00
43484.00
43500.00
43470.00
43476.00
43505.00
43571.00
43609.00
43604.00
43635.00
43719.00
43845.00
43922.00
43958.00
44014.00
44117.00
44252.00
44323.00
44372.00
44419.00
44537.00
44689.00
44809.00
44888.00
44964.00
45106.00
45260.00
45401.00
45513.00
45587.00
45715.00
45914.00
46086.00
46168.00
46202.00
46338.00
46449.00
46586.00
46635.00
46646.00
46694.00
46769.00
46841.00
46844.00
46800.00
46818.00
46844.00
46877.00
46843.00
46799.00
46792.00
46814.00
46858.00
46806.00
46749.00
46710.00
46710.00
46736.00
46701.00
46637.00
46596.00
46596.00
46626.00
46583.00
46509.00
46445.00
46437.00
46454.00
46414.00
46337.00
46261.00
46242.00
46266.00
46194.00
46092.00
46014.00
45966.00
45961.00
45904.00
45797.00
45698.00
45666.00
45632.00
45556.00
45441.00
45330.00
45251.00
45278.00
45199.00
45113.00
45022.00
44949.00
44943.00
44876.00
44787.00
44672.00
44599.00
44576.00
44532.00
44425.00
44328.00
44271.00
44267.00
44231.00
44149.00
44055.00
44025.00
44029.00
44048.00
43976.00
43904.00
43858.00
43878.00
43894.00
43827.00
43761.00
43731.00
43746.00
43765.00
43719.00
43636.00
43603.00
43639.00
43657.00
43633.00
43572.00
43534.00
43572.00
43601.00
43570.00
43502.00
43465.00
43484.00
43523.00
43497.00
43442.00
43424.00
43420.00
43464.00
43439.00
43357.00
43321.00
43343.00
43373.00
43372.00
43321.00
43261.00
43279.00
43322.00
43309.00
43244.00
43210.00
43222.00
43271.00
43265.00
43242.00
43208.00
43255.00
43335.00
43359.00
43346.00
43336.00
43383.00
43483.00
43535.00
43593.00
43568.00
43650.00
43797.00
43878.00
43932.00
43995.00
44098.00
44258.00
44388.00
44449.00
44536.00
44664.00
44857.00
45022.00
45127.00
45177.00
45293.00
45459.00
45629.00
45708.00
45797.00
45918.00
46078.00
46241.00
46325.00
46389.00
46429.00
46566.00
46689.00
46749.00
46759.00
46801.00
46904.00
46954.00
46978.00
46978.00
46976.00
47020.00
47052.00
47037.00
46960.00
46939.00
46953.00
46990.00
46962.00
46873.00
46828.00
46825.00
46827.00
46775.00
46693.00
46634.00
46628.00
46661.00
46628.00
46542.00
46453.00
46424.00
46430.00
46377.00
46297.00
46214.00
46199.00
46175.00
46117.00
45995.00
45896.00
45869.00
45859.00
45820.00
45725.00
45621.00
45590.00
45587.00
45531.00
45432.00
45315.00
45277.00
45260.00
45212.00
45119.00
44997.00
44915.00
44927.00
44856.00
44762.00
44650.00
44577.00
44567.00
44528.00
44440.00
44332.00
44268.00
44285.00
44264.00
44165.00
44051.00
44002.00
44011.00
44011.00
43934.00
43851.00
43815.00
43810.00
43818.00
43782.00
43710.00
43674.00
43712.00
43714.00
43699.00
43615.00
43587.00
43606.00
43639.00
43603.00
43536.00
43502.00
43509.00
43558.00
43526.00
43480.00
43431.00
43452.00
43495.00
43469.00
43435.00
43388.00
43397.00
43444.00
43436.00
43383.00
43344.00
43332.00
43378.00
43364.00
43330.00
43288.00
43297.00
43339.00
43329.00
43290.00
43240.00
43261.00
43318.00
43316.00
43299.00
43243.00
43265.00
43318.00
43363.00
43323.00
43326.00
43369.00
43434.00
43540.00
43564.00
43552.00
43629.00
43741.00
43820.00
43881.00
43922.00
44024.00
44156.00
44277.00
44331.00
44392.00
44524.00
44689.00
44853.00
44960.00
45045.00
45163.00
45337.00
45469.00
45569.00
45643.00
45758.00
45939.00
46129.00
46220.00
46269.00
46364.00
46501.00
46609.00
46693.00
46718.00
46762.00
46863.00
46963.00
46991.00
46992.00
47001.00
47080.00
47142.00
47170.00
47155.00
47152.00
47202.00
47280.00
47261.00
47245.00
47201.00
47214.00
47271.00
47242.00
47173.00
47116.00
47111.00
47144.00
47130.00
47063.00
46987.00
46975.00
46995.00
46970.00
46896.00
46830.00
46809.00
46818.00
46804.00
46713.00
46622.00
46626.00
46631.00
46635.00
46572.00
46470.00
46434.00
46426.00
46387.00
46314.00
46226.00
46187.00
46180.00
46138.00
46032.00
45948.00
45884.00
45868.00
45842.00
45759.00
45659.00
45590.00
45558.00
45545.00
45455.00
45350.00
45287.00
45261.00
45241.00
45154.00
45053.00
44976.00
44948.00
44958.00
44858.00
44749.00
44667.00
44631.00
44634.00
44554.00
44459.00
44383.00
44373.00
44389.00
44323.00
44242.00
44166.00
44140.00
44161.00
44127.00
44031.00
43972.00
43984.00
44010.00
43984.00
43910.00
43848.00
43851.00
43869.00
43849.00
43781.00
43726.00
43724.00
43732.00
43735.00
43661.00
43621.00
43614.00
43660.00
43652.00
43598.00
43553.00
43557.00
43598.00
43592.00
43541.00
43497.00
43491.00
43524.00
43553.00
43500.00
43442.00
43436.00
43476.00
43481.00
43453.00
43403.00
43402.00
43446.00
43465.00
43415.00
43372.00
43366.00
43412.00
43453.00
43421.00
43379.00
43374.00
43434.00
43498.00
43517.00
43502.00
43532.00
43617.00
43710.00
43755.00
43791.00
43870.00
43993.00
44143.00
44240.00
44295.00
44395.00
44553.00
44735.00
44893.00
44977.00
45147.00
45330.00
45558.00
45707.00
45796.00
45942.00
46137.00
46340.00
46457.00
46510.00
46533.00
46674.00
46836.00
46925.00
46941.00
47009.00
47111.00
47229.00
47291.00
47312.00
47335.00
47390.00
47476.00
47514.00
47502.00
47465.00
47501.00
47610.00
47624.00
47613.00
47607.00
47611.00
47644.00
47641.00
47570.00
47481.00
47448.00
47464.00
47448.00
47367.00
47263.00
47222.00
47225.00
47216.00
47129.00
47048.00
46998.00
47019.00
47037.00
46950.00
46849.00
46762.00
46753.00
46749.00
46683.00
46573.00
46516.00
46509.00
46537.00
46480.00
46389.00
46342.00
46349.00
46360.00
46308.00
46197.00
46123.00
46140.00
46149.00
46097.00
45983.00
45915.00
45901.00
45912.00
45856.00
45779.00
45697.00
45674.00
45694.00
45640.00
45534.00
45456.00
45442.00
45435.00
45415.00
45305.00
45243.00
45220.00
45217.00
45176.00
45087.00
45000.00
44980.00
44977.00
44928.00
44833.00
44748.00
44711.00
44729.00
44707.00
44617.00
44528.00
44477.00
44504.00
44467.00
44411.00
44322.00
44318.00
44335.00
44324.00
44252.00
44178.00
44159.00
44171.00
44173.00
44115.00
44046.00
44004.00
44032.00
44044.00
43985.00
43902.00
43875.00
43880.00
43897.00
43849.00
43774.00
43757.00
43768.00
43796.00
43759.00
43707.00
43682.00
43705.00
43723.00
43710.00
43647.00
43625.00
43638.00
43673.00
43675.00
43600.00
43603.00
43626.00
43664.00
43673.00
43650.00
43633.00
43685.00
43769.00
43779.00
43788.00
43825.00
43921.00
44053.00
44135.00
44180.00
44239.00
44360.00
44512.00
44618.00
44685.00
44762.00
44914.00
45103.00
45288.00
45388.00
45493.00
45657.00
45861.00
46044.00
46158.00
46239.00
46342.00
46463.00
46598.00
46640.00
46710.00
46807.00
46919.00
47004.00
47030.00
47019.00
47049.00
47122.00
47189.00
47197.00
47178.00
47213.00
47271.00
47329.00
47321.00
47305.00
47284.00
47329.00
47363.00
47331.00
47277.00
47242.00
47244.00
47240.00
47199.00
47142.00
47091.00
47117.00
47120.00
47069.00
46971.00
46913.00
46923.00
46939.00
46883.00
46793.00
46716.00
46707.00
46714.00
46656.00
46552.00
46464.00
46452.00
46463.00
46400.00
46307.00
46238.00
46222.00
46213.00
46141.00
46055.00
45963.00
45927.00
45911.00
45865.00
45755.00
45656.00
45619.00
45596.00
45541.00
45443.00
45371.00
45289.00
45272.00
45250.00
45110.00
45002.00
44934.00
44907.00
44876.00
44782.00
44669.00
44618.00
44612.00
44578.00
44497.00
44426.00
44388.00
44386.00
44375.00
44314.00
44225.00
44189.00
44213.00
44202.00
44157.00
44061.00
44025.00
44013.00
44024.00
43970.00
43903.00
43865.00
43878.00
43889.00
43852.00
43780.00
43732.00
43760.00
43777.00
43744.00
43668.00
43622.00
43639.00
43693.00
43655.00
43592.00
43552.00
43588.00
43607.00
43595.00
43527.00
43499.00
43502.00
43537.00
43527.00
43481.00
43425.00
43440.00
43490.00
43473.00
43421.00
43413.00
43409.00
43486.00
43492.00
43471.00
43469.00
43513.00
43590.00
43635.00
43643.00
43650.00
43726.00
43833.00
43924.00
43967.00
44013.00
44088.00
44223.00
44329.00
44403.00
44446.00
44552.00
44692.00
44839.00
44939.00
45000.00
45121.00
45291.00
45460.00
45556.00
45640.00
45747.00
45929.00
46111.00
46194.00
46226.00
46288.00
46418.00
46535.00
46603.00
46636.00
46693.00
46815.00
46936.00
46950.00
46965.00
46978.00
47027.00
47131.00
47132.00
47084.00
47085.00
47135.00
47207.00
47206.00
47167.00
47157.00
47171.00
47226.00
47231.00
47179.00
47137.00
47127.00
47149.00
47101.00
47051.00
46974.00
46958.00
46966.00
46947.00
46891.00
46790.00
46774.00
46783.00
46757.00
46692.00
46634.00
46604.00
46604.00
46584.00
46499.00
46394.00
46345.00
46359.00
46304.00
46221.00
46108.00
46011.00
45952.00
45895.00
45820.00
45694.00
45614.00
45584.00
45576.00
45486.00
45398.00
45328.00
45269.00
45272.00
45187.00
45078.00
44998.00
44970.00
44949.00
44876.00
44788.00
44698.00
44671.00
44648.00
44570.00
44448.00
44386.00
44387.00
44399.00
44350.00
44259.00
44202.00
44171.00
44210.00
44159.00
44093.00
44021.00
44016.00
44048.00
43990.00
43921.00
43865.00
43847.00
43869.00
43865.00
43788.00
43741.00
43734.00
43757.00
43756.00
43697.00
43642.00
43626.00
43655.00
43661.00
43618.00
43558.00
43550.00
43599.00
43597.00
43552.00
43494.00
43475.00
43530.00
43553.00
43524.00
43467.00
43441.00
43475.00
43504.00
43475.00
43396.00
43389.00
43430.00
43471.00
43447.00
43414.00
43387.00
43432.00
43473.00
43465.00
43413.00
43400.00
43443.00
43498.00
43509.00
43464.00
43452.00
43511.00
43579.00
43599.00
43603.00
43615.00
43706.00
43790.00
43859.00
43891.00
43941.00
44058.00
44200.00
44282.00
44348.00
44399.00
44512.00
44669.00
44799.00
44892.00
44978.00
45142.00
45331.00
45478.00
45588.00
45681.00
45873.00
46098.00
46257.00
46350.00
46409.00
46493.00
46634.00
46776.00
46840.00
46858.00
46936.00
47022.00
47092.00
47080.00
47061.00
47071.00
47144.00
47223.00
47255.00
47243.00
47259.00
47337.00
47386.00
47378.00
47320.00
47285.00
47328.00
47382.00
47311.00
47228.00
47179.00
47201.00
47233.00
47199.00
47124.00
47066.00
47064.00
47102.00
47048.00
46966.00
46885.00
46873.00
46887.00
46869.00
46783.00
46716.00
46702.00
46694.00
46654.00
46564.00
46469.00
46458.00
46454.00
46416.00
46337.00
46237.00
46186.00
46201.00
46163.00
46084.00
45987.00
45943.00
45949.00
45923.00
45845.00
45735.00
45697.00
45695.00
45673.00
45564.00
45464.00
45410.00
45388.00
45384.00
45309.00
45215.00
45136.00
45102.00
45081.00
45002.00
44895.00
44818.00
44801.00
44760.00
44698.00
44610.00
44549.00
44520.00
44516.00
44440.00
44335.00
44288.00
44276.00
44267.00
44229.00
44125.00
44058.00
44038.00
44044.00
43996.00
43913.00
43855.00
43824.00
43842.00
43810.00
43719.00
43670.00
43656.00
43695.00
43663.00
43616.00
43558.00
43553.00
43599.00
43594.00
43545.00
43486.00
43482.00
43508.00
43527.00
43482.00
43409.00
43421.00
43457.00
43473.00
43444.00
43387.00
43382.00
43416.00
43457.00
43422.00
43366.00
43345.00
43365.00
43423.00
43394.00
43353.00
43361.00
43400.00
43460.00
43489.00
43481.00
43501.00
43567.00
43692.00
43718.00
43750.00
43781.00
43879.00
44000.00
44052.00
44082.00
44136.00
44259.00
44401.00
44471.00
44518.00
44585.00
44710.00
44884.00
44978.00
45021.00
45080.00
45214.00
45346.00
45467.00
45511.00
45603.00
45736.00
45934.00
46062.00
46156.00
46238.00
46351.00
46459.00
46532.00
46559.00
46614.00
46702.00
46821.00
46879.00
46931.00
46928.00
46990.00
47050.00
47090.00
47076.00
47040.00
47108.00
47175.00
47238.00
47215.00
47159.00
47141.00
47169.00
47188.00
47145.00
47057.00
47022.00
47054.00
47086.00
47046.00
46983.00
46937.00
46950.00
46950.00
46877.00
46801.00
46746.00
46756.00
46785.00
46737.00
46635.00
46568.00
46543.00
46555.00
46486.00
46424.00
46314.00
46270.00
46268.00
46196.00
46109.00
46004.00
45961.00
45963.00
45885.00
45786.00
45673.00
45620.00
45608.00
45564.00
45467.00
45353.00
45291.00
45250.00
45198.00
45084.00
44963.00
44888.00
44870.00
44817.00
44703.00
44591.00
44543.00
44513.00
44476.00
44382.00
44271.00
44215.00
44213.00
44199.00
44137.00
44034.00
43982.00
43950.00
43968.00
43908.00
43807.00
43772.00
43766.00
43793.00
43748.00
43656.00
43614.00
43625.00
43664.00
43626.00
43557.00
43535.00
43555.00
43583.00
43558.00
43484.00
43471.00
43483.00
43531.00
43516.00
43463.00
43429.00
43446.00
43491.00
43495.00
43458.00
43423.00
43431.00
43514.00
43516.00
43501.00
43487.00
43525.00
43591.00
43656.00
43659.00
43673.00
43737.00
43858.00
43929.00
43988.00
44024.00
44130.00
44264.00
44394.00
44424.00
44483.00
44583.00
44733.00
44880.00
44960.00
45043.00
45152.00
45313.00
45507.00
45616.00
45714.00
45840.00
46021.00
46200.00
46303.00
46381.00
46445.00
46561.00
46714.00
46786.00
46829.00
46887.00
46980.00
47117.00
47133.00
47133.00
47158.00
47232.00
47320.00
47350.00
47336.00
47307.00
47370.00
47444.00
47467.00
47440.00
47417.00
47436.00
47478.00
47477.00
47428.00
47371.00
47381.00
47408.00
47393.00
47332.00
47265.00
47242.00
47260.00
47232.00
47208.00
47130.00
47105.00
47091.00
47090.00
47022.00
46951.00
46929.00
46936.00
46931.00
46868.00
46788.00
46731.00
46761.00
46739.00
46661.00
46600.00
46550.00
46561.00
46570.00
46526.00
46447.00
46394.00
46390.00
46398.00
46341.00
46250.00
46194.00
46167.00
46163.00
46104.00
46008.00
45932.00
45906.00
45893.00
45824.00
45695.00
45615.00
45573.00
45577.00
45513.00
45416.00
45329.00
45298.00
45285.00
45218.00
45101.00
45001.00
44955.00
44939.00
44907.00
44823.00
44725.00
44680.00
44656.00
44599.00
44501.00
44404.00
44387.00
44370.00
44346.00
44267.00
44190.00
44149.00
44162.00
44137.00
44076.00
43970.00
43950.00
43956.00
43965.00
43913.00
43823.00
43780.00
43802.00
43827.00
43785.00
43708.00
43677.00
43707.00
43730.00
43696.00
43617.00
43593.00
43624.00
43641.00
43621.00
43556.00
43526.00
43556.00
43600.00
43574.00
43520.00
43484.00
43498.00
43535.00
43518.00
43477.00
43423.00
43446.00
43485.00
43453.00
43408.00
43381.00
43382.00
43435.00
43434.00
43382.00
43365.00
43371.00
43441.00
43483.00
43482.00
43475.00
43538.00
43623.00
43682.00
43691.00
43731.00
43787.00
43921.00
44058.00
44097.00
44141.00
44222.00
44353.00
44474.00
44542.00
44592.00
44708.00
44885.00
45026.00
45132.00
45229.00
45381.00
45569.00
45761.00
45868.00
45947.00
46067.00
46267.00
46419.00
46477.00
46536.00
46620.00
46774.00
46915.00
46988.00
47039.00
47102.00
47217.00
47317.00
47376.00
47361.00
47364.00
47430.00
47540.00
47561.00
47553.00
47565.00
47632.00
47703.00
47726.00
47698.00
47671.00
47680.00
47722.00
47713.00
47651.00
47601.00
47601.00
47632.00
47608.00
47538.00
47468.00
47438.00
47471.00
47453.00
47389.00
47313.00
47257.00
47270.00
47253.00
47158.00
47078.00
47031.00
47039.00
47023.00
46939.00
46847.00
46815.00
46803.00
46809.00
46708.00
46610.00
46567.00
46569.00
46558.00
46489.00
46373.00
46327.00
46299.00
46290.00
46169.00
46035.00
45947.00
45929.00
45878.00
45758.00
45616.00
45511.00
45466.00
45416.00
45281.00
45131.00
45031.00
44959.00
44939.00
44843.00
44713.00
44616.00
44561.00
44522.00
44452.00
44325.00
44244.00
44191.00
44205.00
44156.00
44039.00
43955.00
43938.00
43945.00
43929.00
43857.00
43776.00
43758.00
43784.00
43770.00
43722.00
43670.00
43657.00
43669.00
43697.00
43650.00
43592.00
43590.00
43612.00
43656.00
43618.00
43574.00
43563.00
43582.00
43636.00
43596.00
43542.00
43540.00
43590.00
43630.00
43626.00
43583.00
43572.00
43650.00
43704.00
43713.00
43688.00
43679.00
43745.00
43810.00
43821.00
43793.00
43790.00
43840.00
43903.00
43912.00
43886.00
43877.00
43921.00
43997.00
43995.00
43955.00
43928.00
43938.00
44003.00
44017.00
43954.00
43954.00
43923.00
43975.00
43961.00
43918.00
43877.00
43913.00
43958.00
43976.00
43915.00
43863.00
43858.00
43922.00
43939.00
43891.00
43856.00
43864.00
43907.00
43921.00
43898.00
43859.00
43867.00
43894.00
43934.00
43877.00
43856.00
43843.00
43879.00
43901.00
43877.00
43816.00
43796.00
43843.00
43896.00
43852.00
43807.00
43793.00
43827.00
43882.00
43884.00
43843.00
43817.00
43854.00
43895.00
43902.00
43864.00
43833.00
43865.00
43923.00
43916.00
43870.00
43846.00
43868.00
43906.00
43929.00
43860.00
43828.00
43858.00
43902.00
43911.00
43877.00
43834.00
43880.00
43921.00
43940.00
43915.00
43896.00
43914.00
43982.00
44021.00
43992.00
43983.00
44002.00
44078.00
44131.00
44127.00
44082.00
44119.00
44190.00
44236.00
44226.00
44172.00
44188.00
44221.00
44251.00
44229.00
44199.00
44179.00
44226.00
44224.00
44197.00
44158.00
44157.00
44192.00
44232.00
44211.00
44169.00
44151.00
44166.00
44229.00
44180.00
44167.00
44146.00
44195.00
44262.00
44272.00
44245.00
44240.00
44287.00
44342.00
44349.00
44328.00
44300.00
44327.00
44382.00
44375.00
44343.00
44306.00
44330.00
44385.00
44389.00
44333.00
44308.00
44315.00
44370.00
44383.00
44332.00
44302.00
44309.00
44376.00
44382.00
44331.00
44300.00
44303.00
44333.00
44347.00
44313.00
44270.00
44270.00
44309.00
44307.00
44258.00
44197.00
44151.00
44171.00
44168.00
44115.00
44029.00
44013.00
44037.00
44074.00
44054.00
44023.00
44022.00
44076.00
44124.00
44114.00
44098.00
44114.00
44151.00
44192.00
44179.00
44140.00
44119.00
44152.00
44213.00
44196.00
44149.00
44131.00
44146.00
44194.00
44156.00
44080.00
44028.00
44048.00
44089.00
44058.00
44017.00
43973.00
43979.00
43999.00
44004.00
43939.00
43872.00
43900.00
43961.00
43957.00
43926.00
43874.00
43876.00
43921.00
43937.00
43879.00
43854.00
43871.00
43950.00
43951.00
43921.00
43862.00
43877.00
43937.00
43977.00
43932.00
43880.00
43904.00
43961.00
43999.00
43968.00
43878.00
43906.00
43945.00
43996.00
43960.00
43898.00
43902.00
43938.00
43991.00
43936.00
43888.00
43880.00
43932.00
43979.00
43950.00
43901.00
43894.00
43937.00
43985.00
43990.00
43913.00
43898.00
43923.00
43983.00
43957.00
43904.00
43867.00
43903.00
43960.00
43967.00
43896.00
43853.00
43883.00
43910.00
43940.00
43879.00
43849.00
43867.00
43920.00
43917.00
43856.00
43809.00
43845.00
43902.00
43886.00
43856.00
43792.00
43787.00
43826.00
43854.00
43812.00
43753.00
43764.00
43808.00
43825.00
43780.00
43732.00
43746.00
43783.00
43808.00
43766.00
43708.00
43708.00
43764.00
43787.00
43743.00
43693.00
43651.00
43700.00
43732.00
43688.00
43610.00
43583.00
43621.00
43666.00
43629.00
43552.00
43538.00
43559.00
43591.00
43549.00
43488.00
43451.00
43505.00
43550.00
43511.00
43472.00
43434.00
43470.00
43518.00
43487.00
43438.00
43398.00
43431.00
43505.00
43479.00
43440.00
43390.00
43434.00
43491.00
43490.00
43450.00
43404.00
43433.00
43508.00
43522.00
43473.00
43439.00
43446.00
43502.00
43522.00
43481.00
43440.00
43452.00
43515.00
43523.00
43486.00
43432.00
43450.00
43504.00
43517.00
43484.00
43426.00
43442.00
43492.00
43516.00
43493.00
43426.00
43452.00
43483.00
43508.00
43494.00
43434.00
43433.00
43498.00
43521.00
43493.00
43435.00
43441.00
43475.00
43518.00
43490.00
43430.00
43424.00
43446.00
43500.00
43482.00
43431.00
43426.00
43452.00
43511.00
43503.00
43432.00
43421.00
43444.00
43519.00
43479.00
43437.00
43420.00
43469.00
43506.00
43503.00
43460.00
43431.00
43439.00
43489.00
43495.00
43453.00
43405.00
43443.00
43483.00
43502.00
43458.00
43422.00
43432.00
43487.00
43476.00
43446.00
43408.00
43430.00
43468.00
43495.00
43464.00
43413.00
43429.00
43482.00
43485.00
43443.00
43400.00
43394.00
43456.00
43477.00
43444.00
43391.00
43404.00
43441.00
43483.00
43452.00
43390.00
43396.00
43447.00
43485.00
43440.00
43416.00
43398.00
43450.00
43480.00
43464.00
43416.00
43402.00
43434.00
43477.00
43453.00
43416.00
43402.00
43435.00
43496.00
43465.00
43412.00
43386.00
43440.00
43481.00
43478.00
43414.00
43392.00
43433.00
43491.00
43474.00
43435.00
43398.00
43428.00
43496.00
43472.00
43433.00
43392.00
43410.00
43481.00
43468.00
43434.00
43394.00
43401.00
43469.00
43464.00
43414.00
43380.00
43401.00
43438.00
43464.00
43429.00
43387.00
43395.00
43448.00
43474.00
43430.00
43387.00
43406.00
43447.00
43469.00
43446.00
43384.00
43420.00
43452.00
43476.00
43444.00
43401.00
43386.00
43434.00
43475.00
43441.00
43396.00
43385.00
43431.00
43459.00
43461.00
43393.00
43397.00
43438.00
43477.00
43457.00
43412.00
43390.00
43422.00
43484.00
43446.00
43391.00
43381.00
43424.00
43475.00
43458.00
43404.00
43379.00
43397.00
43468.00
43457.00
43400.00
43385.00
43416.00
43462.00
43446.00
43421.00
43380.00
43416.00
43457.00
43452.00
43398.00
43381.00
43398.00
43473.00
43469.00
43429.00
43383.00
43386.00
43445.00
43456.00
43420.00
43350.00
43397.00
43454.00
43456.00
43419.00
43373.00
43387.00
43427.00
43442.00
43427.00
43380.00
43385.00
43443.00
43455.00
43418.00
43376.00
43386.00
43425.00
43458.00
43431.00
43382.00
43393.00
43423.00
43458.00
43439.00
43396.00
43383.00
43406.00
43464.00
43438.00
43387.00
43374.00
43434.00
43447.00
43438.00
43381.00
43365.00
43404.00
43459.00
43425.00
43382.00
43376.00
43394.00
43441.00
43428.00
43390.00
43358.00
43400.00
43459.00
43441.00
43380.00
43361.00
43391.00
43446.00
43446.00
43391.00
43380.00
43395.00
43473.00
43453.00
43408.00
43367.00
43404.00
43445.00
43453.00
43414.00
43360.00
43389.00
43434.00
43442.00
43410.00
43367.00
43403.00
43458.00
43455.00
43435.00
43375.00
43394.00
43445.00
43448.00
43418.00
43375.00
43393.00
43417.00
43454.00
43430.00
43377.00
43362.00
43433.00
43455.00
43436.00
43364.00
43389.00
43418.00
43460.00
43417.00
43376.00
43409.00
43447.00
43478.00
43444.00
43395.00
43410.00
43439.00
43485.00
43455.00
43400.00
43389.00
43429.00
43458.00
43458.00
43403.00
43367.00
43424.00
43455.00
43459.00
43410.00
43369.00
43423.00
43458.00
43455.00
43409.00
43377.00
43409.00
43480.00
43459.00
43408.00
43395.00
43411.00
43465.00
43455.00
43415.00
43370.00
43398.00
43456.00
43459.00
43414.00
43371.00
43406.00
43473.00
43447.00
43410.00
43366.00
43393.00
43442.00
43442.00
43412.00
43349.00
43364.00
43434.00
43438.00
43394.00
43338.00
43353.00
43412.00
43445.00
43376.00
43360.00
43361.00
43424.00
43450.00
43403.00
43346.00
43361.00
43417.00
43442.00
43402.00
43351.00
43347.00
43402.00
43432.00
43385.00
43352.00
43349.00
43398.00
43431.00
43416.00
43364.00
43347.00
43389.00
43434.00
43394.00
43368.00
43341.00
43381.00
43432.00
43415.00
43329.00
43349.00
43371.00
43423.00
43414.00
43358.00
43330.00
43370.00
43422.00
43413.00
43355.00
43330.00
43371.00
43441.00
43427.00
43365.00
43338.00
43378.00
43423.00
43426.00
43358.00
43342.00
43367.00
43425.00
43421.00
43371.00
43328.00
43360.00
43414.00
43416.00
43372.00
43328.00
43358.00
43414.00
43418.00
43373.00
43318.00
43350.00
43409.00
43425.00
43388.00
43337.00
43337.00
43400.00
43436.00
43394.00
43336.00
43349.00
43392.00
43431.00
43391.00
43340.00
43349.00
43402.00
43432.00
43402.00
43341.00
43338.00
43393.00
43456.00
43422.00
43363.00
43351.00
43378.00
43432.00
43400.00
43343.00
43339.00
43385.00
43439.00
43393.00
43346.00
43314.00
43383.00
43426.00
43406.00
43342.00
43328.00
43361.00
43423.00
43397.00
43358.00
43324.00
43362.00
43419.00
43426.00
43348.00
43327.00
43374.00
43411.00
43395.00
43348.00
43319.00
43356.00
43411.00
43402.00
43346.00
43334.00
43353.00
43430.00
43413.00
43368.00
43329.00
43350.00
43422.00
43423.00
43377.00
43357.00
43348.00
43417.00
43417.00
43370.00
43334.00
43330.00
43386.00
43409.00
43362.00
43327.00
43352.00
43401.00
43426.00
43375.00
43324.00
43335.00
43397.00
43446.00
43393.00
43343.00
43332.00
43398.00
43421.00
43386.00
43338.00
43342.00
43380.00
43430.00
43401.00
43334.00
43334.00
43386.00
43424.00
43389.00
43340.00
43325.00
43372.00
43430.00
43395.00
43345.00
43319.00
43391.00
43424.00
43413.00
43334.00
43335.00
43363.00
43415.00
43412.00
43335.00
43332.00
43397.00
43447.00
43429.00
43361.00
43335.00
43373.00
43450.00
43420.00
43360.00
43331.00
43361.00
43418.00
43394.00
43342.00
43321.00
43342.00
43414.00
43400.00
43370.00
43318.00
43361.00
43405.00
43415.00
43367.00
43327.00
43350.00
43410.00
43422.00
43388.00
43330.00
43369.00
43419.00
43458.00
43383.00
43329.00
43348.00
43397.00
43439.00
43388.00
43330.00
43337.00
43411.00
43411.00
43386.00
43333.00
43352.00
43404.00
43420.00
43376.00
43332.00
43325.00
43387.00
43412.00
43391.00
43322.00
43323.00
43371.00
43403.00
43405.00
43319.00
43329.00
43369.00
43418.00
43389.00
43323.00
43307.00
43356.00
43405.00
43397.00
43352.00
43332.00
43379.00
43428.00
43411.00
43343.00
43343.00
43362.00
43439.00
43424.00
43367.00
43346.00
43386.00
43427.00
43406.00
43361.00
43320.00
43358.00
43419.00
43415.00
43351.00
43312.00
43352.00
43438.00
43420.00
43360.00
43337.00
43354.00
43414.00
43419.00
43363.00
43332.00
43360.00
43405.00
43428.00
43364.00
43323.00
43343.00
43401.00
43407.00
43374.00
43323.00
43345.00
43399.00
43417.00
43378.00
43327.00
43345.00
43399.00
43415.00
43378.00
43317.00
43338.00
43395.00
43422.00
43384.00
43326.00
43334.00
43386.00
43425.00
43393.00
43336.00
43339.00
43378.00
43433.00
43378.00
43340.00
43323.00
43371.00
43416.00
43384.00
43337.00
43319.00
43369.00
43422.00
43397.00
43338.00
43319.00
43355.00
43416.00
43391.00
43335.00
43321.00
43369.00
43420.00
43410.00
43341.00
43318.00
43362.00
43428.00
43407.00
43344.00
43330.00
43358.00
43417.00
43391.00
43349.00
43326.00
43351.00
43404.00
43407.00
43362.00
43310.00
43353.00
43401.00
43406.00
43365.00
43310.00
43328.00
43409.00
43400.00
43351.00
43307.00
43333.00
43398.00
43397.00
43348.00
43308.00
43319.00
43391.00
43404.00
43354.00
43323.00
43332.00
43406.00
43426.00
43375.00
43311.00
43316.00
43373.00
43381.00
43370.00
43323.00
43321.00
43375.00
43412.00
43359.00
43326.00
43298.00
43356.00
43400.00
43366.00
43311.00
43320.00
43368.00
43400.00
43367.00
43316.00
43310.00
43359.00
43410.00
43377.00
43313.00
43301.00
43346.00
43401.00
43375.00
43310.00
43292.00
43346.00
43387.00
43357.00
43327.00
43299.00
43342.00
43397.00
43389.00
43314.00
43301.00
43316.00
43375.00
43382.00
43321.00
43290.00
43330.00
43393.00
43379.00
43324.00
43298.00
43333.00
43389.00
43386.00
43339.00
43305.00
43334.00
43377.00
43395.00
43354.00
43281.00
43317.00
43371.00
43380.00
43334.00
43299.00
43324.00
43383.00
43389.00
43358.00
43299.00
43306.00
43378.00
43401.00
43350.00
43302.00
43296.00
43377.00
43378.00
43366.00
43293.00
43299.00
43356.00
43390.00
43348.00
43309.00
43299.00
43352.00
43403.00
43364.00
43313.00
43305.00
43351.00
43400.00
43364.00
43303.00
43308.00
43342.00
43394.00
43368.00
43304.00
43302.00
43346.00
43394.00
43375.00
43312.00
43276.00
43340.00
43390.00
43358.00
43314.00
43291.00
43332.00
43396.00
43377.00
43304.00
43295.00
43326.00
43391.00
43371.00
43333.00
43297.00
43321.00
43384.00
43377.00
43318.00
43286.00
43313.00
43402.00
43377.00
43337.00
43305.00
43325.00
43390.00
43401.00
43346.00
43301.00
43326.00
43388.00
43397.00
43356.00
43302.00
43326.00
43386.00
43410.00
43347.00
43317.00
43319.00
43382.00
43398.00
43365.00
43315.00
43314.00
43375.00
43404.00
43369.00
43291.00
43320.00
43383.00
43390.00
43357.00
43302.00
43290.00
43354.00
43398.00
43375.00
43291.00
43297.00
43351.00
43388.00
43348.00
43286.00
43309.00
43353.00
43394.00
43358.00
43312.00
43290.00
43359.00
43398.00
43363.00
43316.00
43296.00
43333.00
43384.00
43383.00
43305.00
43305.00
43334.00
43389.00
43377.00
43329.00
43289.00
43322.00
43367.00
43371.00
43301.00
43293.00
43323.00
43386.00
43369.00
43330.00
43312.00
43323.00
43382.00
43380.00
43347.00
43317.00
43320.00
43383.00
43374.00
43334.00
43286.00
43309.00
43364.00
43401.00
43333.00
43302.00
43297.00
43365.00
43384.00
43344.00
43298.00
43306.00
43368.00
43382.00
43339.00
43298.00
43291.00
43373.00
43396.00
43349.00
43302.00
43300.00
43353.00
43390.00
43351.00
43300.00
43308.00
43351.00
43388.00
43352.00
43301.00
43285.00
43350.00
43388.00
43367.00
43297.00
43295.00
43328.00
43393.00
43379.00
43315.00
43285.00
43329.00
43391.00
43362.00
43311.00
43290.00
43332.00
43388.00
43372.00
43320.00
43290.00
43329.00
43381.00
43373.00
43308.00
43291.00
43334.00
43394.00
43357.00
43326.00
43297.00
43326.00
43389.00
43385.00
43332.00
43285.00
43319.00
43388.00
43387.00
43337.00
43294.00
43324.00
43373.00
43396.00
43329.00
43296.00
43323.00
43377.00
43396.00
43356.00
43306.00
43329.00
43377.00
43400.00
43351.00
43297.00
43312.00
43383.00
43389.00
43348.00
43292.00
43310.00
43364.00
43385.00
43349.00
43305.00
43308.00
43361.00
43391.00
43374.00
43307.00
43317.00
43356.00
43388.00
43366.00
43324.00
43314.00
43354.00
43381.00
43374.00
43307.00
43321.00
43350.00
43404.00
43365.00
43330.00
43304.00
43340.00
43392.00
43370.00
43311.00
43299.00
43344.00
43392.00
43371.00
43323.00
43301.00
43338.00
43387.00
43369.00
43354.00
43296.00
43332.00
43391.00
43389.00
43332.00
43304.00
43341.00
43382.00
43406.00
43345.00
43324.00
43328.00
43403.00
43396.00
43352.00
43315.00
43333.00
43404.00
43388.00
43350.00
43317.00
43311.00
43399.00
43399.00
43371.00
43318.00
43340.00
43375.00
43395.00
43369.00
43322.00
43321.00
43396.00
43411.00
43384.00
43324.00
43317.00
43377.00
43412.00
43381.00
43323.00
43319.00
43384.00
43394.00
43374.00
43316.00
43329.00
43372.00
43403.00
43370.00
43327.00
43319.00
43366.00
43398.00
43374.00
43321.00
43307.00
43348.00
43401.00
43369.00
43325.00
43319.00
43354.00
43405.00
43380.00
43317.00
43314.00
43356.00
43395.00
43368.00
43325.00
43303.00
43341.00
43395.00
43372.00
43337.00
43318.00
43330.00
43402.00
43382.00
43336.00
43307.00
43347.00
43372.00
43380.00
43341.00
43313.00
43346.00
43397.00
43389.00
43344.00
43308.00
43336.00
43384.00
43395.00
43350.00
43304.00
43335.00
43371.00
43378.00
43338.00
43302.00
43313.00
43364.00
43374.00
43332.00
43287.00
43325.00
43372.00
43394.00
43360.00
43307.00
43303.00
43371.00
43401.00
43370.00
43308.00
43325.00
43364.00
43416.00
43376.00
43329.00
43327.00
43397.00
43406.00
43381.00
43340.00
43346.00
43363.00
43412.00
43379.00
43348.00
43325.00
43368.00
43422.00
43375.00
43333.00
43343.00
43368.00
43402.00
43394.00
43339.00
43313.00
43352.00
43402.00
43381.00
43338.00
43332.00
43349.00
43407.00
43385.00
43338.00
43306.00
43366.00
43417.00
43393.00
43338.00
43305.00
43339.00
43398.00
43383.00
43344.00
43302.00
43351.00
43407.00
43393.00
43343.00
43326.00
43334.00
43402.00
43368.00
43324.00
43284.00
43302.00
43362.00
43372.00
43336.00
43298.00
43314.00
43362.00
43382.00
43341.00
43298.00
43321.00
43371.00
43385.00
43343.00
43304.00
43323.00
43374.00
43389.00
43358.00
43311.00
43342.00
43394.00
43409.00
43374.00
43316.00
43323.00
43383.00
43405.00
43363.00
43322.00
43331.00
43365.00
43399.00
43373.00
43324.00
43317.00
43356.00
43385.00
43355.00
43307.00
43292.00
43335.00
43386.00
43366.00
43301.00
43298.00
43336.00
43390.00
43372.00
43317.00
43309.00
43359.00
43399.00
43382.00
43333.00
43302.00
43336.00
43372.00
43392.00
43336.00
43326.00
43340.00
43393.00
43381.00
43326.00
43313.00
43346.00
43401.00
43400.00
43347.00
43309.00
43335.00
43392.00
43392.00
43330.00
43302.00
43335.00
43371.00
43404.00
43345.00
43312.00
43337.00
43383.00
43388.00
43356.00
43303.00
43322.00
43370.00
43382.00
43345.00
43301.00
43321.00
43366.00
43391.00
43341.00
43308.00
43308.00
43364.00
43404.00
43343.00
43284.00
43300.00
43368.00
43379.00
43354.00
43304.00
43308.00
43369.00
43402.00
43366.00
43312.00
43308.00
43362.00
43406.00
43376.00
43307.00
43314.00
43357.00
43401.00
43372.00
43306.00
43305.00
43357.00
43414.00
43366.00
43330.00
43309.00
43345.00
43407.00
43378.00
43322.00
43295.00
43355.00
43397.00
43375.00
43324.00
43318.00
43348.00
43385.00
43377.00
43333.00
43290.00
43338.00
43382.00
43360.00
43307.00
43299.00
43324.00
43378.00
43354.00
43321.00
43300.00
43312.00
43374.00
43380.00
43331.00
43297.00
43331.00
43380.00
43377.00
43336.00
43304.00
43314.00
43372.00
43383.00
43339.00
43293.00
43317.00
43368.00
43376.00
43333.00
43296.00
43306.00
43363.00
43387.00
43342.00
43291.00
43314.00
43381.00
43381.00
43326.00
43291.00
43305.00
43362.00
43385.00
43348.00
43315.00
43313.00
43379.00
43395.00
43350.00
43306.00
43311.00
43367.00
43389.00
43358.00
43291.00
43303.00
43341.00
43379.00
43350.00
43305.00
43294.00
43343.00
43377.00
43363.00
43302.00
43304.00
43321.00
43378.00
43340.00
43309.00
43287.00
43334.00
43382.00
43352.00
43304.00
43290.00
43323.00
43373.00
43346.00
43310.00
43289.00
43324.00
43350.00
43348.00
43302.00
43270.00
43323.00
43370.00
43360.00
43313.00
43280.00
43311.00
43372.00
43368.00
43314.00
43298.00
43334.00
43370.00
43360.00
43332.00
43285.00
43308.00
43369.00
43367.00
43330.00
43279.00
43309.00
43369.00
43357.00
43330.00
43288.00
43287.00
43345.00
43371.00
43311.00
43284.00
43298.00
43367.00
43366.00
43327.00
43293.00
43296.00
43358.00
43374.00
43333.00
43302.00
43295.00
43339.00
43372.00
43339.00
43285.00
43311.00
43344.00
43376.00
43346.00
43308.00
43307.00
43350.00
43389.00
43355.00
43296.00
43298.00
43347.00
43380.00
43360.00
43307.00
43313.00
43356.00
43391.00
43355.00
43307.00
43296.00
43334.00
43388.00
43358.00
43305.00
43288.00
43323.00
43389.00
43365.00
43316.00
43291.00
43343.00
43392.00
43364.00
43314.00
43303.00
43337.00
43378.00
43367.00
43311.00
43294.00
43320.00
43374.00
43368.00
43300.00
43275.00
43305.00
43368.00
43367.00
43330.00
43281.00
43310.00
43373.00
43359.00
43308.00
43287.00
43314.00
43392.00
43364.00
43331.00
43283.00
43306.00
43373.00
43367.00
43323.00
43262.00
43291.00
43370.00
43364.00
43319.00
43286.00
43293.00
43357.00
43352.00
43322.00
43270.00
43289.00
43357.00
43369.00
43324.00
43272.00
43296.00
43351.00
43380.00
43332.00
43270.00
43298.00
43340.00
43378.00
43326.00
43299.00
43284.00
43353.00
43383.00
43337.00
43295.00
43276.00
43338.00
43369.00
43342.00
43293.00
43274.00
43342.00
43361.00
43329.00
43289.00
43305.00
43334.00
43353.00
43356.00
43291.00
43284.00
43326.00
43383.00
43364.00
43298.00
43292.00
43328.00
43377.00
43358.00
43306.00
43301.00
43318.00
43353.00
43354.00
43292.00
43280.00
43307.00
43360.00
43352.00
43307.00
43268.00
43309.00
43373.00
43346.00
43310.00
43285.00
43324.00
43366.00
43373.00
43317.00
43291.00
43318.00
43373.00
43372.00
43329.00
43291.00
43318.00
43366.00
43394.00
43330.00
43315.00
43335.00
43383.00
43391.00
43364.00
43334.00
43343.00
43407.00
43430.00
43401.00
43369.00
43384.00
43429.00
43455.00
43410.00
43389.00
43394.00
43451.00
43477.00
43453.00
43410.00
43435.00
43489.00
43526.00
43498.00
43448.00
43471.00
43538.00
43562.00
43531.00
43473.00
43502.00
43556.00
43602.00
43570.00
43543.00
43548.00
43604.00
43622.00
43616.00
43577.00
43567.00
43619.00
43661.00
43648.00
43611.00
43612.00
43651.00
43682.00
43661.00
43626.00
43627.00
43671.00
43719.00
43715.00
43690.00
43686.00
43720.00
43763.00
43754.00
43708.00
43700.00
43752.00
43804.00
43783.00
43747.00
43741.00
43800.00
43858.00
43851.00
43822.00
43794.00
43822.00
43887.00
43900.00
43863.00
43828.00
43862.00
43941.00
43932.00
43906.00
43885.00
43922.00
43984.00
43996.00
43962.00
43948.00
43972.00
44026.00
44053.00
44018.00
43979.00
43994.00
44034.00
44044.00
44016.00
43982.00
43994.00
44030.00
44035.00
44013.00
43962.00
43940.00
44000.00
44001.00
43975.00
43937.00
43946.00
44003.00
44012.00
43985.00
43942.00
43947.00
43982.00
44022.00
44015.00
43976.00
44000.00
44054.00
44107.00
44073.00
44042.00
44028.00
44068.00
44099.00
44061.00
44010.00
44011.00
44055.00
44081.00
44079.00
44040.00
44023.00
44078.00
44121.00
44100.00
44053.00
44019.00
44035.00
44056.00
44027.00
43968.00
43955.00
43987.00
44034.00
44024.00
43980.00
43969.00
44010.00
44057.00
44061.00
44012.00
44004.00
44035.00
44066.00
44062.00
44033.00
44017.00
44038.00
44072.00
44057.00
44004.00
43978.00
43993.00
44042.00
44031.00
44003.00
43974.00
43982.00
44041.00
44028.00
43999.00
43984.00
43984.00
44041.00
44032.00
44013.00
43964.00
44014.00
44077.00
44105.00
44072.00
44037.00
44056.00
44115.00
44150.00
44100.00
44092.00
44128.00
44164.00
44181.00
44143.00
44102.00
44111.00
44152.00
44162.00
44147.00
44088.00
44074.00
44125.00
44127.00
44087.00
44033.00
44055.00
44088.00
44115.00
44089.00
44043.00
44043.00
44079.00
44114.00
44060.00
44025.00
44013.00
44059.00
44092.00
44068.00
44016.00
44011.00
44049.00
44091.00
44079.00
44013.00
44010.00
44045.00
44090.00
44075.00
44019.00
44010.00
44038.00
44093.00
44078.00
44024.00
44002.00
44050.00
44093.00
44074.00
44035.00
44014.00
44069.00
44114.00
44114.00
44087.00
44061.00
44108.00
44150.00
44165.00
44122.00
44096.00
44134.00
44191.00
44177.00
44151.00
44116.00
44132.00
44161.00
44165.00
44121.00
44083.00
44102.00
44145.00
44132.00
44060.00
44005.00
43986.00
44032.00
44011.00
43957.00
43891.00
43878.00
43922.00
43905.00
43859.00
43803.00
43788.00
43817.00
43804.00
43774.00
43707.00
43700.00
43733.00
43756.00
43693.00
43640.00
43636.00
43664.00
43688.00
43647.00
43599.00
43602.00
43635.00
43658.00
43638.00
43582.00
43572.00
43603.00
43633.00
43608.00
43565.00
43549.00
43583.00
43625.00
43595.00
43546.00
43540.00
43569.00
43607.00
43609.00
43543.00
43545.00
43584.00
43610.00
43603.00
43569.00
43555.00
43582.00
43633.00
43615.00
43582.00
43544.00
43605.00
43646.00
43623.00
43574.00
43560.00
43596.00
43642.00
43636.00
43578.00
43541.00
43584.00
43633.00
43638.00
43579.00
43569.00
43564.00
43634.00
43626.00
43597.00
43565.00
43610.00
43637.00
43648.00
43612.00
43564.00
43603.00
43638.00
43657.00
43610.00
43559.00
43568.00
43608.00
43605.00
43549.00
43502.00
43508.00
43521.00
43539.00
43493.00
43456.00
43466.00
43503.00
43531.00
43497.00
43445.00
43438.00
43485.00
43496.00
43461.00
43402.00
43417.00
43458.00
43485.00
43457.00
43391.00
43396.00
43448.00
43476.00
43442.00
43398.00
43389.00
43423.00
43454.00
43429.00
43374.00
43362.00
43417.00
43451.00
43403.00
43371.00
43367.00
43391.00
43441.00
43419.00
43348.00
43340.00
43381.00
43424.00
43401.00
43339.00
43325.00
43362.00
43391.00
43400.00
43350.00
43306.00
43355.00
43412.00
43376.00
43345.00
43324.00
43344.00
43403.00
43382.00
43350.00
43314.00
43333.00
43383.00
43381.00
43331.00
43299.00
43327.00
43382.00
43377.00
43336.00
43285.00
43306.00
43377.00
43368.00
43344.00
43302.00
43317.00
43373.00
43378.00
43344.00
43299.00
43316.00
43389.00
43389.00
43350.00
43306.00
43307.00
43366.00
43396.00
43348.00
43314.00
43298.00
43356.00
43391.00
43349.00
43313.00
43325.00
43372.00
43404.00
43393.00
43337.00
43341.00
43385.00
43427.00
43443.00
43394.00
43405.00
43467.00
43525.00
43527.00
43505.00
43519.00
43587.00
43680.00
43685.00
43669.00
43730.00
43808.00
43926.00
43953.00
43992.00
44066.00
44211.00
44365.00
44432.00
44483.00
44561.00
44717.00
44920.00
45077.00
45209.00
45368.00
45600.00
45835.00
45951.00
46068.00
46216.00
46375.00
46543.00
46633.00
46679.00
46726.00
46851.00
46964.00
47033.00
47028.00
46973.00
46964.00
47008.00
46984.00
46933.00
46921.00
46972.00
47029.00
47037.00
47002.00
46972.00
46980.00
46999.00
46985.00
46937.00
46870.00
46864.00
46923.00
46960.00
46917.00
46867.00
46862.00
46906.00
46903.00
46848.00
46779.00
46765.00
46787.00
46774.00
46750.00
46704.00
46705.00
46742.00
46745.00
46684.00
46619.00
46616.00
46653.00
46664.00
46619.00
46541.00
46515.00
46555.00
46593.00
46582.00
46528.00
46513.00
46555.00
46588.00
46546.00
46469.00
46435.00
46421.00
46419.00
46356.00
46254.00
46179.00
46184.00
46176.00
46087.00
45978.00
45928.00
45935.00
45959.00
45904.00
45805.00
45738.00
45712.00
45723.00
45709.00
45614.00
45553.00
45546.00
45564.00
45526.00
45467.00
45404.00
45382.00
45382.00
45327.00
45182.00
45083.00
45027.00
45034.00
44977.00
44908.00
44833.00
44791.00
44812.00
44799.00
44701.00
44652.00
44636.00
44656.00
44630.00
44586.00
44505.00
44495.00
44510.00
44485.00
44397.00
44316.00
44285.00
44317.00
44301.00
44243.00
44169.00
44120.00
44139.00
44136.00
44052.00
43995.00
43941.00
43977.00
43981.00
43907.00
43847.00
43822.00
43838.00
43843.00
43794.00
43723.00
43723.00
43748.00
43748.00
43715.00
43640.00
43637.00
43667.00
43688.00
43646.00
43589.00
43582.00
43605.00
43646.00
43631.00
43592.00
43581.00
43630.00
43694.00
43699.00
43671.00
43663.00
43721.00
43791.00
43829.00
43833.00
43879.00
44003.00
44137.00
44245.00
44297.00
44366.00
44511.00
44702.00
44848.00
44953.00
45050.00
45271.00
45514.00
45674.00
45783.00
45906.00
46052.00
46260.00
46387.00
46462.00
46485.00
46598.00
46732.00
46848.00
46875.00
46907.00
46962.00
47030.00
47054.00
47025.00
46994.00
47013.00
47062.00
47092.00
47077.00
47021.00
47042.00
47082.00
47095.00
47047.00
47007.00
47021.00
47078.00
47082.00
47027.00
46971.00
46948.00
47018.00
47028.00
46969.00
46877.00
46871.00
46895.00
46916.00
46882.00
46817.00
46797.00
46815.00
46803.00
46751.00
46690.00
46662.00
46661.00
46685.00
46630.00
46565.00
46541.00
46579.00
46609.00
46565.00
46480.00
46454.00
46460.00
46490.00
46442.00
46355.00
46307.00
46298.00
46326.00
46292.00
46198.00
46150.00
46149.00
46173.00
46122.00
46023.00
45944.00
45932.00
45951.00
45897.00
45795.00
45727.00
45722.00
45741.00
45690.00
45589.00
45516.00
45503.00
45518.00
45462.00
45381.00
45286.00
45262.00
45268.00
45211.00
45112.00
45024.00
44986.00
44988.00
44941.00
44850.00
44755.00
44737.00
44731.00
44702.00
44591.00
44514.00
44497.00
44477.00
44471.00
44379.00
44298.00
44258.00
44270.00
44263.00
44189.00
44090.00
44050.00
44041.00
44057.00
44012.00
43942.00
43932.00
43958.00
43954.00
43902.00
43823.00
43802.00
43827.00
43844.00
43779.00
43713.00
43703.00
43707.00
43738.00
43705.00
43630.00
43600.00
43617.00
43661.00
43631.00
43566.00
43554.00
43574.00
43616.00
43585.00
43546.00
43528.00
43566.00
43613.00
43607.00
43541.00
43528.00
43576.00
43664.00
43674.00
43658.00
43662.00
43727.00
43821.00
43882.00
43913.00
43946.00
44047.00
44193.00
44288.00
44337.00
44414.00
44554.00
44732.00
44895.00
45012.00
45116.00
45299.00
45543.00
45710.00
45852.00
46032.00
46288.00
46520.00
46637.00
46715.00
46757.00
46845.00
46945.00
46996.00
47006.00
46963.00
47006.00
47079.00
47088.00
47067.00
47014.00
47041.00
47099.00
47148.00
47110.00
47066.00
47063.00
47119.00
47133.00
47098.00
47030.00
47026.00
47076.00
47114.00
47068.00
47008.00
46990.00
47029.00
47042.00
46988.00
46910.00
46897.00
46893.00
46923.00
46890.00
46806.00
46741.00
46737.00
46758.00
46729.00
46640.00
46615.00
46606.00
46642.00
46589.00
46513.00
46464.00
46487.00
46502.00
46437.00
46353.00
46309.00
46311.00
46315.00
46238.00
46171.00
46115.00
46098.00
46112.00
46057.00
45978.00
45894.00
45880.00
45888.00
45842.00
45775.00
45679.00
45661.00
45667.00
45613.00
45511.00
45429.00
45427.00
45431.00
45397.00
45298.00
45209.00
45192.00
45181.00
45135.00
45030.00
44946.00
44915.00
44910.00
44847.00
44766.00
44673.00
44638.00
44634.00
44605.00
44518.00
44415.00
44368.00
44363.00
44347.00
44278.00
44206.00
44155.00
44158.00
44168.00
44111.00
44014.00
43996.00
44001.00
44010.00
43965.00
43893.00
43864.00
43890.00
43895.00
43860.00
43783.00
43757.00
43772.00
43797.00
43748.00
43686.00
43654.00
43687.00
43718.00
43698.00
43648.00
43610.00
43630.00
43677.00
43656.00
43612.00
43562.00
43602.00
43675.00
43673.00
43658.00
43665.00
43737.00
43834.00
43880.00
43889.00
43936.00
44037.00
44174.00
44273.00
44342.00
44391.00
44555.00
44730.00
44830.00
44930.00
45046.00
45249.00
45473.00
45665.00
45786.00
45905.00
46083.00
46313.00
46485.00
46601.00
46664.00
46777.00
46921.00
46989.00
47052.00
47044.00
47109.00
47222.00
47280.00
47263.00
47201.00
47220.00
47282.00
47327.00
47301.00
47261.00
47282.00
47305.00
47307.00
47268.00
47220.00
47218.00
47250.00
47270.00
47224.00
47170.00
47168.00
47221.00
47244.00
47178.00
47143.00
47089.00
47105.00
47138.00
47075.00
47007.00
46966.00
46981.00
46992.00
46931.00
46837.00
46806.00
46796.00
46809.00
46757.00
46663.00
46616.00
46620.00
46627.00
46580.00
46491.00
46442.00
46438.00
46447.00
46396.00
46310.00
46241.00
46253.00
46222.00
46172.00
46086.00
46013.00
46003.00
45993.00
45931.00
45843.00
45768.00
45742.00
45726.00
45677.00
45575.00
45475.00
45441.00
45464.00
45403.00
45330.00
45212.00
45184.00
45178.00
45160.00
45064.00
44962.00
44924.00
44933.00
44894.00
44810.00
44706.00
44675.00
44687.00
44638.00
44570.00
44489.00
44462.00
44457.00
44434.00
44371.00
44274.00
44249.00
44258.00
44247.00
44175.00
44097.00
44044.00
44060.00
44070.00
44008.00
43935.00
43923.00
43920.00
43932.00
43893.00
43808.00
43788.00
43820.00
43825.00
43790.00
43720.00
43687.00
43726.00
43759.00
43712.00
43654.00
43625.00
43678.00
43708.00
43693.00
43649.00
43631.00
43673.00
43709.00
43727.00
43674.00
43688.00
43743.00
43828.00
43859.00
43875.00
43916.00
43993.00
44141.00
44226.00
44279.00
44340.00
44492.00
44635.00
44764.00
44846.00
44923.00
45078.00
45269.00
45411.00
45536.00
45662.00
45818.00
46009.00
46159.00
46254.00
46362.00
46493.00
46655.00
46755.00
46766.00
46797.00
46905.00
47001.00
47042.00
47039.00
47026.00
47073.00
47117.00
47127.00
47112.00
47069.00
47131.00
47221.00
47258.00
47227.00
47157.00
47178.00
47243.00
47297.00
47247.00
47177.00
47153.00
47193.00
47186.00
47120.00
47040.00
47005.00
47043.00
47039.00
47010.00
46953.00
46920.00
46928.00
46962.00
46908.00
46830.00
46771.00
46776.00
46776.00
46715.00
46624.00
46564.00
46569.00
46579.00
46530.00
46452.00
46428.00
46419.00
46428.00
46372.00
46286.00
46218.00
46195.00
46195.00
46127.00
46016.00
45949.00
45939.00
45924.00
45838.00
45770.00
45670.00
45669.00
45643.00
45567.00
45465.00
45393.00
45350.00
45344.00
45291.00
45171.00
45075.00
45034.00
45048.00
44978.00
44872.00
44791.00
44746.00
44741.00
44680.00
44598.00
44492.00
44475.00
44484.00
44454.00
44387.00
44307.00
44290.00
44307.00
44278.00
44221.00
44144.00
44123.00
44141.00
44134.00
44067.00
43982.00
43963.00
43987.00
43977.00
43924.00
43862.00
43831.00
43852.00
43848.00
43805.00
43746.00
43727.00
43755.00
43764.00
43725.00
43661.00
43637.00
43656.00
43692.00
43649.00
43594.00
43587.00
43617.00
43664.00
43618.00
43570.00
43570.00
43609.00
43653.00
43635.00
43589.00
43589.00
43645.00
43716.00
43730.00
43721.00
43752.00
43817.00
43919.00
44004.00
44046.00
44094.00
44255.00
44403.00
44519.00
44575.00
44650.00
44817.00
44997.00
45147.00
45280.00
45399.00
45549.00
45773.00
45937.00
46054.00
46169.00
46316.00
46484.00
46583.00
46643.00
46726.00
46880.00
47071.00
47158.00
47213.00
47224.00
47281.00
47354.00
47359.00
47334.00
47317.00
47356.00
47434.00
47462.00
47400.00
47340.00
47336.00
47355.00
47382.00
47326.00
47271.00
47287.00
47310.00
47325.00
47282.00
47216.00
47189.00
47203.00
47186.00
47108.00
47037.00
46999.00
46993.00
47004.00
46929.00
46838.00
46771.00
46762.00
46761.00
46701.00
46616.00
46563.00
46557.00
46558.00
46505.00
46403.00
46352.00
46330.00
46372.00
46309.00
46190.00
46112.00
46094.00
46097.00
46037.00
45940.00
45865.00
45838.00
45858.00
45779.00
45705.00
45645.00
45628.00
45628.00
45591.00
45493.00
45435.00
45414.00
45415.00
45379.00
45308.00
45234.00
45224.00
45216.00
45185.00
45095.00
45001.00
44986.00
44998.00
44976.00
44901.00
44802.00
44789.00
44801.00
44777.00
44702.00
44622.00
44602.00
44614.00
44584.00
44505.00
44423.00
44383.00
44400.00
44404.00
44330.00
44260.00
44228.00
44247.00
44245.00
44174.00
44104.00
44062.00
44079.00
44072.00
44017.00
43952.00
43930.00
43963.00
43985.00
43913.00
43849.00
43822.00
43845.00
43855.00
43819.00
43752.00
43725.00
43752.00
43764.00
43715.00
43658.00
43637.00
43664.00
43702.00
43655.00
43614.00
43586.00
43624.00
43668.00
43636.00
43593.00
43562.00
43585.00
43628.00
43650.00
43611.00
43621.00
43677.00
43767.00
43798.00
43782.00
43850.00
43952.00
44086.00
44195.00
44266.00
44332.00
44478.00
44651.00
44764.00
44868.00
44967.00
45149.00
45350.00
45521.00
45643.00
45757.00
45943.00
46205.00
46406.00
46549.00
46683.00
46855.00
47004.00
47089.00
47159.00
47191.00
47267.00
47360.00
47478.00
47477.00
47454.00
47475.00
47522.00
47588.00
47597.00
47578.00
47583.00
47633.00
47638.00
47604.00
47550.00
47551.00
47603.00
47586.00
47534.00
47469.00
47426.00
47438.00
47444.00
47418.00
47341.00
47298.00
47313.00
47315.00
47266.00
47193.00
47134.00
47124.00
47113.00
47061.00
46966.00
46895.00
46903.00
46895.00
46871.00
46766.00
46730.00
46715.00
46727.00
46667.00
46588.00
46530.00
46536.00
46551.00
46487.00
46398.00
46346.00
46323.00
46339.00
46286.00
46202.00
46121.00
46132.00
46130.00
46076.00
45974.00
45901.00
45892.00
45899.00
45859.00
45747.00
45669.00
45627.00
45636.00
45609.00
45519.00
45449.00
45429.00
45424.00
45390.00
45301.00
45201.00
45169.00
45168.00
45145.00
45052.00
44952.00
44919.00
44909.00
44878.00
44812.00
44719.00
44680.00
44691.00
44668.00
44583.00
44513.00
44470.00
44464.00
44461.00
44405.00
44300.00
44279.00
44281.00
44276.00
44192.00
44141.00
44080.00
44072.00
44099.00
44018.00
43935.00
43907.00
43911.00
43930.00
43872.00
43793.00
43765.00
43775.00
43801.00
43754.00
43678.00
43670.00
43684.00
43707.00
43681.00
43607.00
43585.00
43604.00
43638.00
43604.00
43556.00
43539.00
43567.00
43633.00
43611.00
43551.00
43530.00
43584.00
43663.00
43687.00
43658.00
43673.00
43722.00
43815.00
43859.00
43882.00
43914.00
44030.00
44176.00
44276.00
44319.00
44402.00
44535.00
44734.00
44881.00
44997.00
45124.00
45307.00
45537.00
45737.00
45913.00
46107.00
46308.00
46578.00
46757.00
46854.00
46939.00
47056.00
47209.00
47326.00
47337.00
47318.00
47362.00
47478.00
47521.00
47530.00
47485.00
47473.00
47542.00
47574.00
47546.00
47499.00
47486.00
47503.00
47540.00
47521.00
47471.00
47480.00
47483.00
47514.00
47438.00
47365.00
47361.00
47368.00
47411.00
47349.00
47286.00
47221.00
47240.00
47265.00
47211.00
47122.00
47078.00
47072.00
47079.00
47005.00
46912.00
46853.00
46839.00
46857.00
46803.00
46738.00
46671.00
46691.00
46690.00
46638.00
46547.00
46489.00
46466.00
46489.00
46437.00
46346.00
46253.00
46246.00
46248.00
46202.00
46121.00
46030.00
46008.00
46023.00
45982.00
45905.00
45828.00
45821.00
45845.00
45802.00
45710.00
45611.00
45593.00
45593.00
45567.00
45493.00
45426.00
45397.00
45409.00
45351.00
45268.00
45158.00
45137.00
45144.00
45115.00
45034.00
44948.00
44919.00
44951.00
44900.00
44833.00
44730.00
44706.00
44717.00
44698.00
44642.00
44562.00
44517.00
44509.00
44501.00
44428.00
44346.00
44305.00
44308.00
44299.00
44236.00
44155.00
44100.00
44109.00
44114.00
44056.00
43994.00
43949.00
43946.00
43970.00
43932.00
43859.00
43820.00
43833.00
43848.00
43802.00
43739.00
43717.00
43731.00
43775.00
43734.00
43668.00
43609.00
43637.00
43665.00
43659.00
43607.00
43546.00
43591.00
43630.00
43616.00
43563.00
43545.00
43571.00
43616.00
43602.00
43570.00
43529.00
43574.00
43622.00
43619.00
43597.00
43588.00
43656.00
43732.00
43788.00
43776.00
43807.00
43898.00
44044.00
44154.00
44237.00
44317.00
44453.00
44638.00
44787.00
44904.00
45048.00
45279.00
45592.00
45834.00
45995.00
46163.00
46378.00
46614.00
46806.00
46964.00
47038.00
47146.00
47283.00
47399.00
47436.00
47446.00
47525.00
47640.00
47757.00
47812.00
47817.00
47824.00
47892.00
47920.00
47878.00
47809.00
47791.00
47795.00
47828.00
47788.00
47702.00
47645.00
47669.00
47682.00
47638.00
47542.00
47522.00
47538.00
47549.00
47523.00
47442.00
47400.00
47424.00
47442.00
47384.00
47260.00
47184.00
47169.00
47196.00
47162.00
47071.00
47006.00
46972.00
46984.00
46922.00
46842.00
46769.00
46756.00
46783.00
46749.00
46665.00
46602.00
46565.00
46580.00
46543.00
46462.00
46362.00
46345.00
46376.00
46335.00
46258.00
46156.00
46133.00
46154.00
46091.00
46020.00
45934.00
45930.00
45933.00
45914.00
45833.00
45749.00
45698.00
45722.00
45655.00
45558.00
45457.00
45453.00
45446.00
45430.00
45343.00
45255.00
45208.00
45211.00
45210.00
45122.00
45025.00
44987.00
44989.00
44979.00
44905.00
44804.00
44748.00
44741.00
44731.00
44679.00
44566.00
44508.00
44515.00
44519.00
44458.00
44359.00
44312.00
44308.00
44314.00
44263.00
44179.00
44128.00
44128.00
44135.00
44114.00
44015.00
43965.00
43981.00
44002.00
43953.00
43876.00
43812.00
43819.00
43848.00
43824.00
43747.00
43705.00
43704.00
43726.00
43717.00
43661.00
43603.00
43609.00
43629.00
43623.00
43578.00
43526.00
43546.00
43584.00
43575.00
43530.00
43485.00
43496.00
43546.00
43554.00
43506.00
43452.00
43465.00
43512.00
43515.00
43476.00
43445.00
43471.00
43522.00
43553.00
43536.00
43489.00
43544.00
43600.00
43659.00
43665.00
43674.00
43752.00
43865.00
43978.00
44023.00
44074.00
44210.00
44394.00
44548.00
44642.00
44744.00
44865.00
45091.00
45315.00
45504.00
45677.00
45862.00
46078.00
46330.00
46506.00
46643.00
46789.00
46989.00
47152.00
47239.00
47304.00
47362.00
47480.00
47568.00
47639.00
47644.00
47697.00
47839.00
47931.00
47967.00
47967.00
47968.00
47974.00
47987.00
47932.00
47882.00
47856.00
47867.00
47876.00
47865.00
47792.00
47730.00
47713.00
47722.00
47685.00
47642.00
47611.00
47601.00
47625.00
47617.00
47537.00
47475.00
47439.00
47470.00
47427.00
47345.00
47255.00
47223.00
47235.00
47189.00
47110.00
47034.00
47003.00
47021.00
47017.00
46918.00
46843.00
46817.00
46842.00
46843.00
46767.00
46673.00
46633.00
46669.00
46655.00
46599.00
46492.00
46446.00
46440.00
46432.00
46377.00
46272.00
46217.00
46226.00
46214.00
46157.00
46043.00
46008.00
46002.00
45993.00
45914.00
45837.00
45794.00
45778.00
45747.00
45700.00
45623.00
45553.00
45538.00
45558.00
45470.00
45358.00
45308.00
45284.00
45294.00
45224.00
45133.00
45068.00
45076.00
45059.00
45010.00
44916.00
44850.00
44832.00
44848.00
44802.00
44729.00
44651.00
44652.00
44662.00
44610.00
44535.00
44476.00
44472.00
44494.00
44446.00
44388.00
44290.00
44303.00
44318.00
44279.00
44213.00
44129.00
44128.00
44162.00
44137.00
44071.00
43990.00
43973.00
43999.00
44011.00
43940.00
43863.00
43846.00
43869.00
43868.00
43813.00
43738.00
43727.00
43752.00
43749.00
43706.00
43622.00
43621.00
43647.00
43662.00
43604.00
43543.00
43512.00
43569.00
43600.00
43569.00
43506.00
43504.00
43526.00
43571.00
43546.00
43490.00
43481.00
43506.00
43560.00
43534.00
43517.00
43505.00
43539.00
43612.00
43594.00
43595.00
43625.00
43676.00
43780.00
43848.00
43884.00
43941.00
44079.00
44284.00
44387.00
44485.00
44602.00
44753.00
44945.00
45124.00
45269.00
45438.00
45674.00
45932.00
46107.00
46289.00
46480.00
46705.00
46940.00
47095.00
47193.00
47285.00
47395.00
47492.00
47585.00
47607.00
47624.00
47712.00
47802.00
47846.00
47822.00
47773.00
47752.00
47788.00
47794.00
47766.00
47716.00
47685.00
47725.00
47734.00
47667.00
47627.00
47620.00
47649.00
47652.00
47585.00
47545.00
47518.00
47572.00
47592.00
47548.00
47453.00
47425.00
47447.00
47426.00
47335.00
47228.00
47185.00
47201.00
47210.00
47157.00
47059.00
47027.00
47003.00
47012.00
46955.00
46879.00
46836.00
46836.00
46841.00
46790.00
46714.00
46661.00
46653.00
46662.00
46602.00
46510.00
46447.00
46435.00
46429.00
46366.00
46271.00
46189.00
46174.00
46170.00
46093.00
45989.00
45903.00
45868.00
45844.00
45794.00
45694.00
45613.00
45566.00
45556.00
45497.00
45389.00
45276.00
45243.00
45228.00
45165.00
45079.00
44951.00
44906.00
44918.00
44872.00
44785.00
44694.00
44673.00
44664.00
44663.00
44580.00
44501.00
44446.00
44472.00
44469.00
44404.00
44323.00
44291.00
44296.00
44285.00
44234.00
44165.00
44155.00
44164.00
44155.00
44102.00
44030.00
43995.00
44016.00
44041.00
43993.00
43924.00
43892.00
43907.00
43920.00
43894.00
43819.00
43799.00
43801.00
43827.00
43794.00
43731.00
43685.00
43710.00
43734.00
43687.00
43627.00
43607.00
43623.00
43645.00
43625.00
43587.00
43532.00
43561.00
43581.00
43577.00
43519.00
43508.00
43541.00
43590.00
43599.00
43561.00
43552.00
43598.00
43674.00
43692.00
43722.00
43704.00
43781.00
43893.00
43981.00
44037.00
44106.00
44224.00
44397.00
44527.00
44617.00
44741.00
44883.00
45124.00
45335.00
45507.00
45692.00
45889.00
46121.00
46376.00
46533.00
46708.00
46883.00
47126.00
47339.00
47443.00
47509.00
47630.00
47742.00
47844.00
47888.00
47913.00
48022.00
48110.00
48219.00
48241.00
48165.00
48131.00
48141.00
48155.00
48127.00
48057.00
48024.00
48022.00
48045.00
48013.00
47942.00
47877.00
47852.00
47870.00
47820.00
47776.00
47734.00
47737.00
47755.00
47694.00
47607.00
47523.00
47523.00
47533.00
47461.00
47373.00
47302.00
47292.00
47299.00
47230.00
47151.00
47066.00
47063.00
47086.00
47057.00
46986.00
46913.00
46900.00
46928.00
46905.00
46818.00
46723.00
46707.00
46717.00
46697.00
46648.00
46582.00
46572.00
46568.00
46553.00
46480.00
46402.00
46371.00
46370.00
46357.00
46286.00
46191.00
46137.00
46158.00
46125.00
46066.00
45952.00
45905.00
45900.00
45879.00
45825.00
45726.00
45655.00
45657.00
45647.00
45575.00
45473.00
45410.00
45415.00
45402.00
45320.00
45224.00
45163.00
45168.00
45172.00
45080.00
44992.00
44927.00
44903.00
44894.00
44846.00
44746.00
44691.00
44680.00
44688.00
44619.00
44540.00
44475.00
44455.00
44483.00
44430.00
44354.00
44285.00
44280.00
44302.00
44238.00
44168.00
44104.00
44096.00
44128.00
44108.00
44009.00
43962.00
43949.00
43970.00
43927.00
43874.00
43833.00
43817.00
43847.00
43841.00
43772.00
43714.00
43720.00
43748.00
43744.00
43697.00
43646.00
43636.00
43668.00
43679.00
43621.00
43571.00
43575.00
43602.00
43629.00
43596.00
43551.00
43538.00
43590.00
43612.00
43586.00
43551.00
43558.00
43618.00
43666.00
43685.00
43659.00
43699.00
43759.00
43864.00
43918.00
43957.00
44055.00
44206.00
44358.00
44504.00
44608.00
44783.00
44987.00
45246.00
45410.00
45584.00
45785.00
46022.00
46286.00
46479.00
46637.00
46809.00
46992.00
47238.00
47400.00
47459.00
47495.00
47617.00
47754.00
47826.00
47855.00
47904.00
47987.00
48109.00
48107.00
48022.00
47946.00
47937.00
48006.00
48004.00
47932.00
47870.00
47873.00
47906.00
47929.00
47910.00
47830.00
47839.00
47834.00
47846.00
47759.00
47664.00
47642.00
47664.00
47648.00
47558.00
47452.00
47390.00
47393.00
47401.00
47338.00
47255.00
47199.00
47197.00
47202.00
47135.00
47047.00
46987.00
46999.00
47009.00
46956.00
46844.00
46800.00
46790.00
46790.00
46730.00
46627.00
46590.00
46575.00
46582.00
46524.00
46445.00
46367.00
46353.00
46379.00
46330.00
46221.00
46132.00
46116.00
46098.00
46051.00
45952.00
45872.00
45839.00
45806.00
45751.00
45641.00
45550.00
45518.00
45497.00
45438.00
45345.00
45233.00
45216.00
45214.00
45175.00
45080.00
44992.00
44929.00
44932.00
44900.00
44832.00
44729.00
44668.00
44653.00
44621.00
44564.00
44476.00
44423.00
44434.00
44431.00
44359.00
44280.00
44235.00
44244.00
44248.00
44194.00
44113.00
44060.00
44065.00
44080.00
44024.00
43971.00
43915.00
43924.00
43969.00
43933.00
43859.00
43821.00
43826.00
43848.00
43822.00
43773.00
43700.00
43707.00
43736.00
43711.00
43664.00
43622.00
43636.00
43675.00
43659.00
43614.00
43560.00
43577.00
43607.00
43596.00
43554.00
43513.00
43500.00
43552.00
43560.00
43525.00
43484.00
43495.00
43529.00
43552.00
43511.00
43478.00
43498.00
43555.00
43589.00
43580.00
43534.00
43571.00
43643.00
43712.00
43719.00
43742.00
43792.00
43896.00
44027.00
44074.00
44131.00
44244.00
44386.00
44528.00
44634.00
44700.00
44808.00
45037.00
45276.00
45492.00
45703.00
45902.00
46171.00
46461.00
46647.00
46792.00
46975.00
47186.00
47404.00
47553.00
47636.00
47652.00
47786.00
47926.00
47992.00
48067.00
48165.00
48318.00
48410.00
48425.00
48377.00
48295.00
48273.00
48296.00
48272.00
48222.00
48172.00
48134.00
48141.00
48160.00
48112.00
48004.00
47953.00
47941.00
47926.00
47842.00
47753.00
47722.00
47744.00
47733.00
47657.00
47564.00
47512.00
47499.00
47493.00
47420.00
47331.00
47303.00
47276.00
47277.00
47210.00
47121.00
47073.00
47084.00
47097.00
47025.00
46928.00
46854.00
46841.00
46824.00
46775.00
46677.00
46596.00
46565.00
46562.00
46501.00
46389.00
46317.00
46310.00
46305.00
46254.00
46142.00
46048.00
46013.00
46004.00
45969.00
45863.00
45777.00
45744.00
45720.00
45654.00
45552.00
45442.00
45405.00
45410.00
45375.00
45284.00
45207.00
45151.00
45157.00
45137.00
45043.00
44954.00
44923.00
44916.00
44911.00
44834.00
44736.00
44701.00
44714.00
44714.00
44636.00
44540.00
44494.00
44497.00
44511.00
44444.00
44354.00
44312.00
44295.00
44319.00
44274.00
44210.00
44164.00
44155.00
44176.00
44117.00
44040.00
43988.00
43990.00
44035.00
44012.00
43950.00
43893.00
43894.00
43921.00
43899.00
43843.00
43790.00
43795.00
43838.00
43821.00
43772.00
43721.00
43725.00
43766.00
43743.00
43702.00
43650.00
43640.00
43690.00
43709.00
43663.00
43601.00
43590.00
43621.00
43631.00
43619.00
43556.00
43555.00
43574.00
43614.00
43559.00
43506.00
43506.00
43546.00
43595.00
43572.00
43530.00
43544.00
43604.00
43663.00
43649.00
43630.00
43638.00
43713.00
43808.00
43863.00
43903.00
43957.00
44093.00
44223.00
44325.00
44401.00
44522.00
44679.00
44882.00
45044.00
45197.00
45386.00
45619.00
45892.00
46105.00
46294.00
46497.00
46745.00
46970.00
47131.00
47255.00
47393.00
47562.00
47709.00
47856.00
47902.00
47973.00
48097.00
48287.00
48421.00
48447.00
48448.00
48430.00
48392.00
48362.00
48298.00
48260.00
48257.00
48262.00
48253.00
48219.00
48152.00
48129.00
48166.00
48181.00
48118.00
48031.00
47998.00
47985.00
47982.00
47910.00
47837.00
47794.00
47800.00
47808.00
47730.00
47638.00
47566.00
47572.00
47576.00
47522.00
47448.00
47383.00
47370.00
47414.00
47355.00
47270.00
47198.00
47181.00
47209.00
47179.00
47083.00
46985.00
46981.00
46978.00
46956.00
46872.00
46797.00
46779.00
46807.00
46763.00
46660.00
46576.00
46531.00
46551.00
46516.00
46429.00
46324.00
46266.00
46264.00
46262.00
46177.00
46066.00
46007.00
45981.00
45949.00
45845.00
45749.00
45701.00
45657.00
45647.00
45571.00
45470.00
45403.00
45395.00
45364.00
45299.00
45174.00
45124.00
45097.00
45093.00
45019.00
44924.00
44855.00
44847.00
44840.00
44786.00
44697.00
44634.00
44634.00
44629.00
44612.00
44523.00
44459.00
44450.00
44451.00
44424.00
44348.00
44296.00
44289.00
44316.00
44300.00
44227.00
44177.00
44161.00
44206.00
44184.00
44122.00
44048.00
44031.00
44065.00
44064.00
44023.00
43961.00
43942.00
43959.00
43986.00
43925.00
43861.00
43848.00
43882.00
43878.00
43852.00
43783.00
43778.00
43790.00
43800.00
43770.00
43712.00
43685.00
43714.00
43742.00
43718.00
43666.00
43646.00
43668.00
43707.00
43691.00
43642.00
43606.00
43654.00
43676.00
43658.00
43613.00
43601.00
43616.00
43673.00
43668.00
43626.00
43627.00
43676.00
43738.00
43762.00
43731.00
43751.00
43796.00
43926.00
43984.00
44031.00
44087.00
44200.00
44372.00
44471.00
44561.00
44664.00
44839.00
45005.00
45194.00
45358.00
45508.00
45715.00
45988.00
46250.00
46449.00
46584.00
46776.00
46958.00
47171.00
47303.00
47400.00
47494.00
47623.00
47780.00
47842.00
47874.00
47965.00
48154.00
48316.00
48374.00
48366.00
48358.00
48414.00
48454.00
48412.00
48298.00
48230.00
48246.00
48272.00
48240.00
48167.00
48110.00
48082.00
48116.00
48071.00
47972.00
47924.00
47912.00
47974.00
47933.00
47835.00
47746.00
47721.00
47733.00
47683.00
47591.00
47503.00
47480.00
47489.00
47463.00
47384.00
47316.00
47286.00
47285.00
47259.00
47169.00
47107.00
47077.00
47083.00
47067.00
46981.00
46886.00
46851.00
46845.00
46817.00
46746.00
46649.00
46610.00
46613.00
46603.00
46544.00
46457.00
46414.00
46400.00
46375.00
46299.00
46206.00
46149.00
46139.00
46142.00
46067.00
45942.00
45871.00
45831.00
45828.00
45757.00
45656.00
45573.00
45567.00
45572.00
45510.00
45390.00
45345.00
45316.00
45335.00
45272.00
45187.00
45122.00
45074.00
45095.00
45061.00
44961.00
44898.00
44869.00
44900.00
44853.00
44786.00
44686.00
44675.00
44686.00
44654.00
44596.00
44503.00
44484.00
44491.00
44469.00
44409.00
44331.00
44309.00
44322.00
44311.00
44248.00
44173.00
44159.00
44165.00
44161.00
44097.00
44026.00
44019.00
44021.00
44017.00
43975.00
43901.00
43883.00
43900.00
43904.00
43860.00
43795.00
43769.00
43787.00
43806.00
43790.00
43705.00
43674.00
43701.00
43732.00
43705.00
43641.00
43622.00
43638.00
43692.00
43661.00
43609.00
43587.00
43600.00
43645.00
43652.00
43589.00
43562.00
43580.00
43646.00
43662.00
43641.00
43605.00
43630.00
43692.00
43726.00
43715.00
43706.00
43741.00
43841.00
43938.00
43975.00
44029.00
44139.00
44277.00
44423.00
44508.00
44604.00
44766.00
44975.00
45160.00
45333.00
45472.00
45693.00
45946.00
46177.00
46357.00
46507.00
46747.00
46973.00
47204.00
47330.00
47436.00
47569.00
47721.00
47850.00
47919.00
47998.00
48052.00
48217.00
48386.00
48432.00
48419.00
48405.00
48421.00
48478.00
48433.00
48343.00
48296.00
48275.00
48327.00
48311.00
48230.00
48162.00
48142.00
48183.00
48158.00
48079.00
48063.00
48049.00
48065.00
48043.00
47946.00
47855.00
47807.00
47831.00
47805.00
47715.00
47642.00
47607.00
47613.00
47595.00
47507.00
47435.00
47402.00
47414.00
47394.00
47317.00
47222.00
47171.00
47168.00
47176.00
47101.00
47015.00
46955.00
46938.00
46930.00
46882.00
46784.00
46742.00
46741.00
46731.00
46655.00
46558.00
46520.00
46511.00
46512.00
46418.00
46329.00
46266.00
46241.00
46218.00
46136.00
46029.00
45950.00
45905.00
45901.00
45838.00
45735.00
45656.00
45612.00
45596.00
45537.00
45410.00
45314.00
45300.00
45280.00
45227.00
45140.00
45033.00
44984.00
44983.00
44940.00
44858.00
44763.00
44713.00
44725.00
44700.00
44636.00
44534.00
44503.00
44523.00
44506.00
44436.00
44352.00
44323.00
44300.00
44331.00
44233.00
44161.00
44122.00
44116.00
44130.00
44082.00
43992.00
43950.00
43962.00
43985.00
43938.00
43862.00
43821.00
43829.00
43869.00
43818.00
43747.00
43719.00
43732.00
43749.00
43720.00
43664.00
43614.00
43633.00
43687.00
43665.00
43600.00
43538.00
43569.00
43640.00
43624.00
43567.00
43537.00
43568.00
43626.00
43637.00
43616.00
43582.00
43626.00
43679.00
43726.00
43715.00
43717.00
43786.00
43904.00
44012.00
44073.00
44151.00
44261.00
44435.00
44567.00
44703.00
44831.00
44987.00
45202.00
45448.00
45641.00
45834.00
46052.00
46352.00
46627.00
46804.00
46943.00
47091.00
47308.00
47471.00
47581.00
47583.00
47753.00
47858.00
47989.00
48028.00
48078.00
48094.00
48179.00
48223.00
48218.00
48197.00
48197.00
48197.00
48195.00
48155.00
48086.00
48066.00
48108.00
48147.00
48102.00
47989.00
47893.00
47918.00
47938.00
47867.00
47794.00
47705.00
47700.00
47720.00
47727.00
47656.00
47574.00
47511.00
47511.00
47485.00
47408.00
47322.00
47292.00
47283.00
47259.00
47168.00
47100.00
47054.00
47051.00
47034.00
46944.00
46840.00
46774.00
46768.00
46755.00
46659.00
46551.00
46492.00
46484.00
46460.00
46369.00
46276.00
46186.00
46157.00
46106.00
46006.00
45886.00
45782.00
45704.00
45657.00
45576.00
45465.00
45369.00
45332.00
45322.00
45221.00
45100.00
45019.00
44972.00
44943.00
44844.00
44747.00
44646.00
44608.00
44605.00
44528.00
44434.00
44358.00
44306.00
44319.00
44266.00
44191.00
44113.00
44078.00
44103.00
44074.00
43993.00
43934.00
43923.00
43937.00
43927.00
43877.00
43805.00
43786.00
43816.00
43797.00
43743.00
43701.00
43686.00
43713.00
43724.00
43685.00
43616.00
43610.00
43633.00
43651.00
43606.00
43538.00
43549.00
43604.00
43640.00
43601.00
43551.00
43543.00
43579.00
43624.00
43591.00
43558.00
43556.00
43617.00
43671.00
43655.00
43605.00
43628.00
43706.00
43784.00
43812.00
43816.00
43840.00
43971.00
44125.00
44218.00
44296.00
44381.00
44507.00
44712.00
44850.00
44980.00
45143.00
45382.00
45666.00
45887.00
46064.00
46277.00
46512.00
46801.00
46979.00
47081.00
47192.00
47367.00
47566.00
47673.00
47730.00
47758.00
47886.00
48015.00
48143.00
48194.00
48255.00
48361.00
48475.00
48512.00
48504.00
48502.00
48519.00
48567.00
48592.00
48511.00
48404.00
48378.00
48426.00
48425.00
48374.00
48234.00
48158.00
48132.00
48129.00
48036.00
47943.00
47905.00
47891.00
47896.00
47846.00
47744.00
47663.00
47649.00
47638.00
47558.00
47484.00
47415.00
47403.00
47412.00
47347.00
47263.00
47195.00
47170.00
47180.00
47111.00
47014.00
46927.00
46910.00
46909.00
46844.00
46744.00
46660.00
46621.00
46638.00
46564.00
46460.00
46355.00
46348.00
46348.00
46297.00
46175.00
46048.00
46004.00
45989.00
45947.00
45823.00
45701.00
45665.00
45639.00
45588.00
45479.00
45363.00
45295.00
45263.00
45220.00
45107.00
44997.00
44926.00
44926.00
44890.00
44793.00
44657.00
44595.00
44607.00
44595.00
44506.00
44414.00
44357.00
44342.00
44326.00
44265.00
44193.00
44155.00
44146.00
44140.00
44090.00
44022.00
43974.00
43974.00
43997.00
43962.00
43854.00
43837.00
43819.00
43873.00
43830.00
43763.00
43713.00
43721.00
43759.00
43742.00
43659.00
43641.00
43647.00
43678.00
43658.00
43602.00
43574.00
43579.00
43629.00
43609.00
43593.00
43532.00
43541.00
43591.00
43605.00
43556.00
43533.00
43557.00
43593.00
43627.00
43588.00
43543.00
43570.00
43651.00
43702.00
43707.00
43697.00
43752.00
43850.00
43981.00
44038.00
44122.00
44241.00
44395.00
44539.00
44680.00
44805.00
44989.00
45242.00
45461.00
45661.00
45826.00
46043.00
46332.00
46625.00
46842.00
46959.00
47085.00
47268.00
47463.00
47587.00
47700.00
47769.00
47899.00
48040.00
48147.00
48167.00
48282.00
48408.00
48523.00
48523.00
48482.00
48455.00
48483.00
48459.00
48435.00
48388.00
48348.00
48362.00
48406.00
48360.00
48288.00
48200.00
48165.00
48167.00
48166.00
48070.00
47987.00
47967.00
47939.00
47898.00
47801.00
47724.00
47698.00
47687.00
47651.00
47560.00
47461.00
47439.00
47421.00
47400.00
47309.00
47224.00
47177.00
47190.00
47153.00
47061.00
46967.00
46920.00
46922.00
46897.00
46808.00
46700.00
46645.00
46639.00
46592.00
46517.00
46410.00
46356.00
46343.00
46311.00
46235.00
46110.00
46039.00
46000.00
45970.00
45899.00
45785.00
45711.00
45680.00
45663.00
45595.00
45501.00
45446.00
45424.00
45429.00
45346.00
45267.00
45176.00
45154.00
45145.00
45077.00
44993.00
44901.00
44889.00
44909.00
44820.00
44725.00
44668.00
44647.00
44639.00
44595.00
44519.00
44447.00
44441.00
44451.00
44402.00
44352.00
44280.00
44264.00
44275.00
44230.00
44157.00
44096.00
44069.00
44087.00
44074.00
44018.00
43947.00
43946.00
43976.00
43986.00
43913.00
43863.00
43848.00
43885.00
43860.00
43841.00
43777.00
43769.00
43792.00
43787.00
43749.00
43693.00
43640.00
43698.00
43735.00
43698.00
43625.00
43609.00
43633.00
43666.00
43652.00
43606.00
43590.00
43609.00
43646.00
43615.00
43569.00
43581.00
43601.00
43665.00
43666.00
43643.00
43635.00
43713.00
43801.00
43833.00
43864.00
43910.00
44031.00
44199.00
44291.00
44365.00
44473.00
44644.00
44867.00
45035.00
45163.00
45354.00
45589.00
45862.00
46103.00
46301.00
46498.00
46730.00
46989.00
47164.00
47312.00
47455.00
47612.00
47749.00
47874.00
47920.00
48017.00
48129.00
48311.00
48455.00
48480.00
48508.00
48514.00
48548.00
48522.00
48485.00
48415.00
48422.00
48461.00
48460.00
48415.00
48350.00
48325.00
48372.00
48388.00
48293.00
48173.00
48102.00
48095.00
48096.00
48020.00
47915.00
47847.00
47847.00
47825.00
47740.00
47624.00
47558.00
47544.00
47544.00
47490.00
47388.00
47321.00
47301.00
47296.00
47221.00
47133.00
47084.00
47077.00
47073.00
46981.00
46870.00
46786.00
46783.00
46752.00
46705.00
46597.00
46542.00
46509.00
46494.00
46439.00
46343.00
46258.00
46227.00
46224.00
46153.00
46064.00
45969.00
45936.00
45930.00
45842.00
45735.00
45631.00
45610.00
45607.00
45569.00
45450.00
45351.00
45300.00
45291.00
45242.00
45142.00
45043.00
45031.00
45015.00
44957.00
44883.00
44783.00
44750.00
44756.00
44728.00
44640.00
44564.00
44519.00
44538.00
44492.00
44417.00
44326.00
44301.00
44293.00
44302.00
44223.00
44145.00
44107.00
44135.00
44125.00
44059.00
43976.00
43951.00
43972.00
43983.00
43912.00
43849.00
43828.00
43853.00
43859.00
43821.00
43750.00
43705.00
43738.00
43769.00
43736.00
43667.00
43653.00
43654.00
43687.00
43653.00
43617.00
43576.00
43611.00
43637.00
43621.00
43573.00
43548.00
43587.00
43610.00
43606.00
43569.00
43539.00
43559.00
43643.00
43631.00
43589.00
43581.00
43609.00
43668.00
43686.00
43660.00
43651.00
43737.00
43821.00
43878.00
43910.00
43965.00
44087.00
44221.00
44392.00
44463.00
44566.00
44724.00
44936.00
45107.00
45285.00
45453.00
45693.00
45984.00
46198.00
46369.00
46522.00
46735.00
46991.00
47153.00
47289.00
47380.00
47505.00
47687.00
47790.00
47883.00
47930.00
48053.00
48223.00
48337.00
48395.00
48470.00
48523.00
48617.00
48645.00
48611.00
48525.00
48487.00
48555.00
48593.00
48559.00
48519.00
48481.00
48468.00
48456.00
48382.00
48299.00
48261.00
48296.00
48289.00
48225.00
48100.00
48009.00
47996.00
47989.00
47922.00
47794.00
47733.00
47684.00
47684.00
47620.00
47532.00
47477.00
47458.00
47453.00
47404.00
47311.00
47226.00
47185.00
47178.00
47097.00
46989.00
46919.00
46888.00
46894.00
46819.00
46711.00
46622.00
46584.00
46584.00
46532.00
46439.00
46327.00
46294.00
46290.00
46213.00
46100.00
45977.00
45933.00
45942.00
45890.00
45784.00
45668.00
45602.00
45609.00
45573.00
45492.00
45384.00
45345.00
45345.00
45314.00
45228.00
45120.00
45082.00
45077.00
45048.00
44956.00
44857.00
44807.00
44803.00
44793.00
44721.00
44608.00
44572.00
44565.00
44560.00
44484.00
44394.00
44357.00
44374.00
44382.00
44296.00
44234.00
44194.00
44206.00
44222.00
44194.00
44094.00
44076.00
44082.00
44107.00
44054.00
43987.00
43946.00
43965.00
43984.00
43958.00
43868.00
43854.00
43855.00
43882.00
43848.00
43779.00
43746.00
43752.00
43793.00
43760.00
43714.00
43684.00
43692.00
43734.00
43717.00
43663.00
43637.00
43636.00
43685.00
43696.00
43649.00
43616.00
43642.00
43717.00
43704.00
43666.00
43636.00
43666.00
43731.00
43758.00
43723.00
43691.00
43743.00
43819.00
43866.00
43870.00
43892.00
44007.00
44142.00
44275.00
44339.00
44400.00
44543.00
44711.00
44875.00
45018.00
45155.00
45350.00
45596.00
45828.00
46005.00
46193.00
46399.00
46631.00
46873.00
46973.00
47076.00
47252.00
47465.00
47610.00
47689.00
47736.00
47844.00
47993.00
48165.00
48221.00
48241.00
48310.00
48387.00
48445.00
48418.00
48360.00
48346.00
48363.00
48394.00
48346.00
48301.00
48350.00
48378.00
48396.00
48346.00
48248.00
48184.00
48151.00
48153.00
48076.00
47982.00
47901.00
47882.00
47891.00
47846.00
47727.00
47653.00
47644.00
47649.00
47607.00
47531.00
47452.00
47423.00
47427.00
47357.00
47240.00
47159.00
47151.00
47149.00
47110.00
47009.00
46922.00
46879.00
46845.00
46803.00
46700.00
46599.00
46581.00
46574.00
46512.00
46403.00
46288.00
46227.00
46237.00
46180.00
46098.00
46000.00
45938.00
45928.00
45864.00
45770.00
45664.00
45601.00
45603.00
45565.00
45480.00
45380.00
45338.00
45332.00
45307.00
45207.00
45093.00
45044.00
45020.00
44994.00
44923.00
44813.00
44748.00
44752.00
44714.00
44652.00
44542.00
44499.00
44490.00
44510.00
44420.00
44334.00
44292.00
44313.00
44310.00
44264.00
44182.00
44126.00
44146.00
44169.00
44114.00
44060.00
44020.00
44027.00
44054.00
44010.00
43955.00
43903.00
43916.00
43928.00
43896.00
43826.00
43796.00
43815.00
43848.00
43794.00
43772.00
43721.00
43746.00
43788.00
43750.00
43691.00
43667.00
43673.00
43719.00
43725.00
43658.00
43625.00
43633.00
43679.00
43651.00
43610.00
43570.00
43587.00
43613.00
43611.00
43567.00
43544.00
43567.00
43597.00
43607.00
43588.00
43531.00
43552.00
43607.00
43614.00
43581.00
43542.00
43583.00
43630.00
43662.00
43641.00
43631.00
43658.00
43745.00
43799.00
43845.00
43895.00
43994.00
44123.00
44272.00
44366.00
44472.00
44623.00
44838.00
45059.00
45229.00
45377.00
45575.00
45831.00
46103.00
46330.00
46522.00
46719.00
46950.00
47151.00
47321.00
47450.00
47607.00
47736.00
47905.00
47991.00
48065.00
48211.00
48321.00
48448.00
48493.00
48521.00
48496.00
48507.00
48509.00
48481.00
48445.00
48419.00
48411.00
48437.00
48392.00
48319.00
48269.00
48281.00
48305.00
48249.00
48131.00
48020.00
48000.00
48001.00
47985.00
47903.00
47800.00
47743.00
47718.00
47653.00
47544.00
47444.00
47437.00
47458.00
47429.00
47344.00
47235.00
47169.00
47137.00
47074.00
46985.00
46894.00
46841.00
46784.00
46729.00
46620.00
46524.00
46478.00
46475.00
46429.00
46333.00
46211.00
46156.00
46127.00
46072.00
45984.00
45839.00
45772.00
45774.00
45750.00
45671.00
45557.00
45492.00
45459.00
45440.00
45372.00
45272.00
45189.00
45180.00
45159.00
45070.00
44970.00
44915.00
44916.00
44901.00
44823.00
44725.00
44656.00
44653.00
44649.00
44594.00
44508.00
44451.00
44456.00
44483.00
44418.00
44323.00
44266.00
44265.00
44277.00
44232.00
44162.00
44114.00
44120.00
44126.00
44083.00
44022.00
43976.00
43990.00
44010.00
43966.00
43904.00
43850.00
43872.00
43902.00
43875.00
43818.00
43772.00
43782.00
43797.00
43798.00
43732.00
43677.00
43673.00
43719.00
43717.00
43668.00
43621.00
43611.00
43664.00
43642.00
43605.00
43559.00
43562.00
43604.00
43617.00
43563.00
43519.00
43514.00
43573.00
43593.00
43542.00
43514.00
43520.00
43568.00
43581.00
43572.00
43521.00
43534.00
43576.00
43611.00
43578.00
43548.00
43558.00
43611.00
43663.00
43666.00
43629.00
43642.00
43715.00
43803.00
43847.00
43870.00
43936.00
44064.00
44213.00
44308.00
44372.00
44494.00
44671.00
44850.00
44997.00
45133.00
45323.00
45569.00
45814.00
46003.00
46171.00
46341.00
46563.00
46782.00
46959.00
47073.00
47222.00
47394.00
47571.00
47664.00
47697.00
47838.00
47949.00
48124.00
48207.00
48259.00
48331.00
48413.00
48543.00
48606.00
48564.00
48524.00
48520.00
48540.00
48536.00
48477.00
48423.00
48421.00
48439.00
48391.00
48300.00
48207.00
48222.00
48217.00
48214.00
48134.00
48034.00
48000.00
47989.00
47956.00
47876.00
47744.00
47696.00
47683.00
47650.00
47564.00
47452.00
47421.00
47413.00
47400.00
47321.00
47222.00
47150.00
47126.00
47100.00
47020.00
46909.00
46882.00
46839.00
46813.00
46732.00
46621.00
46561.00
46533.00
46533.00
46440.00
46326.00
46274.00
46243.00
46213.00
46141.00
46017.00
45935.00
45905.00
45877.00
45792.00
45690.00
45621.00
45591.00
45561.00
45475.00
45379.00
45309.00
45285.00
45271.00
45201.00
45122.00
45034.00
45030.00
45020.00
44970.00
44869.00
44807.00
44768.00
44779.00
44741.00
44646.00
44583.00
44557.00
44569.00
44528.00
44461.00
44403.00
44379.00
44415.00
44390.00
44309.00
44233.00
44215.00
44245.00
44220.00
44163.00
44108.00
44084.00
44111.00
44094.00
44038.00
43984.00
43961.00
43999.00
43985.00
43948.00
43888.00
43880.00
43907.00
43903.00
43857.00
43788.00
43776.00
43811.00
43811.00
43774.00
43723.00
43693.00
43723.00
43739.00
43711.00
43648.00
43631.00
43680.00
43694.00
43667.00
43621.00
43604.00
43623.00
43677.00
43650.00
43587.00
43564.00
43594.00
43646.00
43612.00
43574.00
43568.00
43572.00
43618.00
43605.00
43587.00
43562.00
43597.00
43655.00
43659.00
43607.00
43576.00
43615.00
43664.00
43688.00
43678.00
43665.00
43715.00
43783.00
43846.00
43841.00
43876.00
43971.00
44119.00
44179.00
44197.00
44304.00
44428.00
44595.00
44764.00
44874.00
45021.00
45202.00
45443.00
45640.00
45842.00
45989.00
46223.00
46469.00
46641.00
46792.00
46938.00
47127.00
47342.00
47485.00
47562.00
47652.00
47766.00
47917.00
48042.00
48088.00
48122.00
48187.00
48257.00
48307.00
48291.00
48237.00
48244.00
48298.00
48323.00
48274.00
48200.00
48174.00
48191.00
48225.00
48153.00
48073.00
48026.00
48030.00
48087.00
48038.00
47944.00
47882.00
47861.00
47844.00
47757.00
47612.00
47525.00
47503.00
47476.00
47384.00
47275.00
47203.00
47162.00
47152.00
47087.00
46976.00
46874.00
46846.00
46827.00
46754.00
46645.00
46523.00
46470.00
46446.00
46355.00
46255.00
46148.00
46130.00
46096.00
46021.00
45909.00
45830.00
45755.00
45726.00
45647.00
45500.00
45344.00
45256.00
45209.00
45128.00
45007.00
44878.00
44782.00
44746.00
44688.00
44563.00
44464.00
44394.00
44392.00
44362.00
44276.00
44176.00
44139.00
44139.00
44114.00
44040.00
43951.00
43921.00
43945.00
43954.00
43869.00
43812.00
43762.00
43792.00
43828.00
43754.00
43701.00
43679.00
43704.00
43726.00
43695.00
43626.00
43617.00
43615.00
43675.00
43634.00
43591.00
43573.00
43603.00
43630.00
43625.00
43553.00
43530.00
43546.00
43594.00
43581.00
43532.00
43499.00
43510.00
43579.00
43566.00
43518.00
43478.00
43505.00
43584.00
43575.00
43543.00
43508.00
43538.00
43617.00
43628.00
43593.00
43587.00
43635.00
43705.00
43734.00
43731.00
43765.00
43855.00
43959.00
44041.00
44078.00
44136.00
44258.00
44436.00
44572.00
44670.00
44757.00
44925.00
45156.00
45360.00
45566.00
45735.00
45961.00
46239.00
46471.00
46633.00
46801.00
46993.00
47229.00
47455.00
47574.00
47643.00
47774.00
47922.00
48051.00
48130.00
48143.00
48172.00
48222.00
48273.00
48238.00
48198.00
48176.00
48217.00
48268.00
48237.00
48214.00
48165.00
48195.00
48267.00
48240.00
48159.00
48141.00
48127.00
48139.00
48061.00
47970.00
47896.00
47873.00
47844.00
47798.00
47695.00
47620.00
47606.00
47608.00
47556.00
47458.00
47354.00
47309.00
47304.00
47250.00
47160.00
47073.00
47018.00
47014.00
46958.00
46866.00
46787.00
46754.00
46761.00
46733.00
46644.00
46539.00
46496.00
46510.00
46470.00
46389.00
46296.00
46260.00
46250.00
46226.00
46140.00
46060.00
46009.00
46015.00
46017.00
45927.00
45827.00
45778.00
45772.00
45755.00
45665.00
45554.00
45511.00
45499.00
45504.00
45428.00
45342.00
45257.00
45240.00
45217.00
45147.00
45047.00
45012.00
44999.00
44996.00
44926.00
44812.00
44777.00
44753.00
44744.00
44679.00
44583.00
44498.00
44496.00
44488.00
44456.00
44354.00
44304.00
44294.00
44307.00
44266.00
44184.00
44136.00
44109.00
44136.00
44098.00
44030.00
43971.00
43969.00
44012.00
43977.00
43937.00
43865.00
43864.00
43895.00
43883.00
43826.00
43785.00
43786.00
43826.00
43819.00
43765.00
43727.00
43715.00
43762.00
43759.00
43715.00
43666.00
43677.00
43714.00
43750.00
43695.00
43657.00
43665.00
43725.00
43740.00
43733.00
43685.00
43713.00
43795.00
43852.00
43843.00
43837.00
43877.00
43991.00
44095.00
44160.00
44181.00
44285.00
44428.00
44575.00
44670.00
44746.00
44897.00
45104.00
45325.00
45476.00
45627.00
45816.00
46051.00
46323.00
46485.00
46649.00
46814.00
47014.00
47207.00
47332.00
47430.00
47530.00
47659.00
47772.00
47840.00
47853.00
47878.00
47929.00
47984.00
48003.00
47961.00
47914.00
47956.00
48007.00
47994.00
47960.00
47906.00
47939.00
47985.00
47966.00
47933.00
47858.00
47883.00
47888.00
47854.00
47740.00
47645.00
47614.00
47605.00
47589.00
47514.00
47413.00
47377.00
47357.00
47297.00
47198.00
47097.00
47049.00
47026.00
47004.00
46915.00
46810.00
46754.00
46746.00
46720.00
46634.00
46532.00
46466.00
46453.00
46459.00
46390.00
46276.00
46250.00
46241.00
46223.00
46186.00
46088.00
45995.00
46006.00
45991.00
45909.00
45817.00
45759.00
45749.00
45753.00
45674.00
45574.00
45481.00
45467.00
45447.00
45357.00
45287.00
45198.00
45152.00
45144.00
45079.00
44965.00
44895.00
44879.00
44858.00
44797.00
44715.00
44606.00
44592.00
44583.00
44538.00
44456.00
44364.00
44356.00
44371.00
44341.00
44275.00
44181.00
44159.00
44169.00
44129.00
44076.00
44003.00
43989.00
44016.00
44008.00
43954.00
43885.00
43863.00
43909.00
43903.00
43872.00
43789.00
43793.00
43827.00
43823.00
43786.00
43724.00
43720.00
43744.00
43772.00
43743.00
43686.00
43673.00
43708.00
43725.00
43692.00
43633.00
43621.00
43663.00
43692.00
43653.00
43595.00
43593.00
43625.00
43672.00
43657.00
43596.00
43595.00
43623.00
43677.00
43672.00
43622.00
43632.00
43681.00
43763.00
43797.00
43807.00
43844.00
43952.00
44050.00
44129.00
44202.00
44263.00
44407.00
44574.00
44686.00
44782.00
44889.00
45073.00
45294.00
45503.00
45665.00
45836.00
46080.00
46339.00
46519.00
46670.00
46823.00
47022.00
47234.00
47402.00
47479.00
47562.00
47637.00
47771.00
47835.00
47890.00
47884.00
47933.00
47996.00
48019.00
47968.00
47933.00
47942.00
48006.00
48022.00
47940.00
47836.00
47839.00
47842.00
47859.00
47783.00
47717.00
47685.00
47691.00
47672.00
47584.00
47485.00
47398.00
47365.00
47352.00
47261.00
47156.00
47104.00
47113.00
47127.00
47039.00
46922.00
46883.00
46869.00
46867.00
46777.00
46645.00
46565.00
46518.00
46493.00
46410.00
46280.00
46196.00
46157.00
46154.00
46105.00
46005.00
45930.00
45905.00
45898.00
45851.00
45749.00
45645.00
45614.00
45618.00
45555.00
45436.00
45319.00
45290.00
45268.00
45200.00
45088.00
45003.00
44945.00
44951.00
44905.00
44813.00
44741.00
44713.00
44704.00
44665.00
44579.00
44516.00
44479.00
44496.00
44474.00
44407.00
44322.00
44277.00
44292.00
44269.00
44197.00
44124.00
44095.00
44122.00
44126.00
44078.00
43996.00
43955.00
43973.00
43987.00
43947.00
43872.00
43851.00
43890.00
43894.00
43857.00
43794.00
43765.00
43802.00
43827.00
43805.00
43716.00
43692.00
43711.00
43755.00
43725.00
43644.00
43626.00
43646.00
43690.00
43658.00
43616.00
43580.00
43605.00
43650.00
43628.00
43573.00
43556.00
43593.00
43647.00
43625.00
43586.00
43530.00
43559.00
43603.00
43598.00
43565.00
43536.00
43566.00
43625.00
43628.00
43615.00
43596.00
43628.00
43681.00
43674.00
43675.00
43671.00
43714.00
43846.00
43880.00
43890.00
43897.00
43989.00
44127.00
44233.00
44297.00
44365.00
44474.00
44641.00
44782.00
44906.00
45056.00
45257.00
45498.00
45721.00
45913.00
46089.00
46306.00
46587.00
46824.00
46977.00
47080.00
47226.00
47403.00
47577.00
47658.00
47711.00
47775.00
47878.00
47984.00
48035.00
47998.00
48028.00
48086.00
48146.00
48106.00
48007.00
47956.00
47954.00
48000.00
47982.00
47911.00
47861.00
47885.00
47903.00
47853.00
47788.00
47725.00
47684.00
47689.00
47622.00
47521.00
47414.00
47401.00
47399.00
47346.00
47215.00
47123.00
47092.00
47084.00
47032.00
46947.00
46850.00
46822.00
46810.00
46769.00
46671.00
46569.00
46552.00
46550.00
46501.00
46378.00
46287.00
46237.00
46241.00
46209.00
46107.00
46012.00
45971.00
45956.00
45947.00
45852.00
45771.00
45705.00
45706.00
45686.00
45603.00
45494.00
45417.00
45401.00
45383.00
45294.00
45212.00
45148.00
45150.00
45132.00
45082.00
44963.00
44925.00
44905.00
44883.00
44825.00
44718.00
44661.00
44659.00
44673.00
44593.00
44500.00
44453.00
44451.00
44458.00
44405.00
44324.00
44268.00
44263.00
44267.00
44232.00
44169.00
44100.00
44115.00
44131.00
44128.00
44032.00
43971.00
43979.00
44002.00
43987.00
43917.00
43881.00
43883.00
43941.00
43916.00
43855.00
43794.00
43803.00
43844.00
43850.00
43778.00
43756.00
43747.00
43783.00
43773.00
43714.00
43668.00
43685.00
43720.00
43728.00
43690.00
43634.00
43624.00
43656.00
43674.00
43625.00
43601.00
43600.00
43646.00
43664.00
43643.00
43603.00
43617.00
43651.00
43700.00
43687.00
43660.00
43701.00
43781.00
43838.00
43850.00
43872.00
43941.00
44029.00
44164.00
44214.00
44263.00
44359.00
44495.00
44644.00
44741.00
44851.00
44974.00
45167.00
45404.00
45603.00
45762.00
45946.00
46183.00
46418.00
46586.00
46710.00
46879.00
47072.00
47262.00
47390.00
47425.00
47538.00
47657.00
47789.00
47836.00
47830.00
47827.00
47873.00
47966.00
47928.00
47883.00
47823.00
47837.00
47885.00
47860.00
47803.00
47755.00
47762.00
47823.00
47814.00
47724.00
47665.00
47654.00
47643.00
47602.00
47511.00
47431.00
47390.00
47379.00
47361.00
47266.00
47188.00
47139.00
47150.00
47128.00
47042.00
46942.00
46869.00
46865.00
46836.00
46754.00
46640.00
46558.00
46531.00
46501.00
46411.00
46292.00
46254.00
46257.00
46243.00
46168.00
46061.00
45997.00
45980.00
45960.00
45884.00
45799.00
45732.00
45744.00
45734.00
45634.00
45526.00
45460.00
45442.00
45449.00
45360.00
45245.00
45176.00
45146.00
45151.00
45077.00
44984.00
44892.00
44868.00
44865.00
44809.00
44709.00
44627.00
44599.00
44602.00
44544.00
44455.00
44373.00
44352.00
44368.00
44344.00
44273.00
44198.00
44192.00
44224.00
44195.00
44119.00
44047.00
44022.00
44070.00
44058.00
43994.00
43946.00
43933.00
43979.00
43947.00
43928.00
43857.00
43848.00
43885.00
43877.00
43821.00
43775.00
43772.00
43802.00
43814.00
43765.00
43694.00
43675.00
43714.00
43737.00
43697.00
43647.00
43628.00
43668.00
43705.00
43664.00
43617.00
43595.00
43631.00
43657.00
43638.00
43589.00
43569.00
43617.00
43648.00
43639.00
43586.00
43579.00
43594.00
43638.00
43607.00
43576.00
43569.00
43601.00
43664.00
43676.00
43648.00
43677.00
43751.00
43823.00
43858.00
43842.00
43842.00
43925.00
44033.00
44121.00
44144.00
44204.00
44326.00
44490.00
44590.00
44658.00
44765.00
44910.00
45107.00
45263.00
45377.00
45505.00
45718.00
45917.00
46102.00
46231.00
46378.00
46568.00
46782.00
46943.00
47072.00
47123.00
47253.00
47408.00
47490.00
47530.00
47518.00
47571.00
47643.00
47680.00
47644.00
47589.00
47578.00
47609.00
47612.00
47585.00
47583.00
47548.00
47557.00
47590.00
47529.00
47475.00
47486.00
47513.00
47490.00
47422.00
47332.00
47284.00
47279.00
47254.00
47139.00
47022.00
46949.00
46942.00
46957.00
46864.00
46755.00
46661.00
46630.00
46570.00
46465.00
46326.00
46241.00
46211.00
46163.00
46047.00
45891.00
45779.00
45742.00
45757.00
45675.00
45549.00
45442.00
45389.00
45369.00
45268.00
45175.00
45097.00
45058.00
45040.00
44978.00
44883.00
44791.00
44774.00
44775.00
44700.00
44597.00
44531.00
44488.00
44506.00
44455.00
44347.00
44263.00
44225.00
44228.00
44192.00
44119.00
44036.00
44025.00
44025.00
43989.00
43930.00
43866.00
43859.00
43863.00
43865.00
43798.00
43718.00
43715.00
43743.00
43745.00
43674.00
43608.00
43613.00
43659.00
43669.00
43640.00
43577.00
43554.00
43578.00
43629.00
43578.00
43543.00
43509.00
43566.00
43607.00
43584.00
43522.00
43524.00
43547.00
43589.00
43540.00
43480.00
43471.00
43523.00
43561.00
43544.00
43507.00
43477.00
43526.00
43587.00
43578.00
43522.00
43488.00
43537.00
43611.00
43624.00
43594.00
43580.00
43619.00
43702.00
43726.00
43750.00
43759.00
43851.00
43949.00
44001.00
44022.00
44073.00
44162.00
44300.00
44385.00
44442.00
44513.00
44660.00
44835.00
44966.00
45043.00
45163.00
45363.00
45614.00
45817.00
45967.00
46101.00
46250.00
46464.00
46623.00
46743.00
46844.00
46965.00
47067.00
47149.00
47160.00
47147.00
47169.00
47203.00
47260.00
47237.00
47199.00
47219.00
47297.00
47282.00
47227.00
47174.00
47174.00
47224.00
47246.00
47188.00
47093.00
47030.00
47013.00
47042.00
46984.00
46878.00
46803.00
46791.00
46756.00
46661.00
46566.00
46503.00
46484.00
46446.00
46359.00
46238.00
46145.00
46073.00
46061.00
45978.00
45878.00
45793.00
45769.00
45758.00
45714.00
45612.00
45533.00
45512.00
45510.00
45450.00
45339.00
45272.00
45237.00
45236.00
45160.00
45038.00
44927.00
44888.00
44904.00
44849.00
44731.00
44645.00
44606.00
44622.00
44585.00
44506.00
44425.00
44397.00
44401.00
44381.00
44290.00
44196.00
44165.00
44187.00
44187.00
44123.00
44041.00
44017.00
44031.00
44035.00
43972.00
43910.00
43901.00
43921.00
43937.00
43896.00
43817.00
43810.00
43841.00
43875.00
43839.00
43772.00
43762.00
43796.00
43812.00
43779.00
43714.00
43715.00
43745.00
43755.00
43732.00
43682.00
43661.00
43712.00
43741.00
43714.00
43657.00
43638.00
43670.00
43720.00
43689.00
43655.00
43617.00
43650.00
43705.00
43706.00
43658.00
43634.00
43652.00
43705.00
43706.00
43654.00
43628.00
43656.00
43704.00
43701.00
43658.00
43626.00
43644.00
43692.00
43695.00
43654.00
43618.00
43632.00
43686.00
43701.00
43648.00
43599.00
43626.00
43681.00
43683.00
43664.00
43604.00
43628.00
43673.00
43693.00
43659.00
43605.00
43641.00
43679.00
43702.00
43662.00
43616.00
43627.00
43674.00
43710.00
43691.00
43671.00
43650.00
43722.00
43761.00
43716.00
43672.00
43668.00
43706.00
43763.00
43741.00
43689.00
43676.00
43745.00
43820.00
43844.00
43829.00
43862.00
43905.00
43940.00
43945.00
43937.00
43964.00
44035.00
44119.00
44140.00
44118.00
44150.00
44260.00
44386.00
44442.00
44471.00
44507.00
44619.00
44779.00
44898.00
44977.00
45088.00
45242.00
45450.00
45583.00
45698.00
45823.00
46023.00
46227.00
46362.00
46443.00
46541.00
46678.00
46835.00
46971.00
47044.00
47075.00
47158.00
47289.00
47315.00
47297.00
47282.00
47325.00
47379.00
47375.00
47340.00
47283.00
47286.00
47295.00
47270.00
47186.00
47100.00
47067.00
47067.00
47005.00
46915.00
46797.00
46727.00
46714.00
46684.00
46576.00
46479.00
46407.00
46397.00
46327.00
46189.00
46025.00
45913.00
45868.00
45811.00
45697.00
45528.00
45447.00
45415.00
45373.00
45262.00
45126.00
45026.00
45005.00
45005.00
44942.00
44833.00
44751.00
44753.00
44763.00
44715.00
44627.00
44555.00
44546.00
44581.00
44546.00
44476.00
44419.00
44409.00
44424.00
44399.00
44340.00
44320.00
44338.00
44418.00
44413.00
44375.00
44345.00
44351.00
44402.00
44374.00
44328.00
44284.00
44296.00
44351.00
44347.00
44311.00
44275.00
44279.00
44321.00
44353.00
44274.00
44235.00
44246.00
44297.00
44336.00
44313.00
44269.00
44278.00
44328.00
44345.00
44299.00
44275.00
44309.00
44380.00
44425.00
44433.00
44360.00
44375.00
44438.00
44508.00
44522.00
44540.00
44585.00
44675.00
44727.00
44726.00
44686.00
44709.00
44779.00
44860.00
44866.00
44856.00
44866.00
44926.00
44968.00
44939.00
44894.00
44879.00
44906.00
44937.00
44903.00
44803.00
44734.00
44704.00
44711.00
44673.00
44584.00
44519.00
44491.00
44471.00
44396.00
44284.00
44204.00
44147.00
44162.00
44131.00
44038.00
43967.00
43960.00
43971.00
43969.00
43914.00
43863.00
43846.00
43874.00
43877.00
43820.00
43768.00
43770.00
43821.00
43818.00
43793.00
43732.00
43753.00
43783.00
43813.00
43775.00
43725.00
43733.00
43794.00
43835.00
43817.00
43765.00
43784.00
43806.00
43858.00
43817.00
43766.00
43758.00
43819.00
43861.00
43807.00
43768.00
43741.00
43789.00
43832.00
43787.00
43730.00
43728.00
43775.00
43812.00
43794.00
43729.00
43712.00
43727.00
43779.00
43772.00
43739.00
43722.00
43760.00
43829.00
43820.00
43766.00
43745.00
43766.00
43831.00
43827.00
43753.00
43745.00
43752.00
43811.00
43806.00
43758.00
43707.00
43736.00
43788.00
43789.00
43761.00
43709.00
43735.00
43805.00
43799.00
43760.00
43702.00
43724.00
43788.00
43835.00
43815.00
43803.00
43806.00
43864.00
43878.00
43843.00
43816.00
43830.00
43881.00
43892.00
43861.00
43817.00
43841.00
43906.00
43939.00
43890.00
43842.00
43862.00
43915.00
43965.00
43946.00
43895.00
43880.00
43937.00
43981.00
43989.00
43942.00
43954.00
44020.00
44078.00
44085.00
44056.00
44082.00
44148.00
44202.00
44228.00
44213.00
44232.00
44281.00
44339.00
44349.00
44308.00
44291.00
44320.00
44383.00
44384.00
44339.00
44294.00
44340.00
44362.00
44356.00
44326.00
44316.00
44343.00
44389.00
44410.00
44360.00
44309.00
44317.00
44342.00
44333.00
44301.00
44266.00
44288.00
44299.00
44275.00
44213.00
44181.00
44198.00
44268.00
44343.00
44320.00
44307.00
44312.00
44350.00
44385.00
44370.00
44344.00
44351.00
44408.00
44426.00
44417.00
44346.00
44352.00
44365.00
44413.00
44394.00
44344.00
44341.00
44348.00
44387.00
44325.00
44268.00
44223.00
44206.00
44236.00
44182.00
44106.00
44065.00
44051.00
44068.00
44044.00
44007.00
44006.00
44087.00
