45357.00
45269.00
45225.00
45284.00
45382.00
45364.00
45282.00
45229.00
45267.00
45381.00
45357.00
45292.00
45222.00
45274.00
45386.00
45357.00
45292.00
45228.00
45260.00
45363.00
45372.00
45294.00
45231.00
45272.00
45359.00
45360.00
45283.00
45219.00
45254.00
45361.00
45363.00
45288.00
45233.00
45255.00
45343.00
45361.00
45296.00
45222.00
45254.00
45329.00
45365.00
45300.00
45232.00
45255.00
45343.00
45362.00
45310.00
45235.00
45234.00
45337.00
45366.00
45308.00
45237.00
45247.00
45322.00
45364.00
45315.00
45234.00
45246.00
45315.00
45386.00
45311.00
45231.00
45226.00
45328.00
45382.00
45325.00
45240.00
45240.00
45308.00
45356.00
45319.00
45230.00
45238.00
45300.00
45366.00
45323.00
45243.00
45207.00
45304.00
45377.00
45338.00
45236.00
45232.00
45305.00
45373.00
45342.00
45261.00
45232.00
45292.00
45375.00
45326.00
45271.00
45217.00
45276.00
45371.00
45330.00
45259.00
45220.00
45284.00
45375.00
45338.00
45248.00
45203.00
45250.00
45358.00
45331.00
45242.00
45209.00
45253.00
45346.00
45335.00
45266.00
45206.00
45243.00
45346.00
45349.00
45264.00
45200.00
45247.00
45332.00
45343.00
45281.00
45219.00
45246.00
45336.00
45350.00
45277.00
45200.00
45245.00
45342.00
45345.00
45270.00
45212.00
45235.00
45331.00
45351.00
45280.00
45197.00
45230.00
45332.00
45352.00
45292.00
45215.00
45219.00
45324.00
45356.00
45295.00
45216.00
45219.00
45308.00
45357.00
45294.00
45221.00
45228.00
45310.00
45362.00
45303.00
45240.00
45221.00
45305.00
45363.00
45300.00
45228.00
45223.00
45309.00
45371.00
45307.00
45249.00
45221.00
45303.00
45352.00
45309.00
45230.00
45233.00
45295.00
45357.00
45313.00
45236.00
45227.00
45288.00
45360.00
45320.00
45243.00
45221.00
45280.00
45370.00
45315.00
45244.00
45214.00
45269.00
45357.00
45332.00
45255.00
45218.00
45278.00
45367.00
45339.00
45261.00
45227.00
45258.00
45347.00
45335.00
45252.00
45220.00
45261.00
45351.00
45330.00
45235.00
45208.00
45256.00
45358.00
45328.00
45261.00
45193.00
45257.00
45341.00
45337.00
45249.00
45203.00
45238.00
45336.00
45338.00
45278.00
45217.00
45255.00
45352.00
45360.00
45283.00
45208.00
45247.00
45344.00
45357.00
45283.00
45217.00
45238.00
45337.00
45346.00
45284.00
45218.00
45238.00
45341.00
45352.00
45307.00
45221.00
45242.00
45334.00
45349.00
45297.00
45217.00
45228.00
45337.00
45368.00
45302.00
45212.00
45231.00
45319.00
45370.00
45299.00
45238.00
45227.00
45312.00
45367.00
45316.00
45225.00
45228.00
45308.00
45364.00
45306.00
45239.00
45223.00
45288.00
45369.00
45325.00
45239.00
45225.00
45298.00
45364.00
45333.00
45246.00
45216.00
45290.00
45358.00
45326.00
45236.00
45224.00
45299.00
45366.00
45325.00
45244.00
45225.00
45274.00
45355.00
45340.00
45242.00
45215.00
45272.00
45366.00
45328.00
45248.00
45217.00
45268.00
45358.00
45345.00
45257.00
45221.00
45276.00
45349.00
45327.00
45258.00
45200.00
45274.00
45356.00
45338.00
45277.00
45210.00
45255.00
45351.00
45330.00
45271.00
45222.00
45256.00
45335.00
45343.00
45272.00
45201.00
45237.00
45348.00
45342.00
45280.00
45207.00
45241.00
45341.00
45337.00
45277.00
45199.00
45239.00
45338.00
45357.00
45289.00
45214.00
45230.00
45324.00
45334.00
45274.00
45215.00
45241.00
45321.00
45354.00
45296.00
45210.00
45226.00
45317.00
45366.00
45300.00
45219.00
45223.00
45314.00
45354.00
45314.00
45228.00
45222.00
45312.00
45355.00
45304.00
45220.00
45223.00
45305.00
45359.00
45319.00
45226.00
45217.00
45295.00
45364.00
45304.00
45228.00
45208.00
45291.00
45356.00
45312.00
45240.00
45230.00
45301.00
45363.00
45325.00
45249.00
45225.00
45271.00
45363.00
45327.00
45237.00
45208.00
45273.00
45378.00
45341.00
45256.00
45214.00
45268.00
45350.00
45337.00
45244.00
45217.00
45263.00
45342.00
45331.00
45243.00
45209.00
45264.00
45356.00
45336.00
45267.00
45203.00
45257.00
45363.00
45340.00
45261.00
45211.00
45256.00
45366.00
45346.00
45260.00
45213.00
45250.00
45343.00
45350.00
45272.00
45201.00
45237.00
45344.00
45339.00
45278.00
45209.00
45241.00
45326.00
45348.00
45285.00
45212.00
45228.00
45334.00
45354.00
45297.00
45235.00
45250.00
45343.00
45355.00
45289.00
45220.00
45250.00
45333.00
45383.00
45295.00
45225.00
45252.00
45328.00
45371.00
45298.00
45233.00
45240.00
45323.00
45377.00
45324.00
45226.00
45233.00
45313.00
45369.00
45304.00
45230.00
45237.00
45318.00
45369.00
45305.00
45241.00
45225.00
45305.00
45379.00
45313.00
45246.00
45224.00
45313.00
45370.00
45330.00
45240.00
45221.00
45294.00
45364.00
45326.00
45237.00
45209.00
45299.00
45377.00
45340.00
45251.00
45218.00
45288.00
45375.00
45325.00
45253.00
45229.00
45287.00
45366.00
45339.00
45251.00
45220.00
45275.00
45370.00
45360.00
45276.00
45219.00
45278.00
45383.00
45355.00
45282.00
45228.00
45271.00
45369.00
45366.00
45282.00
45247.00
45287.00
45367.00
45353.00
45276.00
45222.00
45259.00
45352.00
45375.00
45290.00
45232.00
45263.00
45369.00
45364.00
45287.00
45237.00
45259.00
45363.00
45374.00
45303.00
45246.00
45259.00
45371.00
45374.00
45318.00
45248.00
45276.00
45360.00
45373.00
45306.00
45233.00
45257.00
45351.00
45380.00
45308.00
45230.00
45258.00
45333.00
45378.00
45320.00
45245.00
45263.00
45327.00
45384.00
45319.00
45244.00
45243.00
45329.00
45370.00
45324.00
45240.00
45242.00
45323.00
45374.00
45332.00
45239.00
45239.00
45316.00
45395.00
45340.00
45265.00
45249.00
45322.00
45390.00
45345.00
45252.00
45247.00
45326.00
45392.00
45352.00
45270.00
45242.00
45307.00
45390.00
45352.00
45255.00
45240.00
45306.00
45380.00
45358.00
45264.00
45229.00
45306.00
45402.00
45362.00
45274.00
45245.00
45305.00
45379.00
45362.00
45292.00
45237.00
45298.00
45390.00
45390.00
45300.00
45255.00
45288.00
45382.00
45385.00
45320.00
45253.00
45294.00
45394.00
45387.00
45310.00
45265.00
45300.00
45394.00
45378.00
45322.00
45246.00
45292.00
45392.00
45396.00
45331.00
45268.00
45286.00
45368.00
45395.00
45323.00
45255.00
45292.00
45380.00
45403.00
45339.00
45264.00
45293.00
45365.00
45403.00
45344.00
45250.00
45288.00
45373.00
45399.00
45359.00
45272.00
45265.00
45362.00
45405.00
45341.00
45274.00
45273.00
45356.00
45401.00
45363.00
45275.00
45277.00
45344.00
45407.00
45364.00
45280.00
45282.00
45357.00
45419.00
45358.00
45287.00
45272.00
45354.00
45425.00
45367.00
45293.00
45278.00
45324.00
45422.00
45367.00
45286.00
45269.00
45328.00
45417.00
45366.00
45301.00
45265.00
45323.00
45413.00
45382.00
45312.00
45266.00
45336.00
45410.00
45374.00
45321.00
45260.00
45324.00
45420.00
45395.00
45315.00
45264.00
45314.00
45416.00
45398.00
45306.00
45263.00
45299.00
45402.00
45389.00
45311.00
45260.00
45318.00
45388.00
45395.00
45320.00
45262.00
45297.00
45396.00
45401.00
45329.00
45265.00
45294.00
45405.00
45404.00
45338.00
45278.00
45298.00
45400.00
45408.00
45339.00
45269.00
45300.00
45390.00
45411.00
45355.00
45278.00
45289.00
45416.00
45422.00
45367.00
45285.00
45294.00
45391.00
45427.00
45364.00
45292.00
45301.00
45379.00
45429.00
45362.00
45274.00
45282.00
45378.00
45423.00
45373.00
45285.00
45276.00
45379.00
45440.00
45377.00
45292.00
45270.00
45353.00
45433.00
45371.00
45294.00
45270.00
45337.00
45428.00
45376.00
45295.00
45282.00
45341.00
45431.00
45390.00
45292.00
45255.00
45327.00
45416.00
45384.00
45312.00
45280.00
45346.00
45428.00
45401.00
45321.00
45260.00
45339.00
45429.00
45401.00
45300.00
45279.00
45335.00
45418.00
45384.00
45314.00
45265.00
45323.00
45413.00
45390.00
45328.00
45268.00
45316.00
45418.00
45411.00
45334.00
45267.00
45316.00
45416.00
45407.00
45327.00
45280.00
45306.00
45415.00
45412.00
45340.00
45287.00
45304.00
45405.00
45418.00
45359.00
45272.00
45302.00
45403.00
45417.00
45347.00
45282.00
45307.00
45398.00
45424.00
45364.00
45278.00
45284.00
45383.00
45432.00
45347.00
45280.00
45304.00
45387.00
45434.00
45382.00
45298.00
45303.00
45382.00
45427.00
45367.00
45278.00
45263.00
45368.00
45436.00
45368.00
45297.00
45285.00
45379.00
45435.00
45380.00
45308.00
45295.00
45365.00
45436.00
45399.00
45306.00
45298.00
45365.00
45447.00
45395.00
45303.00
45304.00
45365.00
45434.00
45394.00
45311.00
45291.00
45353.00
45445.00
45409.00
45319.00
45287.00
45362.00
45446.00
45408.00
45333.00
45291.00
45348.00
45442.00
45420.00
45358.00
45292.00
45351.00
45437.00
45413.00
45345.00
45286.00
45342.00
45452.00
45437.00
45361.00
45311.00
45345.00
45440.00
45436.00
45360.00
45295.00
45344.00
45444.00
45449.00
45369.00
45305.00
45328.00
45421.00
45433.00
45356.00
45298.00
45324.00
45430.00
45429.00
45373.00
45291.00
45319.00
45420.00
45438.00
45360.00
45296.00
45313.00
45418.00
45445.00
45374.00
45286.00
45308.00
45401.00
45429.00
45398.00
45295.00
45301.00
45391.00
45447.00
45386.00
45298.00
45306.00
45392.00
45444.00
45390.00
45309.00
45311.00
45387.00
45444.00
45394.00
45307.00
45311.00
45379.00
45449.00
45396.00
45319.00
45299.00
45380.00
45453.00
45406.00
45332.00
45306.00
45387.00
45453.00
45416.00
45340.00
45300.00
45368.00
45458.00
45421.00
45342.00
45318.00
45370.00
45466.00
45431.00
45348.00
45286.00
45357.00
45457.00
45439.00
45359.00
45315.00
45358.00
45456.00
45440.00
45373.00
45311.00
45346.00
45454.00
45443.00
45360.00
45320.00
45352.00
45449.00
45442.00
45370.00
45300.00
45337.00
45440.00
45437.00
45384.00
45301.00
45342.00
45423.00
45443.00
45368.00
45312.00
45333.00
45415.00
45450.00
45387.00
45321.00
45317.00
45413.00
45462.00
45386.00
45298.00
45320.00
45417.00
45447.00
45412.00
45310.00
45320.00
45395.00
45460.00
45397.00
45318.00
45315.00
45405.00
45464.00
45396.00
45313.00
45312.00
45383.00
45458.00
45417.00
45319.00
45302.00
45390.00
45470.00
45426.00
45313.00
45312.00
45386.00
45461.00
45424.00
45334.00
45301.00
45369.00
45450.00
45424.00
45339.00
45309.00
45374.00
45466.00
45427.00
45346.00
45315.00
45364.00
45458.00
45433.00
45350.00
45300.00
45354.00
45443.00
45431.00
45351.00
45296.00
45351.00
45443.00
45439.00
45367.00
45317.00
45348.00
45445.00
45432.00
45362.00
45297.00
45347.00
45435.00
45432.00
45366.00
45312.00
45345.00
45425.00
45437.00
45394.00
45300.00
45336.00
45430.00
45461.00
45392.00
45324.00
45337.00
45427.00
45446.00
45400.00
45310.00
45332.00
45426.00
45468.00
45406.00
45313.00
45329.00
45405.00
45467.00
45399.00
45330.00
45314.00
45401.00
45462.00
45405.00
45324.00
45316.00
45396.00
45454.00
45395.00
45316.00
45318.00
45388.00
45452.00
45410.00
45321.00
45304.00
45375.00
45441.00
45419.00
45316.00
45307.00
45370.00
45456.00
45435.00
45333.00
45313.00
45372.00
45463.00
45421.00
45341.00
45303.00
45350.00
45460.00
45431.00
45355.00
45302.00
45360.00
45464.00
45435.00
45358.00
45303.00
45359.00
45444.00
45429.00
45361.00
45294.00
45357.00
45441.00
45442.00
45376.00
45305.00
45343.00
45424.00
45438.00
45364.00
45321.00
45347.00
45439.00
45452.00
45390.00
45309.00
45336.00
45434.00
45463.00
45385.00
45314.00
45331.00
45427.00
45462.00
45392.00
45313.00
45333.00
45415.00
45470.00
45405.00
45311.00
45326.00
45413.00
45472.00
45411.00
45329.00
45319.00
45409.00
45466.00
45403.00
45335.00
45315.00
45401.00
45462.00
45428.00
45326.00
45326.00
45382.00
45469.00
45434.00
45332.00
45322.00
45377.00
45462.00
45427.00
45343.00
45321.00
45372.00
45458.00
45431.00
45344.00
45316.00
45387.00
45459.00
45443.00
45361.00
45309.00
45372.00
45472.00
45433.00
45374.00
45306.00
45354.00
45463.00
45450.00
45359.00
45326.00
45354.00
45457.00
45440.00
45383.00
45330.00
45360.00
45454.00
45459.00
45388.00
45322.00
45341.00
45445.00
45452.00
45390.00
45328.00
45348.00
45453.00
45464.00
45394.00
45323.00
45335.00
45414.00
45465.00
45413.00
45324.00
45335.00
45426.00
45469.00
45403.00
45320.00
45328.00
45421.00
45466.00
45416.00
45330.00
45314.00
45404.00
45468.00
45415.00
45344.00
45330.00
45413.00
45448.00
45405.00
45321.00
45337.00
45390.00
45467.00
45442.00
45347.00
45341.00
45384.00
45479.00
45435.00
45346.00
45321.00
45375.00
45481.00
45444.00
45355.00
45310.00
45384.00
45472.00
45446.00
45359.00
45339.00
45388.00
45477.00
45449.00
45365.00
45314.00
45371.00
45462.00
45439.00
45385.00
45315.00
45365.00
45451.00
45446.00
45364.00
45314.00
45350.00
45461.00
45447.00
45390.00
45316.00
45349.00
45458.00
45438.00
45391.00
45317.00
45352.00
45444.00
45453.00
45389.00
45319.00
45332.00
45443.00
45452.00
45400.00
45313.00
45326.00
45425.00
45451.00
45394.00
45310.00
45322.00
45429.00
45483.00
45422.00
45336.00
45333.00
45409.00
45464.00
45417.00
45322.00
45338.00
45403.00
45466.00
45420.00
45340.00
45323.00
45407.00
45468.00
45412.00
45338.00
45325.00
45407.00
45460.00
45417.00
45348.00
45307.00
45389.00
45463.00
45419.00
45337.00
45310.00
45370.00
45461.00
45417.00
45347.00
45312.00
45359.00
45464.00
45429.00
45359.00
45314.00
45366.00
45440.00
45448.00
45359.00
45297.00
45358.00
45452.00
45436.00
45372.00
45312.00
45358.00
45441.00
45446.00
45367.00
45303.00
45346.00
45448.00
45451.00
45379.00
45327.00
45348.00
45446.00
45451.00
45403.00
45339.00
45340.00
45429.00
45451.00
45398.00
45311.00
45336.00
45431.00
45454.00
45391.00
45315.00
45340.00
45416.00
45469.00
45415.00
45334.00
45350.00
45437.00
45480.00
45410.00
45345.00
45339.00
45427.00
45474.00
45422.00
45346.00
45335.00
45419.00
45483.00
45433.00
45367.00
45356.00
45425.00
45492.00
45469.00
45384.00
45365.00
45433.00
45505.00
45482.00
45393.00
45362.00
45432.00
45525.00
45472.00
45408.00
45377.00
45438.00
45537.00
45500.00
45436.00
45393.00
45444.00
45532.00
45519.00
45442.00
45386.00
45443.00
45544.00
45538.00
45465.00
45417.00
45463.00
45564.00
45559.00
45485.00
45436.00
45492.00
45591.00
45604.00
45554.00
45496.00
45519.00
45633.00
45675.00
45607.00
45537.00
45589.00
45688.00
45726.00
45657.00
45619.00
45633.00
45720.00
45775.00
45708.00
45647.00
45670.00
45793.00
45826.00
45784.00
45701.00
45716.00
45822.00
45884.00
45834.00
45780.00
45789.00
45880.00
45962.00
45914.00
45833.00
45844.00
45939.00
46035.00
46006.00
45930.00
45926.00
46018.00
46101.00
46078.00
46011.00
45994.00
46075.00
46180.00
46148.00
46066.00
46065.00
46123.00
46246.00
46192.00
46129.00
46108.00
46187.00
46291.00
46257.00
46187.00
46155.00
46225.00
46332.00
46325.00
46249.00
46202.00
46272.00
46386.00
46386.00
46323.00
46271.00
46335.00
46455.00
46460.00
46402.00
46354.00
46389.00
46526.00
46526.00
46470.00
46417.00
46473.00
46591.00
46623.00
46574.00
46527.00
46552.00
46668.00
46708.00
46655.00
46579.00
46637.00
46747.00
46782.00
46725.00
46649.00
46678.00
46780.00
46827.00
46781.00
46703.00
46727.00
46835.00
46883.00
46835.00
46758.00
46766.00
46850.00
46911.00
46849.00
46767.00
46761.00
46838.00
46905.00
46871.00
46785.00
46755.00
46834.00
46928.00
46884.00
46808.00
46779.00
46854.00
46938.00
46891.00
46810.00
46782.00
46846.00
46938.00
46916.00
46807.00
46776.00
46840.00
46940.00
46913.00
46821.00
46776.00
46818.00
46944.00
46911.00
46836.00
46780.00
46832.00
46939.00
46922.00
46845.00
46772.00
46811.00
46919.00
46914.00
46846.00
46763.00
46817.00
46914.00
46922.00
46837.00
46783.00
46798.00
46911.00
46928.00
46863.00
46784.00
46797.00
46912.00
46947.00
46847.00
46786.00
46800.00
46898.00
46936.00
46885.00
46791.00
46808.00
46896.00
46951.00
46892.00
46798.00
46813.00
46905.00
46954.00
46884.00
46806.00
46806.00
46887.00
46961.00
46903.00
46812.00
46794.00
46887.00
46977.00
46917.00
46812.00
46800.00
46871.00
46963.00
46913.00
46823.00
46789.00
46870.00
46958.00
46922.00
46828.00
46786.00
46855.00
46957.00
46913.00
46842.00
46802.00
46846.00
46953.00
46914.00
46836.00
46794.00
46831.00
46956.00
46938.00
46851.00
46779.00
46834.00
46935.00
46936.00
46873.00
46795.00
46826.00
46943.00
46941.00
46875.00
46791.00
46815.00
46931.00
46960.00
46885.00
46802.00
46823.00
46913.00
46957.00
46899.00
46796.00
46825.00
46922.00
46964.00
46891.00
46803.00
46799.00
46905.00
46962.00
46908.00
46820.00
46814.00
46902.00
46961.00
46910.00
46828.00
46798.00
46897.00
46969.00
46930.00
46844.00
46800.00
46896.00
46982.00
46924.00
46839.00
46814.00
46885.00
46961.00
46946.00
46828.00
46809.00
46871.00
46964.00
46930.00
46855.00
46806.00
46868.00
46975.00
46935.00
46864.00
46806.00
46861.00
46957.00
46949.00
46860.00
46816.00
46852.00
46959.00
46954.00
46867.00
46807.00
46845.00
46959.00
46950.00
46896.00
46812.00
46846.00
46950.00
46967.00
46897.00
46816.00
46828.00
46932.00
46965.00
46906.00
46825.00
46836.00
46930.00
46962.00
46915.00
46827.00
46825.00
46929.00
46984.00
46926.00
46833.00
46830.00
46917.00
46984.00
46935.00
46839.00
46828.00
46904.00
46983.00
46931.00
46850.00
46820.00
46899.00
46993.00
46945.00
46855.00
46829.00
46898.00
46973.00
46939.00
46863.00
46818.00
46881.00
46981.00
46941.00
46857.00
46820.00
46879.00
46972.00
46959.00
46871.00
46836.00
46863.00
46968.00
46971.00
46867.00
46809.00
46860.00
46963.00
46968.00
46891.00
46822.00
46838.00
46967.00
46979.00
46912.00
46834.00
46844.00
46956.00
46977.00
46891.00
46824.00
46842.00
46950.00
46989.00
46923.00
46824.00
46832.00
46918.00
46975.00
46922.00
46833.00
46837.00
46914.00
46984.00
46927.00
46835.00
46824.00
46905.00
46987.00
46922.00
46849.00
46822.00
46879.00
46988.00
46953.00
46851.00
46812.00
46896.00
46976.00
46939.00
46849.00
46817.00
46864.00
46982.00
46950.00
46858.00
46809.00
46858.00
46969.00
46956.00
46873.00
46812.00
46853.00
46964.00
46949.00
46873.00
46810.00
46859.00
46961.00
46962.00
46883.00
46816.00
46854.00
46939.00
46962.00
46900.00
46813.00
46838.00
46946.00
46982.00
46910.00
46833.00
46854.00
46961.00
47000.00
46936.00
46862.00
46876.00
46999.00
47072.00
47026.00
46955.00
46983.00
47078.00
47180.00
47134.00
47072.00
47083.00
47203.00
47288.00
47264.00
47209.00
47216.00
47332.00
47449.00
47439.00
47378.00
47380.00
47495.00
47623.00
47605.00
47564.00
47574.00
47690.00
47823.00
47829.00
47790.00
47771.00
47835.00
47986.00
48010.00
47970.00
47936.00
48006.00
48156.00
48176.00
48121.00
48062.00
48126.00
48278.00
48310.00
48250.00
48191.00
48260.00
48378.00
48434.00
48370.00
48308.00
48352.00
48476.00
48526.00
48487.00
48400.00
48428.00
48560.00
48625.00
48568.00
48490.00
48519.00
48618.00
48690.00
48649.00
48554.00
48557.00
48666.00
48753.00
48706.00
48615.00
48604.00
48684.00
48784.00
48743.00
48640.00
48634.00
48721.00
48816.00
48786.00
48707.00
48682.00
48769.00
48885.00
48851.00
48782.00
48728.00
48808.00
48923.00
48900.00
48833.00
48780.00
48841.00
48973.00
48967.00
48872.00
48797.00
48860.00
48984.00
48978.00
48899.00
48827.00
48855.00
48981.00
48996.00
48926.00
48831.00
48855.00
48967.00
49000.00
48947.00
48843.00
48877.00
48986.00
49029.00
48952.00
48835.00
48858.00
48967.00
49016.00
48944.00
48848.00
48861.00
48941.00
49029.00
48961.00
48857.00
48865.00
48961.00
49040.00
48993.00
48898.00
48878.00
48977.00
49062.00
49023.00
48929.00
48877.00
48981.00
49092.00
49056.00
48963.00
48919.00
48984.00
49115.00
49074.00
48988.00
48941.00
48997.00
49108.00
49091.00
48997.00
48940.00
48995.00
49103.00
49095.00
49004.00
48938.00
48972.00
49091.00
49089.00
49000.00
48906.00
48952.00
49062.00
49099.00
49019.00
48931.00
48953.00
49066.00
49100.00
49039.00
48936.00
48972.00
49067.00
49116.00
49042.00
48940.00
48946.00
49047.00
49122.00
49048.00
48953.00
48936.00
49048.00
49120.00
49059.00
48960.00
48943.00
49033.00
49126.00
49077.00
48988.00
48957.00
49053.00
49132.00
49101.00
48987.00
48982.00
49046.00
49154.00
49102.00
49010.00
48949.00
49018.00
49134.00
49090.00
49008.00
48960.00
49002.00
49129.00
49109.00
49010.00
48942.00
49003.00
49116.00
49119.00
49027.00
48958.00
48995.00
49129.00
49133.00
49051.00
48957.00
48989.00
49109.00
49120.00
49064.00
48957.00
48974.00
49110.00
49138.00
49061.00
48981.00
48987.00
49086.00
49159.00
49084.00
48998.00
49006.00
49115.00
49161.00
49123.00
49020.00
49022.00
49109.00
49208.00
49152.00
49066.00
49041.00
49147.00
49248.00
49203.00
49114.00
49080.00
49164.00
49264.00
49238.00
49130.00
49097.00
49167.00
49269.00
49254.00
49172.00
49114.00
49176.00
49295.00
49277.00
49177.00
49129.00
49183.00
49304.00
49295.00
49208.00
49141.00
49182.00
49294.00
49297.00
49214.00
49130.00
49166.00
49292.00
49309.00
49240.00
49140.00
49170.00
49282.00
49314.00
49239.00
49128.00
49155.00
49254.00
49317.00
49247.00
49149.00
49170.00
49258.00
49310.00
49251.00
49141.00
49128.00
49247.00
49324.00
49255.00
49156.00
49126.00
49228.00
49332.00
49263.00
49168.00
49126.00
49208.00
49313.00
49271.00
49175.00
49133.00
49209.00
49308.00
49277.00
49178.00
49133.00
49193.00
49314.00
49279.00
49189.00
49131.00
49185.00
49314.00
49300.00
49200.00
49127.00
49174.00
49287.00
49290.00
49203.00
49131.00
49163.00
49293.00
49312.00
49221.00
49141.00
49168.00
49271.00
49300.00
49237.00
49132.00
49155.00
49262.00
49315.00
49250.00
49142.00
49138.00
49247.00
49313.00
49232.00
49150.00
49123.00
49228.00
49308.00
49250.00
49150.00
49125.00
49218.00
49310.00
49254.00
49132.00
49118.00
49214.00
49304.00
49250.00
49153.00
49121.00
49192.00
49296.00
49265.00
49150.00
49109.00
49185.00
49296.00
49258.00
49165.00
49101.00
49163.00
49281.00
49267.00
49180.00
49110.00
49143.00
49280.00
49269.00
49187.00
49102.00
49154.00
49271.00
49284.00
49199.00
49104.00
49139.00
49257.00
49280.00
49199.00
49116.00
49135.00
49246.00
49279.00
49208.00
49111.00
49132.00
49235.00
49274.00
49227.00
49118.00
49126.00
49236.00
49313.00
49236.00
49128.00
49119.00
49221.00
49302.00
49238.00
49141.00
49115.00
49198.00
49307.00
49253.00
49148.00
49124.00
49202.00
49307.00
49274.00
49189.00
49142.00
49205.00
49341.00
49320.00
49220.00
49177.00
49240.00
49382.00
49365.00
49288.00
49254.00
49323.00
49467.00
49485.00
49422.00
49366.00
49446.00
49579.00
49607.00
49544.00
49474.00
49531.00
49658.00
49690.00
49628.00
49551.00
49585.00
49692.00
49747.00
49674.00
49567.00
49587.00
49705.00
49772.00
49704.00
49614.00
49618.00
49731.00
49820.00
49774.00
49671.00
49671.00
49773.00
49863.00
49813.00
49711.00
49695.00
49777.00
49892.00
49832.00
49739.00
49715.00
49796.00
49901.00
49869.00
49775.00
49727.00
49810.00
49909.00
49881.00
49799.00
49741.00
49805.00
49918.00
49906.00
49821.00
49754.00
49800.00
49918.00
49908.00
49831.00
49748.00
49774.00
49894.00
49906.00
49818.00
49742.00
49772.00
49885.00
49900.00
49824.00
49726.00
49730.00
49838.00
49885.00
49818.00
49711.00
49728.00
49830.00
49891.00
49833.00
49726.00
49734.00
49827.00
49907.00
49835.00
49742.00
49727.00
49820.00
49903.00
49833.00
49729.00
49705.00
49788.00
49887.00
49837.00
49748.00
49704.00
49758.00
49890.00
49842.00
49752.00
49686.00
49755.00
49859.00
49828.00
49741.00
49661.00
49720.00
49832.00
49804.00
49721.00
49643.00
49675.00
49801.00
49809.00
49717.00
49630.00
49672.00
49789.00
49790.00
49714.00
49608.00
49637.00
49743.00
49756.00
49666.00
49574.00
49573.00
49671.00
49720.00
49648.00
49540.00
49552.00
49660.00
49719.00
49634.00
49548.00
49524.00
49630.00
49712.00
49666.00
49565.00
49540.00
49629.00
49710.00
49670.00
49558.00
49530.00
49619.00
49706.00
49665.00
49558.00
49525.00
49588.00
49676.00
49653.00
49557.00
49506.00
49568.00
49687.00
49652.00
49559.00
49499.00
49551.00
49654.00
49656.00
49564.00
49487.00
49550.00
49646.00
49652.00
49581.00
49502.00
49552.00
49653.00
49682.00
49607.00
49498.00
49547.00
49652.00
49696.00
49617.00
49520.00
49518.00
49638.00
49673.00
49605.00
49523.00
49519.00
49620.00
49673.00
49623.00
49514.00
49512.00
49615.00
49681.00
49615.00
49522.00
49514.00
49597.00
49693.00
49636.00
49538.00
49515.00
49603.00
49695.00
49640.00
49563.00
49523.00
49587.00
49684.00
49653.00
49563.00
49526.00
49576.00
49693.00
49682.00
49575.00
49504.00
49582.00
49691.00
49690.00
49591.00
49524.00
49570.00
49688.00
49689.00
49600.00
49517.00
49553.00
49672.00
49691.00
49618.00
49536.00
49549.00
49648.00
49699.00
49628.00
49550.00
49549.00
49658.00
49728.00
49650.00
49557.00
49558.00
49654.00
49715.00
49661.00
49550.00
49533.00
49634.00
49716.00
49655.00
49564.00
49540.00
49649.00
49761.00
49712.00
49622.00
49599.00
49688.00
49794.00
49776.00
49676.00
49638.00
49716.00
49811.00
49805.00
49702.00
49643.00
49701.00
49831.00
49797.00
49699.00
49618.00
49669.00
49771.00
49770.00
49689.00
49615.00
49648.00
49777.00
49786.00
49698.00
49628.00
49643.00
49763.00
49799.00
49722.00
49635.00
49644.00
49766.00
49823.00
49758.00
49670.00
49683.00
49800.00
49859.00
49783.00
49684.00
49685.00
49780.00
49853.00
49800.00
49671.00
49665.00
49752.00
49842.00
49800.00
49689.00
49664.00
49740.00
49832.00
49797.00
49695.00
49661.00
49740.00
49861.00
49822.00
49733.00
49690.00
49753.00
49864.00
49847.00
49750.00
49694.00
49746.00
49857.00
49848.00
49766.00
49683.00
49741.00
49861.00
49855.00
49754.00
49684.00
49720.00
49834.00
49866.00
49766.00
49682.00
49699.00
49800.00
49829.00
49752.00
49656.00
49677.00
49762.00
49828.00
49744.00
49655.00
49634.00
49747.00
49815.00
49746.00
49642.00
49629.00
49721.00
49772.00
49723.00
49591.00
49580.00
49668.00
49762.00
49696.00
49603.00
49566.00
49647.00
49755.00
49718.00
49639.00
49604.00
49686.00
49799.00
49781.00
49682.00
49631.00
49703.00
49828.00
49809.00
49706.00
49672.00
49729.00
49841.00
49842.00
49757.00
49681.00
49721.00
49842.00
49837.00
49756.00
49651.00
49682.00
49806.00
49827.00
49742.00
49649.00
49666.00
49783.00
49816.00
49747.00
49673.00
49669.00
49776.00
49847.00
49780.00
49668.00
49669.00
49772.00
49839.00
49771.00
49659.00
49661.00
49740.00
49822.00
49770.00
49660.00
49640.00
49731.00
49829.00
49762.00
49645.00
49636.00
49711.00
49811.00
49758.00
49660.00
49615.00
49685.00
49785.00
49752.00
49655.00
49602.00
49660.00
49781.00
49749.00
49664.00
49602.00
49638.00
49768.00
49761.00
49670.00
49594.00
49624.00
49745.00
49743.00
49678.00
49567.00
49604.00
49715.00
49745.00
49664.00
49580.00
49577.00
49710.00
49747.00
49659.00
49560.00
49577.00
49695.00
49745.00
49673.00
49571.00
49566.00
49682.00
49754.00
49681.00
49570.00
49556.00
49647.00
49734.00
49668.00
49560.00
49551.00
49637.00
49731.00
49683.00
49578.00
49546.00
49622.00
49725.00
49689.00
49580.00
49522.00
49600.00
49721.00
49674.00
49581.00
49514.00
49592.00
49707.00
49683.00
49590.00
49512.00
49569.00
49697.00
49679.00
49584.00
49513.00
49560.00
49679.00
49679.00
49599.00
49515.00
49567.00
49691.00
49705.00
49651.00
49561.00
49611.00
49726.00
49768.00
49708.00
49663.00
49699.00
49842.00
49914.00
49839.00
49767.00
49795.00
49911.00
49988.00
49941.00
49868.00
49869.00
49990.00
50080.00
50031.00
49943.00
49938.00
50037.00
50129.00
50084.00
49964.00
49953.00
50026.00
50147.00
50097.00
49989.00
49940.00
50014.00
50131.00
50085.00
49992.00
49943.00
50018.00
50138.00
50112.00
50009.00
49944.00
50025.00
50147.00
50137.00
50054.00
49991.00
50048.00
50163.00
50159.00
50075.00
49997.00
50038.00
50167.00
50166.00
50077.00
49983.00
50022.00
50132.00
50145.00
50061.00
49981.00
50017.00
50133.00
50155.00
50080.00
49987.00
50012.00
50123.00
50175.00
50087.00
49989.00
49985.00
50083.00
50125.00
50043.00
49959.00
49960.00
50052.00
50123.00
50053.00
49953.00
49935.00
50039.00
50111.00
50063.00
49961.00
49928.00
50006.00
50119.00
50066.00
49975.00
49938.00
50013.00
50126.00
50083.00
49976.00
49940.00
49989.00
50107.00
50058.00
49966.00
49928.00
49970.00
50095.00
50078.00
49981.00
49917.00
49980.00
50090.00
50080.00
49986.00
49906.00
49956.00
50065.00
50054.00
49974.00
49893.00
49939.00
50056.00
50071.00
49977.00
49897.00
49934.00
50045.00
50060.00
49986.00
49887.00
49907.00
50027.00
50054.00
49972.00
49882.00
49886.00
49997.00
50052.00
49960.00
49878.00
49855.00
49974.00
50032.00
49965.00
49854.00
49852.00
49925.00
50023.00
49964.00
49858.00
49836.00
49930.00
50011.00
49971.00
49870.00
49850.00
49915.00
50003.00
49963.00
49858.00
49834.00
49907.00
50009.00
49958.00
49864.00
49820.00
49890.00
50001.00
49978.00
49886.00
49832.00
49891.00
49996.00
49974.00
49879.00
49825.00
49875.00
49984.00
49991.00
49896.00
49823.00
49876.00
49992.00
49989.00
49906.00
49831.00
49862.00
49992.00
49994.00
49913.00
49827.00
49848.00
49964.00
50006.00
49923.00
49816.00
49835.00
49949.00
49995.00
49925.00
49832.00
49845.00
49957.00
50011.00
49947.00
49844.00
49846.00
49960.00
50023.00
49938.00
49833.00
49831.00
49935.00
50001.00
49948.00
49824.00
49836.00
49922.00
50006.00
49959.00
49851.00
49848.00
49920.00
50020.00
49977.00
49864.00
49829.00
49902.00
50016.00
49962.00
49879.00
49821.00
49900.00
50009.00
49977.00
49878.00
49827.00
49880.00
49994.00
49980.00
49877.00
49810.00
49864.00
49982.00
49975.00
49894.00
49820.00
49862.00
49971.00
49969.00
49878.00
49784.00
49833.00
49954.00
49970.00
49894.00
49800.00
49820.00
49929.00
49974.00
49885.00
49800.00
49809.00
49914.00
49976.00
49911.00
49804.00
49828.00
49940.00
50010.00
49962.00
49867.00
49875.00
49974.00
50044.00
49955.00
49862.00
49854.00
49964.00
50043.00
49981.00
49866.00
49848.00
49938.00
50025.00
49975.00
49871.00
49849.00
49928.00
50036.00
49983.00
49876.00
49832.00
49905.00
50011.00
49986.00
49875.00
49830.00
49902.00
50015.00
49973.00
49884.00
49826.00
49870.00
49990.00
49976.00
49873.00
49814.00
49870.00
49996.00
49979.00
49886.00
49818.00
49859.00
49980.00
49974.00
49897.00
49810.00
49846.00
49963.00
49982.00
49887.00
49793.00
49833.00
49942.00
49975.00
49891.00
49807.00
49825.00
49943.00
49980.00
49903.00
49816.00
49828.00
49944.00
49994.00
49937.00
49838.00
49856.00
49950.00
50017.00
49953.00
49851.00
49841.00
49933.00
50022.00
49949.00
49855.00
49836.00
49945.00
50006.00
49950.00
49842.00
49820.00
49920.00
50009.00
49947.00
49845.00
49814.00
49899.00
50015.00
49955.00
49868.00
49810.00
49892.00
50004.00
49989.00
49868.00
49824.00
49881.00
49996.00
49963.00
49881.00
49811.00
49863.00
49976.00
49967.00
49860.00
49793.00
49852.00
49974.00
49970.00
49873.00
49786.00
49844.00
49959.00
49979.00
49901.00
49807.00
49840.00
49955.00
49988.00
49887.00
49806.00
49831.00
49941.00
49980.00
49898.00
49792.00
49819.00
49914.00
49962.00
49890.00
49802.00
49817.00
49919.00
49978.00
49899.00
49816.00
49803.00
49912.00
49981.00
49928.00
49823.00
49806.00
49879.00
49972.00
49913.00
49802.00
49765.00
49863.00
49949.00
49904.00
49783.00
49774.00
49853.00
49950.00
49910.00
49812.00
49769.00
49837.00
49946.00
49908.00
49812.00
49761.00
49827.00
49949.00
49921.00
49826.00
49766.00
49820.00
49937.00
49902.00
49814.00
49724.00
49783.00
49895.00
49875.00
49783.00
49692.00
49741.00
49868.00
49869.00
49790.00
49709.00
49745.00
49875.00
49896.00
49823.00
49740.00
49775.00
49898.00
49917.00
49843.00
49751.00
49753.00
49862.00
49898.00
49831.00
49723.00
49735.00
49837.00
49902.00
49847.00
49732.00
49737.00
49849.00
49917.00
49845.00
49745.00
49748.00
49843.00
49922.00
49867.00
49762.00
49735.00
49834.00
49918.00
49874.00
49770.00
49747.00
49832.00
49939.00
49882.00
49763.00
49717.00
49799.00
49914.00
49869.00
49754.00
49722.00
49781.00
49879.00
49852.00
49754.00
49700.00
49745.00
49851.00
49846.00
49740.00
49660.00
49720.00
49834.00
49828.00
49735.00
49639.00
49691.00
49810.00
49798.00
49722.00
49633.00
49667.00
49798.00
49801.00
49682.00
49591.00
49587.00
49713.00
49733.00
49626.00
49524.00
49519.00
49631.00
49669.00
49571.00
49462.00
49423.00
49496.00
49531.00
49466.00
49354.00
49340.00
49431.00
49485.00
49420.00
49311.00
49314.00
49393.00
49454.00
49382.00
49292.00
49267.00
49349.00
49420.00
49349.00
49230.00
49197.00
49274.00
49366.00
49313.00
49215.00
49185.00
49253.00
49340.00
49300.00
49178.00
49107.00
49154.00
49225.00
49183.00
49078.00
49024.00
49073.00
49194.00
49171.00
49090.00
49021.00
49081.00
49187.00
49174.00
49063.00
48999.00
49037.00
49163.00
49139.00
49051.00
48971.00
49001.00
49113.00
49119.00
49040.00
48967.00
48987.00
49104.00
49115.00
49050.00
48960.00
48997.00
49107.00
49130.00
49059.00
48964.00
48985.00
49089.00
49125.00
49057.00
48958.00
48973.00
49088.00
49131.00
49061.00
48969.00
48965.00
49059.00
49123.00
49059.00
48960.00
48951.00
49021.00
49114.00
49051.00
48962.00
48919.00
49009.00
49121.00
49061.00
48947.00
48929.00
49005.00
49103.00
49045.00
48950.00
48905.00
48981.00
49087.00
49044.00
48951.00
48909.00
48970.00
49067.00
49041.00
48946.00
48900.00
48956.00
49072.00
49057.00
48961.00
48888.00
48944.00
49053.00
49048.00
48936.00
48869.00
48929.00
49035.00
49030.00
48944.00
48883.00
48917.00
49033.00
49049.00
48964.00
48882.00
48915.00
49015.00
49042.00
48970.00
48887.00
48910.00
49010.00
49063.00
48981.00
48877.00
48888.00
49004.00
49048.00
48988.00
48887.00
48896.00
48991.00
49059.00
48984.00
48873.00
48879.00
48981.00
49055.00
48993.00
48898.00
48879.00
48969.00
49051.00
48996.00
48906.00
48875.00
48958.00
49039.00
48986.00
48880.00
48868.00
48940.00
49038.00
48992.00
48897.00
48870.00
48927.00
49048.00
49000.00
48904.00
48849.00
48927.00
49025.00
49004.00
48907.00
48852.00
48930.00
49030.00
49011.00
48926.00
48845.00
48904.00
49015.00
49004.00
48933.00
48842.00
48892.00
49021.00
49018.00
48943.00
48850.00
48890.00
48997.00
49029.00
48926.00
48855.00
48884.00
48996.00
49028.00
48932.00
48856.00
48873.00
48976.00
49014.00
48953.00
48868.00
48861.00
48968.00
49028.00
48959.00
48866.00
48860.00
48960.00
49029.00
48965.00
48861.00
48874.00
48956.00
49040.00
48968.00
48864.00
48864.00
48945.00
49039.00
48977.00
48867.00
48853.00
48935.00
49035.00
48993.00
48894.00
48845.00
48928.00
49039.00
48990.00
48886.00
48845.00
48928.00
49016.00
48997.00
48904.00
48852.00
48921.00
49018.00
48990.00
48911.00
48851.00
48911.00
49014.00
49003.00
48917.00
48850.00
48898.00
49016.00
49005.00
48924.00
48842.00
48884.00
49009.00
49011.00
48937.00
48852.00
48870.00
48998.00
49015.00
48943.00
48853.00
48884.00
48978.00
49023.00
48954.00
48865.00
48873.00
48976.00
49011.00
48953.00
48859.00
48850.00
48958.00
49031.00
48957.00
48857.00
48863.00
48952.00
49016.00
48955.00
48864.00
48846.00
48936.00
49030.00
48968.00
48864.00
48852.00
48933.00
49027.00
48965.00
48866.00
48834.00
48913.00
49023.00
48959.00
48886.00
48831.00
48906.00
49016.00
48966.00
48871.00
48811.00
48893.00
48994.00
48982.00
48891.00
48820.00
48882.00
49000.00
48985.00
48894.00
48813.00
48871.00
48991.00
48987.00
48901.00
48822.00
48858.00
48989.00
48988.00
48907.00
48814.00
48849.00
48978.00
48999.00
48920.00
48828.00
48857.00
48956.00
48997.00
48929.00
48834.00
48836.00
48957.00
48999.00
48932.00
48842.00
48846.00
48955.00
49022.00
48949.00
48854.00
48841.00
48931.00
49015.00
48955.00
48862.00
48850.00
48927.00
49010.00
48957.00
48854.00
48839.00
48924.00
49007.00
48970.00
48866.00
48835.00
48912.00
49012.00
48974.00
48863.00
48836.00
48896.00
49004.00
48972.00
48874.00
48811.00
48881.00
48998.00
48969.00
48880.00
48827.00
48874.00
48988.00
48988.00
48891.00
48826.00
48868.00
48994.00
48986.00
48902.00
48826.00
48877.00
48991.00
48997.00
48902.00
48823.00
48859.00
48978.00
48996.00
48904.00
48820.00
48861.00
48968.00
49000.00
48926.00
48824.00
48832.00
48946.00
49011.00
48937.00
48858.00
48834.00
48946.00
49003.00
48941.00
48839.00
48832.00
48930.00
49006.00
48948.00
48846.00
48816.00
48908.00
49013.00
48955.00
48840.00
48842.00
48894.00
49007.00
48957.00
48846.00
48804.00
48902.00
49003.00
48970.00
48868.00
48816.00
48879.00
49003.00
48972.00
48876.00
48816.00
48886.00
48996.00
48961.00
48881.00
48817.00
48861.00
48977.00
48972.00
48901.00
48802.00
48870.00
48965.00
48978.00
48897.00
48811.00
48848.00
48963.00
48978.00
48893.00
48800.00
48829.00
48950.00
48970.00
48902.00
48800.00
48809.00
48920.00
48958.00
48875.00
48778.00
48790.00
48898.00
48945.00
48877.00
48759.00
48763.00
48862.00
48914.00
48866.00
48754.00
48728.00
48806.00
48882.00
48808.00
48688.00
48656.00
48716.00
48796.00
48720.00
48582.00
48515.00
48585.00
48653.00
48602.00
48475.00
48425.00
48480.00
48583.00
48510.00
48385.00
48321.00
48357.00
48454.00
48432.00
48302.00
48230.00
48269.00
48358.00
48338.00
48246.00
48161.00
48200.00
48297.00
48277.00
48169.00
48087.00
48118.00
48229.00
48237.00
48144.00
48050.00
48080.00
48168.00
48187.00
48106.00
48001.00
48011.00
48118.00
48142.00
48063.00
47947.00
47968.00
48031.00
48079.00
48013.00
47901.00
47878.00
47951.00
48010.00
47922.00
47842.00
47834.00
47913.00
47975.00
47926.00
47806.00
47794.00
47857.00
47925.00
47878.00
47779.00
47768.00
47832.00
47908.00
47859.00
47767.00
47725.00
47802.00
47897.00
47858.00
47762.00
47729.00
47784.00
47890.00
47866.00
47776.00
47725.00
47776.00
47870.00
47854.00
47777.00
47718.00
47753.00
47862.00
47879.00
47766.00
47698.00
47744.00
47848.00
47841.00
47787.00
47694.00
47753.00
47842.00
47868.00
47806.00
47721.00
47733.00
47842.00
47861.00
47794.00
47713.00
47734.00
47821.00
47862.00
47802.00
47706.00
47707.00
47803.00
47859.00
47792.00
47702.00
47694.00
47794.00
47862.00
47796.00
47710.00
47692.00
47768.00
47863.00
47791.00
47692.00
47676.00
47751.00
47842.00
47794.00
47698.00
47673.00
47746.00
47827.00
47793.00
47698.00
47655.00
47710.00
47809.00
47798.00
47695.00
47642.00
47708.00
47794.00
47786.00
47688.00
47636.00
47694.00
47791.00
47784.00
47696.00
47632.00
47682.00
47785.00
47793.00
47702.00
47628.00
47663.00
47764.00
47781.00
47703.00
47637.00
47659.00
47765.00
47798.00
47713.00
47631.00
47655.00
47767.00
47795.00
47730.00
47662.00
47651.00
47755.00
47805.00
47749.00
47645.00
47659.00
47755.00
47801.00
47741.00
47658.00
47648.00
47741.00
47808.00
47761.00
47648.00
47633.00
47718.00
47801.00
47761.00
47659.00
47632.00
47715.00
47782.00
47754.00
47651.00
47619.00
47683.00
47789.00
47746.00
47667.00
47634.00
47689.00
47793.00
47757.00
47662.00
47623.00
47681.00
47790.00
47763.00
47684.00
47629.00
47674.00
47786.00
47761.00
47694.00
47617.00
47668.00
47773.00
47771.00
47699.00
47618.00
47652.00
47755.00
47771.00
47696.00
47618.00
47646.00
47742.00
47781.00
47697.00
47616.00
47626.00
47739.00
47767.00
47697.00
47611.00
47625.00
47725.00
47777.00
47696.00
47621.00
47624.00
47708.00
47788.00
47725.00
47625.00
47616.00
47692.00
47765.00
47720.00
47632.00
47609.00
47691.00
47782.00
47739.00
47643.00
47622.00
47684.00
47773.00
47744.00
47641.00
47614.00
47668.00
47774.00
47750.00
47649.00
47611.00
47670.00
47782.00
47746.00
47658.00
47608.00
47644.00
47760.00
47748.00
47651.00
47611.00
47654.00
47746.00
47756.00
47671.00
47601.00
47634.00
47745.00
47743.00
47669.00
47591.00
47616.00
47730.00
47753.00
47683.00
47598.00
47615.00
47716.00
47754.00
47678.00
47593.00
47626.00
47707.00
47764.00
47698.00
47601.00
47604.00
47695.00
47759.00
47706.00
47600.00
47598.00
47680.00
47747.00
47698.00
47608.00
47594.00
47673.00
47750.00
47709.00
47604.00
47569.00
47661.00
47747.00
47701.00
47615.00
47578.00
47646.00
47751.00
47700.00
47617.00
47583.00
47629.00
47730.00
47713.00
47617.00
47568.00
47628.00
47731.00
47706.00
47624.00
47568.00
47619.00
47730.00
47714.00
47626.00
47556.00
47602.00
47708.00
47713.00
47640.00
47572.00
47605.00
47704.00
47705.00
47651.00
47562.00
47607.00
47693.00
47722.00
47645.00
47550.00
47588.00
47677.00
47725.00
47650.00
47564.00
47576.00
47678.00
47727.00
47650.00
47556.00
47586.00
47657.00
47728.00
47667.00
47577.00
47571.00
47661.00
47732.00
47665.00
47568.00
47569.00
47638.00
47719.00
47664.00
47584.00
47559.00
47625.00
47711.00
47685.00
47574.00
47556.00
47607.00
47706.00
47672.00
47598.00
47557.00
47612.00
47730.00
47679.00
47606.00
47561.00
47617.00
47709.00
47697.00
47615.00
47556.00
47595.00
47696.00
47682.00
47611.00
47548.00
47583.00
47681.00
47697.00
47615.00
47548.00
47576.00
47681.00
47696.00
47624.00
47543.00
47566.00
47667.00
47697.00
47619.00
47556.00
47556.00
47652.00
47692.00
47619.00
47537.00
47553.00
47650.00
47697.00
47618.00
47531.00
47537.00
47641.00
47674.00
47620.00
47530.00
47518.00
47611.00
47670.00
47602.00
47517.00
47492.00
47552.00
47602.00
47555.00
47448.00
47403.00
47477.00
47537.00
47478.00
47366.00
47311.00
47363.00
47432.00
47398.00
47282.00
47220.00
47252.00
47318.00
47257.00
47145.00
47074.00
47105.00
47177.00
47125.00
47026.00
46937.00
46947.00
47004.00
46977.00
46864.00
46791.00
46783.00
46870.00
46833.00
46724.00
46620.00
46630.00
46708.00
46678.00
46587.00
46474.00
46473.00
46550.00
46549.00
46457.00
46374.00
46345.00
46427.00
46453.00
46372.00
46270.00
46255.00
46325.00
46385.00
46280.00
46196.00
46172.00
46253.00
46287.00
46217.00
46110.00
46106.00
46169.00
46225.00
46151.00
46050.00
46036.00
46089.00
46159.00
46115.00
46004.00
45972.00
46046.00
46112.00
46059.00
45954.00
45908.00
45982.00
46043.00
45990.00
45903.00
45850.00
45893.00
45973.00
45942.00
45873.00
45800.00
45860.00
45948.00
45934.00
45851.00
45784.00
45814.00
45906.00
45892.00
45817.00
45740.00
45761.00
45860.00
45852.00
45766.00
45691.00
45712.00
45802.00
45814.00
45741.00
45665.00
45692.00
45781.00
45799.00
45729.00
45652.00
45670.00
45742.00
45781.00
45704.00
45640.00
45633.00
45725.00
45787.00
45711.00
45629.00
45625.00
45706.00
45766.00
45723.00
45635.00
45610.00
45687.00
45762.00
45713.00
45627.00
45623.00
45678.00
45761.00
45725.00
45630.00
45616.00
45679.00
45757.00
45725.00
45644.00
45614.00
45663.00
45750.00
45720.00
45656.00
45611.00
45647.00
45741.00
45736.00
45659.00
45581.00
45644.00
45745.00
45735.00
45661.00
45593.00
45637.00
45730.00
45709.00
45647.00
45590.00
45631.00
45733.00
45722.00
45657.00
45585.00
45617.00
45713.00
45734.00
45668.00
45590.00
45610.00
45687.00
45725.00
45663.00
45593.00
45606.00
45684.00
45735.00
45677.00
45591.00
45587.00
45677.00
45727.00
45674.00
45589.00
45593.00
45654.00
45728.00
45678.00
45594.00
45595.00
45666.00
45729.00
45686.00
45593.00
45574.00
45642.00
45720.00
45684.00
45592.00
45574.00
45629.00
45716.00
45692.00
45600.00
45583.00
45630.00
45719.00
45696.00
45626.00
45565.00
45609.00
45710.00
45693.00
45617.00
45564.00
45608.00
45681.00
45684.00
45628.00
45561.00
45587.00
45686.00
45687.00
45624.00
45561.00
45579.00
45687.00
45693.00
45644.00
45551.00
45579.00
45665.00
45694.00
45633.00
45554.00
45569.00
45640.00
45687.00
45643.00
45566.00
45566.00
45655.00
45701.00
45653.00
45562.00
45576.00
45666.00
45703.00
45653.00
45576.00
45552.00
45640.00
45707.00
45651.00
45592.00
45556.00
45609.00
45708.00
45652.00
45576.00
45543.00
45605.00
45699.00
45675.00
45574.00
45541.00
45606.00
45690.00
45678.00
45591.00
45531.00
45585.00
45678.00
45668.00
45601.00
45537.00
45588.00
45675.00
45674.00
45596.00
45550.00
45581.00
45680.00
45676.00
45613.00
45543.00
45571.00
45668.00
45686.00
45627.00
45548.00
45566.00
45652.00
45693.00
45634.00
45540.00
45567.00
45646.00
45698.00
45639.00
45551.00
45562.00
45639.00
45688.00
45639.00
45554.00
45544.00
45622.00
45688.00
45648.00
45568.00
45565.00
45615.00
45711.00
45654.00
45556.00
45539.00
45608.00
45695.00
45657.00
45586.00
45544.00
45600.00
45674.00
45659.00
45579.00
45539.00
45599.00
45683.00
45659.00
45592.00
45538.00
45586.00
45687.00
45666.00
45588.00
45537.00
45591.00
45672.00
45677.00
45602.00
45537.00
45575.00
45668.00
45675.00
45616.00
45529.00
45558.00
45663.00
45670.00
45627.00
45538.00
45560.00
45645.00
45676.00
45613.00
45546.00
45551.00
45631.00
45688.00
45626.00
45549.00
45551.00
45632.00
45692.00
45643.00
45562.00
45541.00
45612.00
45690.00
45646.00
45558.00
45541.00
45598.00
45685.00
45657.00
45566.00
45554.00
45627.00
45679.00
45660.00
45557.00
45534.00
45602.00
45670.00
45657.00
45568.00
45551.00
45602.00
45686.00
45668.00
45586.00
45526.00
45589.00
45692.00
45665.00
45609.00
45551.00
45578.00
45654.00
45660.00
45605.00
45538.00
45555.00
45650.00
45665.00
45598.00
45531.00
45563.00
45634.00
45682.00
45607.00
45537.00
45546.00
45632.00
45686.00
45626.00
45553.00
45548.00
45627.00
45676.00
45627.00
45534.00
45541.00
45607.00
45670.00
45623.00
