44668.00
44654.00
44689.00
44800.00
44742.00
44660.00
44638.00
44682.00
44769.00
44741.00
44681.00
44642.00
44675.00
44759.00
44740.00
44673.00
44637.00
44682.00
44750.00
44786.00
44673.00
44639.00
44667.00
44749.00
44739.00
44680.00
44637.00
44686.00
44762.00
44757.00
44702.00
44641.00
44659.00
44745.00
44765.00
44722.00
44651.00
44661.00
44716.00
44767.00
44715.00
44634.00
44642.00
44715.00
44748.00
44713.00
44643.00
44649.00
44716.00
44759.00
44702.00
44644.00
44651.00
44716.00
44765.00
44708.00
44642.00
44624.00
44696.00
44743.00
44722.00
44644.00
44634.00
44683.00
44765.00
44723.00
44655.00
44633.00
44675.00
44757.00
44736.00
44660.00
44618.00
44664.00
44756.00
44733.00
44666.00
44618.00
44673.00
44745.00
44744.00
44685.00
44621.00
44650.00
44747.00
44746.00
44682.00
44619.00
44642.00
44736.00
44748.00
44687.00
44628.00
44658.00
44778.00
44798.00
44687.00
44631.00
44643.00
44731.00
44747.00
44710.00
44641.00
44649.00
44722.00
44760.00
44723.00
44660.00
44650.00
44738.00
44757.00
44716.00
44649.00
44656.00
44713.00
44763.00
44721.00
44663.00
44663.00
44717.00
44758.00
44725.00
44662.00
44658.00
44706.00
44778.00
44752.00
44684.00
44660.00
44732.00
44812.00
44773.00
44704.00
44634.00
44723.00
44793.00
44755.00
44705.00
44680.00
44705.00
44797.00
44749.00
44705.00
44657.00
44715.00
44829.00
44745.00
44695.00
44658.00
44698.00
44754.00
44780.00
44758.00
44652.00
44704.00
44763.00
44796.00
44709.00
44642.00
44679.00
44753.00
44764.00
44699.00
44637.00
44672.00
44740.00
44783.00
44709.00
44640.00
44662.00
44729.00
44753.00
44710.00
44634.00
44635.00
44714.00
44792.00
44720.00
44654.00
44643.00
44722.00
44768.00
44739.00
44682.00
44634.00
44711.00
44785.00
44752.00
44673.00
44647.00
44715.00
44787.00
44763.00
44698.00
44638.00
44697.00
44763.00
44744.00
44678.00
44641.00
44685.00
44777.00
44766.00
44686.00
44653.00
44694.00
44758.00
44750.00
44673.00
44627.00
44671.00
44767.00
44753.00
44687.00
44646.00
44679.00
44760.00
44759.00
44695.00
44652.00
44666.00
44758.00
44756.00
44709.00
44644.00
44664.00
44744.00
44761.00
44707.00
44636.00
44675.00
44732.00
44794.00
44716.00
44650.00
44668.00
44734.00
44764.00
44711.00
44645.00
44650.00
44716.00
44759.00
44721.00
44657.00
44642.00
44706.00
44761.00
44731.00
44659.00
44634.00
44698.00
44757.00
44724.00
44647.00
44632.00
44675.00
44754.00
44719.00
44652.00
44633.00
44687.00
44759.00
44739.00
44666.00
44630.00
44678.00
44751.00
44740.00
44683.00
44633.00
44682.00
44739.00
44745.00
44688.00
44634.00
44693.00
44745.00
44752.00
44708.00
44644.00
44664.00
44755.00
44751.00
44700.00
44649.00
44674.00
44760.00
44750.00
44704.00
44653.00
44656.00
44750.00
44765.00
44708.00
44640.00
44652.00
44731.00
44760.00
44719.00
44622.00
44650.00
44722.00
44773.00
44713.00
44648.00
44637.00
44719.00
44762.00
44711.00
44668.00
44648.00
44731.00
44772.00
44737.00
44653.00
44644.00
44723.00
44771.00
44750.00
44662.00
44642.00
44701.00
44789.00
44742.00
44705.00
44640.00
44683.00
44776.00
44746.00
44686.00
44662.00
44711.00
44777.00
44765.00
44678.00
44636.00
44700.00
44783.00
44751.00
44700.00
44671.00
44667.00
44770.00
44757.00
44693.00
44632.00
44677.00
44742.00
44759.00
44684.00
44631.00
44645.00
44736.00
44753.00
44705.00
44639.00
44655.00
44732.00
44756.00
44710.00
44636.00
44649.00
44721.00
44755.00
44716.00
44641.00
44655.00
44728.00
44769.00
44725.00
44643.00
44646.00
44731.00
44774.00
44729.00
44658.00
44630.00
44696.00
44775.00
44715.00
44641.00
44635.00
44695.00
44772.00
44739.00
44661.00
44641.00
44686.00
44779.00
44740.00
44666.00
44627.00
44690.00
44771.00
44750.00
44668.00
44626.00
44664.00
44752.00
44732.00
44669.00
44620.00
44666.00
44747.00
44745.00
44676.00
44619.00
44645.00
44737.00
44730.00
44673.00
44610.00
44655.00
44743.00
44728.00
44690.00
44631.00
44642.00
44726.00
44751.00
44693.00
44621.00
44638.00
44694.00
44722.00
44691.00
44611.00
44623.00
44702.00
44751.00
44714.00
44644.00
44631.00
44711.00
44756.00
44712.00
44628.00
44621.00
44676.00
44740.00
44704.00
44634.00
44608.00
44675.00
44736.00
44712.00
44642.00
44619.00
44665.00
44740.00
44713.00
44659.00
44609.00
44660.00
44751.00
44711.00
44684.00
44667.00
44706.00
44768.00
44730.00
44660.00
44617.00
44659.00
44739.00
44818.00
44706.00
44654.00
44660.00
44744.00
44743.00
44687.00
44621.00
44646.00
44735.00
44778.00
44693.00
44626.00
44648.00
44723.00
44743.00
44692.00
44636.00
44675.00
44719.00
44756.00
44714.00
44629.00
44648.00
44719.00
44764.00
44735.00
44634.00
44637.00
44696.00
44759.00
44710.00
44632.00
44619.00
44716.00
44767.00
44713.00
44668.00
44637.00
44689.00
44748.00
44730.00
44655.00
44632.00
44675.00
44751.00
44717.00
44634.00
44619.00
44663.00
44762.00
44722.00
44673.00
44603.00
44661.00
44753.00
44716.00
44663.00
44610.00
44669.00
44739.00
44717.00
44664.00
44625.00
44659.00
44736.00
44744.00
44723.00
44624.00
44650.00
44714.00
44747.00
44687.00
44632.00
44642.00
44787.00
44800.00
44692.00
44629.00
44643.00
44707.00
44759.00
44709.00
44649.00
44647.00
44706.00
44756.00
44706.00
44617.00
44619.00
44685.00
44753.00
44734.00
44642.00
44629.00
44675.00
44744.00
44716.00
44612.00
44630.00
44712.00
44743.00
44718.00
44638.00
44600.00
44658.00
44732.00
44709.00
44684.00
44616.00
44649.00
44727.00
44724.00
44655.00
44622.00
44660.00
44754.00
44761.00
44663.00
44618.00
44646.00
44734.00
44741.00
44688.00
44653.00
44683.00
44724.00
44742.00
44687.00
44625.00
44647.00
44715.00
44759.00
44762.00
44629.00
44644.00
44723.00
44751.00
44702.00
44634.00
44649.00
44741.00
44749.00
44702.00
44639.00
44625.00
44706.00
44759.00
44701.00
44662.00
44625.00
44682.00
44737.00
44708.00
44646.00
44631.00
44688.00
44773.00
44716.00
44631.00
44616.00
44669.00
44742.00
44718.00
44644.00
44632.00
44697.00
44741.00
44716.00
44639.00
44618.00
44660.00
44754.00
44745.00
44704.00
44630.00
44682.00
44757.00
44741.00
44673.00
44619.00
44657.00
44761.00
44733.00
44670.00
44620.00
44652.00
44739.00
44749.00
44683.00
44638.00
44651.00
44730.00
44749.00
44714.00
44625.00
44630.00
44716.00
44766.00
44710.00
44629.00
44626.00
44711.00
44747.00
44709.00
44651.00
44662.00
44736.00
44758.00
44709.00
44642.00
44635.00
44700.00
44768.00
44754.00
44676.00
44624.00
44679.00
44750.00
44723.00
44656.00
44620.00
44683.00
44793.00
44720.00
44668.00
44615.00
44676.00
44750.00
44735.00
44651.00
44661.00
44668.00
44755.00
44735.00
44666.00
44631.00
44658.00
44737.00
44776.00
44680.00
44630.00
44668.00
44747.00
44750.00
44698.00
44625.00
44706.00
44795.00
44761.00
44697.00
44649.00
44650.00
44735.00
44749.00
44758.00
44689.00
44643.00
44720.00
44753.00
44717.00
44660.00
44648.00
44752.00
44791.00
44721.00
44650.00
44637.00
44716.00
44767.00
44726.00
44639.00
44642.00
44702.00
44763.00
44739.00
44663.00
44645.00
44706.00
44769.00
44748.00
44676.00
44627.00
44694.00
44768.00
44737.00
44677.00
44635.00
44707.00
44779.00
44740.00
44697.00
44642.00
44687.00
44777.00
44751.00
44701.00
44628.00
44679.00
44769.00
44753.00
44683.00
44636.00
44660.00
44754.00
44770.00
44706.00
44643.00
44674.00
44760.00
44770.00
44705.00
44655.00
44666.00
44751.00
44786.00
44723.00
44661.00
44674.00
44747.00
44795.00
44748.00
44668.00
44658.00
44754.00
44788.00
44746.00
44664.00
44649.00
44747.00
44812.00
44755.00
44668.00
44664.00
44726.00
44789.00
44742.00
44674.00
44651.00
44720.00
44786.00
44753.00
44675.00
44658.00
44716.00
44787.00
44760.00
44695.00
44654.00
44707.00
44797.00
44760.00
44697.00
44648.00
44692.00
44783.00
44767.00
44692.00
44640.00
44673.00
44769.00
44757.00
44701.00
44644.00
44685.00
44774.00
44781.00
44706.00
44653.00
44675.00
44761.00
44775.00
44719.00
44658.00
44675.00
44764.00
44792.00
44720.00
44653.00
44661.00
44756.00
44778.00
44735.00
44668.00
44686.00
44743.00
44795.00
44739.00
44662.00
44665.00
44747.00
44792.00
44741.00
44662.00
44673.00
44726.00
44797.00
44764.00
44681.00
44644.00
44723.00
44787.00
44759.00
44684.00
44649.00
44709.00
44791.00
44755.00
44678.00
44648.00
44712.00
44770.00
44749.00
44691.00
44644.00
44681.00
44770.00
44756.00
44701.00
44644.00
44671.00
44743.00
44741.00
44683.00
44607.00
44660.00
44752.00
44747.00
44696.00
44618.00
44650.00
44741.00
44755.00
44684.00
44620.00
44646.00
44716.00
44757.00
44705.00
44624.00
44645.00
44723.00
44754.00
44696.00
44640.00
44637.00
44702.00
44746.00
44695.00
44631.00
44628.00
44709.00
44768.00
44711.00
44635.00
44618.00
44686.00
44755.00
44720.00
44641.00
44622.00
44686.00
44759.00
44720.00
44639.00
44625.00
44680.00
44746.00
44721.00
44628.00
44608.00
44670.00
44750.00
44717.00
44649.00
44601.00
44670.00
44758.00
44733.00
44659.00
44608.00
44654.00
44742.00
44739.00
44663.00
44618.00
44661.00
44748.00
44729.00
44675.00
44610.00
44652.00
44737.00
44759.00
44678.00
44630.00
44647.00
44722.00
44754.00
44692.00
44619.00
44630.00
44717.00
44749.00
44699.00
44617.00
44628.00
44700.00
44752.00
44694.00
44623.00
44637.00
44695.00
44755.00
44686.00
44642.00
44631.00
44711.00
44767.00
44716.00
44628.00
44637.00
44691.00
44755.00
44721.00
44651.00
44624.00
44685.00
44753.00
44736.00
44644.00
44618.00
44675.00
44750.00
44735.00
44649.00
44618.00
44674.00
44745.00
44736.00
44670.00
44628.00
44661.00
44748.00
44735.00
44661.00
44626.00
44660.00
44737.00
44722.00
44668.00
44618.00
44648.00
44726.00
44738.00
44686.00
44603.00
44651.00
44709.00
44729.00
44671.00
44606.00
44636.00
44723.00
44738.00
44684.00
44614.00
44630.00
44709.00
44738.00
44698.00
44612.00
44631.00
44710.00
44750.00
44693.00
44645.00
44629.00
44709.00
44751.00
44703.00
44632.00
44634.00
44705.00
44766.00
44713.00
44648.00
44633.00
44685.00
44754.00
44733.00
44639.00
44634.00
44687.00
44759.00
44716.00
44660.00
44634.00
44666.00
44761.00
44722.00
44667.00
44618.00
44681.00
44747.00
44723.00
44648.00
44617.00
44655.00
44740.00
44735.00
44671.00
44615.00
44643.00
44737.00
44732.00
44663.00
44633.00
44656.00
44743.00
44738.00
44681.00
44610.00
44656.00
44724.00
44718.00
44683.00
44626.00
44635.00
44708.00
44750.00
44692.00
44619.00
44636.00
44713.00
44748.00
44704.00
44624.00
44634.00
44721.00
44743.00
44701.00
44632.00
44631.00
44704.00
44771.00
44690.00
44628.00
44625.00
44700.00
44742.00
44717.00
44637.00
44624.00
44681.00
44755.00
44715.00
44644.00
44625.00
44688.00
44762.00
44727.00
44650.00
44620.00
44668.00
44735.00
44722.00
44649.00
44622.00
44658.00
44747.00
44730.00
44666.00
44612.00
44650.00
44736.00
44739.00
44647.00
44609.00
44640.00
44741.00
44739.00
44670.00
44613.00
44656.00
44743.00
44743.00
44695.00
44615.00
44642.00
44733.00
44753.00
44701.00
44623.00
44655.00
44729.00
44754.00
44696.00
44615.00
44622.00
44730.00
44762.00
44703.00
44634.00
44632.00
44709.00
44760.00
44707.00
44632.00
44623.00
44700.00
44758.00
44700.00
44646.00
44638.00
44692.00
44758.00
44723.00
44640.00
44624.00
44685.00
44750.00
44713.00
44648.00
44627.00
44683.00
44755.00
44726.00
44656.00
44617.00
44670.00
44755.00
44722.00
44650.00
44617.00
44660.00
44738.00
44718.00
44651.00
44612.00
44653.00
44744.00
44740.00
44675.00
44625.00
44640.00
44748.00
44734.00
44676.00
44619.00
44644.00
44730.00
44743.00
44687.00
44624.00
44651.00
44726.00
44748.00
44690.00
44631.00
44632.00
44708.00
44734.00
44692.00
44619.00
44634.00
44708.00
44743.00
44681.00
44637.00
44635.00
44703.00
44748.00
44694.00
44619.00
44630.00
44690.00
44746.00
44704.00
44640.00
44627.00
44694.00
44760.00
44709.00
44638.00
44638.00
44685.00
44758.00
44728.00
44645.00
44622.00
44688.00
44750.00
44720.00
44656.00
44610.00
44672.00
44748.00
44727.00
44651.00
44619.00
44661.00
44735.00
44715.00
44641.00
44603.00
44640.00
44747.00
44728.00
44658.00
44605.00
44646.00
44734.00
44722.00
44669.00
44611.00
44648.00
44724.00
44724.00
44670.00
44611.00
44630.00
44716.00
44730.00
44673.00
44625.00
44624.00
44720.00
44730.00
44676.00
44610.00
44632.00
44714.00
44743.00
44687.00
44616.00
44632.00
44702.00
44742.00
44684.00
44612.00
44609.00
44699.00
44745.00
44693.00
44620.00
44600.00
44670.00
44734.00
44690.00
44627.00
44627.00
44687.00
44745.00
44701.00
44633.00
44608.00
44682.00
44748.00
44708.00
44618.00
44609.00
44666.00
44739.00
44712.00
44635.00
44601.00
44666.00
44725.00
44707.00
44649.00
44589.00
44650.00
44735.00
44722.00
44649.00
44600.00
44651.00
44731.00
44721.00
44641.00
44602.00
44632.00
44727.00
44720.00
44674.00
44616.00
44632.00
44724.00
44720.00
44691.00
44615.00
44647.00
44734.00
44747.00
44680.00
44629.00
44647.00
44739.00
44754.00
44710.00
44644.00
44654.00
44750.00
44794.00
44752.00
44705.00
44735.00
44805.00
44870.00
44828.00
44768.00
44775.00
44837.00
44918.00
44865.00
44831.00
44867.00
44964.00
45041.00
45005.00
44960.00
44956.00
45041.00
45126.00
45103.00
45056.00
45056.00
45152.00
45271.00
45263.00
45226.00
45236.00
45338.00
45444.00
45440.00
45394.00
45388.00
45472.00
45589.00
45576.00
45529.00
45513.00
45585.00
45680.00
45686.00
45626.00
45591.00
45626.00
45753.00
45733.00
45659.00
45610.00
45645.00
45740.00
45742.00
45677.00
45599.00
45631.00
45738.00
45738.00
45664.00
45600.00
45628.00
45719.00
45714.00
45671.00
45586.00
45606.00
45693.00
45732.00
45662.00
45582.00
45587.00
45678.00
45715.00
45645.00
45572.00
45564.00
45667.00
45690.00
45652.00
45580.00
45570.00
45633.00
45696.00
45643.00
45556.00
45555.00
45621.00
45709.00
45634.00
45563.00
45543.00
45632.00
45702.00
45666.00
45565.00
45549.00
45619.00
45685.00
45657.00
45574.00
45547.00
45590.00
45678.00
45654.00
45590.00
45540.00
45590.00
45691.00
45666.00
45570.00
45528.00
45596.00
45682.00
45656.00
45604.00
45533.00
45572.00
45669.00
45659.00
45601.00
45530.00
45572.00
45659.00
45653.00
45598.00
45523.00
45567.00
45647.00
45652.00
45605.00
45519.00
45561.00
45648.00
45662.00
45608.00
45536.00
45550.00
45647.00
45673.00
45602.00
45542.00
45555.00
45630.00
45681.00
45612.00
45534.00
45530.00
45625.00
45673.00
45613.00
45541.00
45547.00
45611.00
45668.00
45630.00
45544.00
45535.00
45617.00
45679.00
45637.00
45548.00
45522.00
45610.00
45668.00
45631.00
45549.00
45524.00
45600.00
45671.00
45638.00
45551.00
45535.00
45589.00
45666.00
45625.00
45554.00
45526.00
45585.00
45663.00
45644.00
45577.00
45526.00
45581.00
45650.00
45646.00
45570.00
45519.00
45570.00
45670.00
45648.00
45576.00
45534.00
45556.00
45646.00
45649.00
45604.00
45521.00
45560.00
45669.00
45663.00
45607.00
45524.00
45549.00
45639.00
45655.00
45594.00
45531.00
45536.00
45626.00
45659.00
45603.00
45524.00
45540.00
45624.00
45665.00
45603.00
45537.00
45537.00
45622.00
45665.00
45612.00
45524.00
45534.00
45610.00
45663.00
45615.00
45520.00
45505.00
45599.00
45646.00
45608.00
45535.00
45517.00
45592.00
45668.00
45614.00
45549.00
45521.00
45597.00
45664.00
45637.00
45560.00
45518.00
45581.00
45654.00
45632.00
45562.00
45511.00
45573.00
45663.00
45633.00
45569.00
45511.00
45569.00
45656.00
45643.00
45565.00
45510.00
45554.00
45657.00
45636.00
45563.00
45513.00
45566.00
45656.00
45654.00
45570.00
45507.00
45549.00
45646.00
45645.00
45579.00
45526.00
45546.00
45637.00
45651.00
45590.00
45517.00
45544.00
45634.00
45670.00
45600.00
45516.00
45534.00
45628.00
45665.00
45608.00
45529.00
45536.00
45625.00
45663.00
45609.00
45527.00
45528.00
45618.00
45669.00
45620.00
45526.00
45523.00
45586.00
45662.00
45620.00
45542.00
45528.00
45583.00
45671.00
45621.00
45551.00
45531.00
45592.00
45668.00
45628.00
45551.00
45517.00
45584.00
45671.00
45636.00
45546.00
45521.00
45563.00
45667.00
45645.00
45561.00
45524.00
45551.00
45657.00
45632.00
45579.00
45526.00
45564.00
45663.00
45651.00
45582.00
45513.00
45558.00
45647.00
45657.00
45582.00
45511.00
45561.00
45652.00
45647.00
45593.00
45529.00
45559.00
45647.00
45664.00
45608.00
45527.00
45545.00
45638.00
45652.00
45596.00
45518.00
45532.00
45615.00
45658.00
45610.00
45526.00
45539.00
45613.00
45658.00
45610.00
45543.00
45524.00
45601.00
45666.00
45619.00
45538.00
45516.00
45601.00
45669.00
45628.00
45540.00
45529.00
45595.00
45683.00
45631.00
45546.00
45523.00
45588.00
45672.00
45628.00
45553.00
45507.00
45582.00
45663.00
45640.00
45556.00
45522.00
45582.00
45666.00
45657.00
45566.00
45522.00
45559.00
45647.00
45646.00
45570.00
45509.00
45553.00
45646.00
45650.00
45563.00
45518.00
45555.00
45636.00
45643.00
45586.00
45508.00
45536.00
45633.00
45647.00
45599.00
45515.00
45548.00
45631.00
45658.00
45593.00
45520.00
45534.00
45616.00
45643.00
45581.00
45519.00
45521.00
45613.00
45653.00
45586.00
45522.00
45520.00
45603.00
45660.00
45611.00
45535.00
45510.00
45601.00
45668.00
45619.00
45527.00
45510.00
45586.00
45667.00
45618.00
45541.00
45509.00
45575.00
45649.00
45618.00
45532.00
45506.00
45566.00
45657.00
45631.00
45557.00
45524.00
45567.00
45649.00
45626.00
45565.00
45520.00
45571.00
45694.00
45670.00
45597.00
45558.00
45617.00
45716.00
45739.00
45682.00
45654.00
45703.00
45821.00
45868.00
45822.00
45773.00
45840.00
45960.00
46023.00
45992.00
45970.00
46025.00
46170.00
46242.00
46228.00
46208.00
46259.00
46395.00
46478.00
46464.00
46442.00
46486.00
46618.00
46717.00
46706.00
46658.00
46717.00
46856.00
46935.00
46947.00
46892.00
46909.00
47044.00
47151.00
47149.00
47086.00
47101.00
47193.00
47305.00
47274.00
47211.00
47196.00
47289.00
47389.00
47371.00
47285.00
47246.00
47310.00
47438.00
47390.00
47308.00
47252.00
47312.00
47407.00
47383.00
47289.00
47213.00
47281.00
47353.00
47338.00
47261.00
47202.00
47238.00
47345.00
47332.00
47264.00
47193.00
47228.00
47318.00
47329.00
47270.00
47182.00
47215.00
47315.00
47331.00
47248.00
47168.00
47199.00
47292.00
47328.00
47259.00
47182.00
47183.00
47261.00
47314.00
47243.00
47158.00
47170.00
47237.00
47313.00
47260.00
47173.00
47156.00
47226.00
47302.00
47246.00
47169.00
47155.00
47212.00
47304.00
47249.00
47170.00
47133.00
47209.00
47294.00
47240.00
47171.00
47129.00
47184.00
47297.00
47255.00
47170.00
47114.00
47176.00
47278.00
47265.00
47168.00
47115.00
47171.00
47272.00
47256.00
47178.00
47106.00
47164.00
47256.00
47258.00
47172.00
47100.00
47147.00
47242.00
47251.00
47188.00
47097.00
47135.00
47239.00
47252.00
47192.00
47115.00
47123.00
47220.00
47249.00
47185.00
47110.00
47108.00
47212.00
47253.00
47196.00
47114.00
47107.00
47201.00
47260.00
47198.00
47126.00
47099.00
47192.00
47251.00
47209.00
47115.00
47097.00
47174.00
47251.00
47184.00
47125.00
47087.00
47146.00
47247.00
47202.00
47111.00
47086.00
47128.00
47242.00
47201.00
47119.00
47074.00
47120.00
47223.00
47206.00
47125.00
47067.00
47110.00
47216.00
47210.00
47134.00
47068.00
47096.00
47206.00
47206.00
47137.00
47056.00
47094.00
47203.00
47216.00
47149.00
47087.00
47087.00
47190.00
47215.00
47146.00
47071.00
47076.00
47170.00
47206.00
47157.00
47088.00
47076.00
47175.00
47231.00
47160.00
47071.00
47077.00
47168.00
47226.00
47185.00
47088.00
47062.00
47152.00
47229.00
47187.00
47097.00
47066.00
47143.00
47229.00
47189.00
47096.00
47074.00
47129.00
47220.00
47198.00
47117.00
47053.00
47126.00
47221.00
47202.00
47129.00
47062.00
47131.00
47223.00
47213.00
47132.00
47078.00
47118.00
47219.00
47207.00
47138.00
47053.00
47102.00
47198.00
47202.00
47138.00
47078.00
47092.00
47181.00
47226.00
47141.00
47072.00
47085.00
47174.00
47215.00
47160.00
47055.00
47075.00
47165.00
47220.00
47155.00
47077.00
47073.00
47154.00
47232.00
47167.00
47091.00
47063.00
47151.00
47229.00
47177.00
47094.00
47062.00
47151.00
47227.00
47194.00
47102.00
47079.00
47134.00
47235.00
47200.00
47118.00
47076.00
47122.00
47230.00
47203.00
47125.00
47072.00
47103.00
47228.00
47226.00
47145.00
47082.00
47122.00
47233.00
47228.00
47153.00
47077.00
47115.00
47210.00
47230.00
47156.00
47091.00
47106.00
47192.00
47230.00
47165.00
47078.00
47092.00
47190.00
47234.00
47173.00
47073.00
47094.00
47172.00
47243.00
47176.00
47091.00
47081.00
47160.00
47229.00
47185.00
47081.00
47083.00
47155.00
47236.00
47189.00
47098.00
47075.00
47145.00
47238.00
47196.00
47098.00
47075.00
47128.00
47225.00
47192.00
47109.00
47055.00
47134.00
47230.00
47199.00
47113.00
47072.00
47109.00
47202.00
47204.00
47122.00
47061.00
47088.00
47200.00
47214.00
47134.00
47054.00
47091.00
47201.00
47209.00
47148.00
47067.00
47093.00
47189.00
47217.00
47159.00
47078.00
47085.00
47186.00
47214.00
47161.00
47081.00
47077.00
47180.00
47237.00
47175.00
47085.00
47079.00
47166.00
47238.00
47180.00
47081.00
47081.00
47138.00
47236.00
47195.00
47097.00
47066.00
47152.00
47231.00
47193.00
47104.00
47063.00
47144.00
47236.00
47203.00
47120.00
47074.00
47115.00
47231.00
47204.00
47110.00
47062.00
47110.00
47211.00
47214.00
47132.00
47068.00
47110.00
47211.00
47215.00
47138.00
47089.00
47103.00
47202.00
47224.00
47154.00
47060.00
47101.00
47189.00
47229.00
47158.00
47076.00
47092.00
47185.00
47239.00
47175.00
47084.00
47075.00
47170.00
47243.00
47175.00
47085.00
47072.00
47157.00
47230.00
47176.00
47091.00
47082.00
47170.00
47233.00
47192.00
47104.00
47073.00
47131.00
47233.00
47210.00
47112.00
47086.00
47143.00
47237.00
47210.00
47129.00
47066.00
47130.00
47218.00
47208.00
47134.00
47062.00
47105.00
47211.00
47213.00
47126.00
47078.00
47105.00
47213.00
47214.00
47145.00
47074.00
47099.00
47214.00
47233.00
47170.00
47085.00
47121.00
47235.00
47290.00
47250.00
47190.00
47238.00
47368.00
47442.00
47408.00
47360.00
47417.00
47545.00
47676.00
47657.00
47612.00
47670.00
47800.00
47939.00
47916.00
47879.00
47887.00
48024.00
48151.00
48160.00
48128.00
48171.00
48279.00
48416.00
48419.00
48369.00
48363.00
48474.00
48615.00
48620.00
48568.00
48533.00
48626.00
48756.00
48773.00
48716.00
48658.00
48709.00
48847.00
48839.00
48772.00
48702.00
48723.00
48840.00
48838.00
48751.00
48666.00
48690.00
48780.00
48797.00
48725.00
48631.00
48651.00
48747.00
48783.00
48711.00
48625.00
48613.00
48713.00
48781.00
48705.00
48619.00
48605.00
48691.00
48758.00
48707.00
48597.00
48592.00
48676.00
48755.00
48710.00
48601.00
48588.00
48667.00
48745.00
48714.00
48610.00
48572.00
48642.00
48736.00
48709.00
48616.00
48567.00
48635.00
48737.00
48711.00
48610.00
48551.00
48593.00
48710.00
48704.00
48622.00
48548.00
48586.00
48693.00
48677.00
48618.00
48533.00
48567.00
48668.00
48697.00
48619.00
48529.00
48545.00
48643.00
48675.00
48606.00
48525.00
48528.00
48639.00
48700.00
48620.00
48526.00
48529.00
48626.00
48673.00
48621.00
48529.00
48522.00
48610.00
48710.00
48635.00
48540.00
48515.00
48611.00
48686.00
48635.00
48545.00
48506.00
48588.00
48685.00
48647.00
48551.00
48509.00
48569.00
48670.00
48641.00
48574.00
48497.00
48549.00
48663.00
48664.00
48569.00
48500.00
48541.00
48664.00
48647.00
48576.00
48510.00
48531.00
48643.00
48652.00
48584.00
48491.00
48524.00
48638.00
48658.00
48597.00
48495.00
48500.00
48598.00
48655.00
48597.00
48498.00
48497.00
48585.00
48648.00
48583.00
48482.00
48469.00
48567.00
48636.00
48572.00
48477.00
48451.00
48539.00
48629.00
48577.00
48487.00
48452.00
48527.00
48627.00
48587.00
48491.00
48459.00
48513.00
48626.00
48590.00
48502.00
48447.00
48492.00
48604.00
48590.00
48511.00
48434.00
48494.00
48607.00
48604.00
48526.00
48452.00
48488.00
48602.00
48614.00
48528.00
48457.00
48477.00
48596.00
48622.00
48549.00
48459.00
48485.00
48582.00
48617.00
48545.00
48456.00
48453.00
48547.00
48617.00
48553.00
48464.00
48452.00
48531.00
48608.00
48561.00
48456.00
48447.00
48522.00
48604.00
48551.00
48461.00
48446.00
48505.00
48604.00
48557.00
48465.00
48425.00
48500.00
48589.00
48574.00
48469.00
48429.00
48505.00
48598.00
48580.00
48479.00
48438.00
48497.00
48596.00
48589.00
48496.00
48433.00
48478.00
48590.00
48586.00
48514.00
48448.00
48465.00
48580.00
48587.00
48517.00
48439.00
48459.00
48567.00
48596.00
48529.00
48440.00
48456.00
48554.00
48604.00
48532.00
48444.00
48455.00
48539.00
48605.00
48547.00
48461.00
48451.00
48533.00
48603.00
48543.00
48442.00
48432.00
48506.00
48595.00
48556.00
48449.00
48418.00
48499.00
48601.00
48558.00
48464.00
48420.00
48495.00
48605.00
48565.00
48472.00
48428.00
48495.00
48591.00
48570.00
48486.00
48435.00
48487.00
48592.00
48579.00
48498.00
48430.00
48469.00
48586.00
48590.00
48503.00
48435.00
48462.00
48571.00
48596.00
48524.00
48440.00
48457.00
48560.00
48611.00
48533.00
48454.00
48455.00
48556.00
48606.00
48550.00
48451.00
48445.00
48542.00
48610.00
48560.00
48458.00
48445.00
48539.00
48608.00
48570.00
48472.00
48446.00
48527.00
48617.00
48575.00
48473.00
48434.00
48516.00
48615.00
48579.00
48488.00
48452.00
48504.00
48614.00
48581.00
48483.00
48436.00
48499.00
48610.00
48594.00
48511.00
48444.00
48510.00
48599.00
48606.00
48524.00
48440.00
48481.00
48596.00
48606.00
48527.00
48449.00
48482.00
48583.00
48603.00
48535.00
48457.00
48479.00
48580.00
48619.00
48562.00
48471.00
48474.00
48573.00
48614.00
48561.00
48465.00
48464.00
48546.00
48610.00
48580.00
48484.00
48470.00
48551.00
48630.00
48581.00
48473.00
48452.00
48541.00
48634.00
48576.00
48489.00
48454.00
48515.00
48626.00
48594.00
48482.00
48451.00
48512.00
48612.00
48596.00
48500.00
48445.00
48497.00
48607.00
48600.00
48519.00
48436.00
48487.00
48581.00
48595.00
48507.00
48435.00
48483.00
48595.00
48607.00
48536.00
48453.00
48471.00
48592.00
48616.00
48548.00
48454.00
48472.00
48579.00
48625.00
48557.00
48469.00
48472.00
48567.00
48626.00
48576.00
48464.00
48465.00
48558.00
48625.00
48567.00
48485.00
48465.00
48551.00
48638.00
48577.00
48487.00
48459.00
48539.00
48635.00
48584.00
48498.00
48453.00
48516.00
48625.00
48578.00
48501.00
48444.00
48505.00
48617.00
48590.00
48516.00
48450.00
48518.00
48604.00
48605.00
48517.00
48463.00
48501.00
48602.00
48618.00
48527.00
48453.00
48489.00
48601.00
48622.00
48542.00
48453.00
48480.00
48595.00
48621.00
48544.00
48470.00
48468.00
48563.00
48617.00
48556.00
48466.00
48470.00
48571.00
48640.00
48566.00
48472.00
48468.00
48542.00
48631.00
48583.00
48480.00
48478.00
48545.00
48656.00
48597.00
48503.00
48491.00
48583.00
48705.00
48692.00
48624.00
48608.00
48700.00
48854.00
48846.00
48812.00
48791.00
48891.00
49042.00
49074.00
49020.00
48996.00
49088.00
49235.00
49256.00
49223.00
49169.00
49258.00
49423.00
49454.00
49395.00
49343.00
49401.00
49543.00
49592.00
49534.00
49473.00
49524.00
49658.00
49703.00
49647.00
49571.00
49608.00
49716.00
49779.00
49721.00
49628.00
49629.00
49736.00
49807.00
49739.00
49656.00
49641.00
49732.00
49809.00
49743.00
49647.00
49614.00
49701.00
49774.00
49724.00
49629.00
49586.00
49660.00
49758.00
49705.00
49599.00
49556.00
49629.00
49737.00
49707.00
49595.00
49551.00
49618.00
49717.00
49714.00
49613.00
49560.00
49613.00
49727.00
49730.00
49631.00
49574.00
49619.00
49734.00
49744.00
49652.00
49581.00
49613.00
49717.00
49737.00
49664.00
49581.00
49579.00
49695.00
49728.00
49643.00
49568.00
49576.00
49680.00
49735.00
49681.00
49581.00
49587.00
49673.00
49754.00
49682.00
49590.00
49590.00
49659.00
49745.00
49691.00
49593.00
49584.00
49667.00
49745.00
49700.00
49611.00
49581.00
49638.00
49745.00
49702.00
49607.00
49556.00
49628.00
49734.00
49704.00
49608.00
49556.00
49610.00
49720.00
49701.00
49632.00
49555.00
49611.00
49713.00
49703.00
49627.00
49544.00
49587.00
49694.00
49701.00
49630.00
49548.00
49570.00
49673.00
49696.00
49613.00
49523.00
49543.00
49639.00
49683.00
49610.00
49529.00
49529.00
49617.00
49685.00
49624.00
49528.00
49511.00
49631.00
49679.00
49635.00
49532.00
49525.00
49609.00
49689.00
49643.00
49541.00
49502.00
49593.00
49690.00
49643.00
49551.00
49514.00
49585.00
49675.00
49637.00
49538.00
49491.00
49553.00
49659.00
49631.00
49549.00
49483.00
49541.00
49655.00
49646.00
49558.00
49480.00
49535.00
49650.00
49651.00
49558.00
49497.00
49524.00
49647.00
49661.00
49589.00
49492.00
49535.00
49646.00
49662.00
49593.00
49503.00
49526.00
49626.00
49671.00
49613.00
49512.00
49513.00
49622.00
49684.00
49624.00
49526.00
49521.00
49620.00
49677.00
49618.00
49527.00
49518.00
49597.00
49679.00
49610.00
49528.00
49493.00
49569.00
49662.00
49613.00
49525.00
49485.00
49568.00
49674.00
49618.00
49542.00
49508.00
49558.00
49689.00
49629.00
49544.00
49500.00
49563.00
49662.00
49641.00
49557.00
49493.00
49536.00
49644.00
49639.00
49557.00
49487.00
49526.00
49650.00
49641.00
49555.00
49489.00
49521.00
49618.00
49638.00
49570.00
49486.00
49496.00
49608.00
49651.00
49585.00
49494.00
49494.00
49599.00
49659.00
49567.00
49478.00
49467.00
49564.00
49610.00
49563.00
49468.00
49444.00
49528.00
49620.00
49548.00
49457.00
49438.00
49513.00
49595.00
49548.00
49443.00
49399.00
49490.00
49580.00
49537.00
49439.00
49404.00
49461.00
49563.00
49537.00
49449.00
49396.00
49473.00
49575.00
49536.00
49463.00
49398.00
49450.00
49561.00
49543.00
49477.00
49381.00
49434.00
49549.00
49549.00
49458.00
49381.00
49426.00
49532.00
49542.00
49476.00
49380.00
49411.00
49517.00
49554.00
49474.00
49392.00
49400.00
49524.00
49568.00
49498.00
49413.00
49420.00
49515.00
49577.00
49516.00
49417.00
49418.00
49522.00
49591.00
49520.00
49439.00
49416.00
49516.00
49585.00
49532.00
49434.00
49420.00
49496.00
49604.00
49534.00
49448.00
49412.00
49495.00
49583.00
49561.00
49461.00
49415.00
49477.00
49590.00
49555.00
49457.00
49421.00
49482.00
49591.00
49584.00
49502.00
49434.00
49489.00
49605.00
49598.00
49520.00
49447.00
49484.00
49610.00
49615.00
49526.00
49457.00
49473.00
49587.00
49619.00
49545.00
49455.00
49485.00
49586.00
49606.00
49545.00
49459.00
49478.00
49583.00
49636.00
49564.00
49475.00
49490.00
49591.00
49645.00
49584.00
49483.00
49482.00
49580.00
49658.00
49590.00
49494.00
49480.00
49575.00
49643.00
49592.00
49506.00
49470.00
49548.00
49640.00
49600.00
49504.00
49482.00
49545.00
49645.00
49604.00
49521.00
49476.00
49538.00
49650.00
49616.00
49518.00
49465.00
49529.00
49639.00
49631.00
49543.00
49474.00
49517.00
49633.00
49636.00
49545.00
49467.00
49508.00
49628.00
49633.00
49559.00
49473.00
49507.00
49619.00
49647.00
49557.00
49474.00
49496.00
49609.00
49629.00
49567.00
49475.00
49492.00
49610.00
49656.00
49576.00
49478.00
49492.00
49581.00
49655.00
49588.00
49499.00
49484.00
49581.00
49643.00
49590.00
49510.00
49494.00
49575.00
49651.00
49603.00
49500.00
49483.00
49568.00
49668.00
49608.00
49515.00
49471.00
49544.00
49644.00
49598.00
49501.00
49464.00
49537.00
49643.00
49619.00
49518.00
49475.00
49534.00
49630.00
49621.00
49544.00
49481.00
49525.00
49631.00
49625.00
49540.00
49476.00
49508.00
49631.00
49637.00
49545.00
49464.00
49503.00
49612.00
49623.00
49560.00
49480.00
49504.00
49610.00
49643.00
49578.00
49475.00
49491.00
49597.00
49638.00
49580.00
49498.00
49492.00
49596.00
49671.00
49574.00
49473.00
49479.00
49559.00
49620.00
49549.00
49463.00
49444.00
49526.00
49599.00
49520.00
49407.00
49355.00
49405.00
49454.00
49350.00
49192.00
49121.00
49103.00
49122.00
49007.00
48819.00
48676.00
48656.00
48653.00
48532.00
48358.00
48245.00
48223.00
48240.00
48135.00
47960.00
47844.00
47796.00
47818.00
47729.00
47566.00
47439.00
47401.00
47448.00
47405.00
47292.00
47173.00
47165.00
47224.00
47201.00
47123.00
47020.00
47024.00
47097.00
47112.00
47028.00
46925.00
46925.00
46977.00
47017.00
46939.00
46850.00
46849.00
46910.00
46958.00
46894.00
46801.00
46790.00
46878.00
46946.00
46888.00
46805.00
46796.00
46849.00
46955.00
46892.00
46814.00
46793.00
46876.00
46960.00
46934.00
46844.00
46819.00
46904.00
46975.00
46955.00
46861.00
46827.00
46885.00
46979.00
46963.00
46868.00
46842.00
46888.00
46978.00
46963.00
46892.00
46825.00
46872.00
46962.00
46957.00
46891.00
46847.00
46871.00
46958.00
46977.00
46911.00
46825.00
46853.00
46945.00
46967.00
46907.00
46839.00
46848.00
46942.00
46977.00
46906.00
46826.00
46851.00
46935.00
46964.00
46923.00
46846.00
46841.00
46936.00
46995.00
46927.00
46837.00
46834.00
46918.00
46991.00
46924.00
46854.00
46828.00
46910.00
46988.00
46954.00
46849.00
46833.00
46902.00
46978.00
46932.00
46862.00
46816.00
46892.00
46988.00
46954.00
46862.00
46816.00
46878.00
46976.00
46958.00
46868.00
46828.00
46875.00
46969.00
46953.00
46866.00
46815.00
46859.00
46951.00
46953.00
46873.00
46819.00
46838.00
46938.00
46948.00
46884.00
46817.00
46839.00
46941.00
46950.00
46901.00
46805.00
46836.00
46906.00
46939.00
46886.00
46815.00
46816.00
46914.00
46953.00
46887.00
46818.00
46817.00
46890.00
46959.00
46905.00
46820.00
46805.00
46897.00
46966.00
46910.00
46830.00
46800.00
46887.00
46959.00
46914.00
46832.00
46805.00
46861.00
46958.00
46917.00
46839.00
46805.00
46865.00
46959.00
46932.00
46839.00
46799.00
46858.00
46952.00
46939.00
46860.00
46801.00
46851.00
46952.00
46942.00
46866.00
46806.00
46851.00
46944.00
46935.00
46856.00
46792.00
46837.00
46934.00
46946.00
46861.00
46788.00
46822.00
46926.00
46941.00
46878.00
46795.00
46826.00
46916.00
46954.00
46883.00
46801.00
46804.00
46906.00
46938.00
46886.00
46784.00
46802.00
46893.00
46948.00
46892.00
46802.00
46806.00
46878.00
46960.00
46892.00
46813.00
46800.00
46890.00
46962.00
46906.00
46824.00
46804.00
46871.00
46956.00
46918.00
46828.00
46800.00
46855.00
46947.00
46922.00
46848.00
46796.00
46861.00
46949.00
46926.00
46839.00
46788.00
46847.00
46936.00
46915.00
46848.00
46789.00
46832.00
46937.00
46943.00
46858.00
46801.00
46827.00
46930.00
46929.00
46865.00
46785.00
46816.00
46914.00
46939.00
46867.00
46789.00
46803.00
46888.00
46951.00
46879.00
46799.00
46797.00
46905.00
46936.00
46890.00
46789.00
46809.00
46886.00
46952.00
46886.00
46800.00
46799.00
46881.00
46933.00
46900.00
46816.00
46804.00
46871.00
46939.00
46904.00
46814.00
46791.00
46860.00
46937.00
46913.00
46821.00
46781.00
46839.00
46945.00
46903.00
46826.00
46780.00
46827.00
46925.00
46914.00
46837.00
46779.00
46831.00
46922.00
46913.00
46841.00
46774.00
46815.00
46919.00
46916.00
46847.00
46792.00
46822.00
46896.00
46928.00
46850.00
46788.00
46799.00
46888.00
46923.00
46861.00
46771.00
46792.00
46881.00
46936.00
46871.00
46797.00
46791.00
46878.00
46927.00
46880.00
46793.00
46788.00
46884.00
46929.00
46874.00
46783.00
46780.00
46844.00
46928.00
46895.00
46793.00
46784.00
46847.00
46929.00
46888.00
46824.00
46770.00
46845.00
46933.00
46890.00
46818.00
46769.00
46838.00
46913.00
46902.00
46811.00
46778.00
46836.00
46912.00
46901.00
46842.00
46780.00
46798.00
46912.00
46901.00
46837.00
46768.00
46795.00
46908.00
46907.00
46841.00
46774.00
46809.00
46890.00
46916.00
46842.00
46765.00
46787.00
46889.00
46923.00
46851.00
46777.00
46788.00
46859.00
46930.00
46870.00
46777.00
46771.00
46855.00
46931.00
46874.00
46791.00
46784.00
46850.00
46930.00
46895.00
46801.00
46775.00
46841.00
46928.00
46886.00
46794.00
46769.00
46821.00
46935.00
46899.00
46802.00
46775.00
46820.00
46919.00
46900.00
46817.00
46764.00
46829.00
46915.00
46897.00
46821.00
46763.00
46813.00
46897.00
46906.00
46835.00
46763.00
46801.00
46898.00
46896.00
46855.00
46769.00
46782.00
46881.00
46893.00
46835.00
46763.00
46791.00
46889.00
46917.00
46848.00
46767.00
46777.00
46866.00
46908.00
46851.00
46778.00
46778.00
46856.00
46920.00
46866.00
46770.00
46765.00
46845.00
46919.00
46852.00
46774.00
46763.00
46840.00
46912.00
46865.00
46771.00
46750.00
46792.00
46864.00
46804.00
46709.00
46654.00
46706.00
46762.00
46686.00
46546.00
46439.00
46438.00
46483.00
46418.00
46256.00
46147.00
46087.00
46128.00
46034.00
45915.00
45812.00
45783.00
45816.00
45793.00
45701.00
45596.00
45579.00
45621.00
45603.00
45520.00
45408.00
45394.00
45445.00
45451.00
45403.00
45326.00
45327.00
45391.00
45437.00
45368.00
45275.00
45270.00
45340.00
45403.00
45346.00
45273.00
45263.00
45308.00
45359.00
45304.00
45239.00
45217.00
45283.00
45354.00
45309.00
45231.00
45218.00
45262.00
45344.00
45321.00
45243.00
45208.00
45259.00
45339.00
45312.00
45245.00
45196.00
45235.00
45325.00
45327.00
45244.00
45198.00
45221.00
45325.00
45309.00
45264.00
45210.00
45237.00
45305.00
45314.00
45255.00
45193.00
45206.00
45286.00
45317.00
45274.00
45191.00
45213.00
45291.00
45323.00
45277.00
45203.00
45205.00
45281.00
45316.00
45273.00
45194.00
45198.00
45276.00
45333.00
45282.00
45206.00
45194.00
45250.00
45335.00
45273.00
45205.00
45174.00
45239.00
45319.00
45289.00
45210.00
45191.00
45228.00
45318.00
45292.00
45209.00
45168.00
45229.00
45294.00
45282.00
45223.00
45175.00
45214.00
45294.00
45310.00
45218.00
45171.00
45213.00
45298.00
45293.00
45232.00
45183.00
45196.00
45261.00
45311.00
45240.00
45169.00
45192.00
45289.00
45312.00
45268.00
45185.00
45194.00
45265.00
45308.00
45266.00
45180.00
45188.00
45251.00
45320.00
45276.00
45200.00
45186.00
45252.00
45310.00
45267.00
45190.00
45168.00
45229.00
45307.00
45266.00
45196.00
45169.00
45204.00
45279.00
45266.00
45197.00
45154.00
45216.00
45285.00
45258.00
45205.00
45149.00
45196.00
45274.00
45285.00
45205.00
45149.00
45187.00
45266.00
45280.00
45217.00
45146.00
45190.00
45265.00
45278.00
45227.00
45156.00
45168.00
45254.00
45279.00
45222.00
45158.00
45162.00
45241.00
45282.00
45235.00
45168.00
45167.00
45221.00
45287.00
45234.00
45164.00
45164.00
45224.00
45290.00
45247.00
45169.00
45148.00
45217.00
45295.00
45258.00
45178.00
45142.00
45199.00
45280.00
45265.00
45180.00
45146.00
45193.00
45263.00
45258.00
45184.00
45144.00
45180.00
45279.00
45267.00
45208.00
45150.00
45169.00
45249.00
45267.00
45210.00
45137.00
45154.00
45249.00
45275.00
45202.00
45144.00
45148.00
45244.00
45266.00
45213.00
45143.00
45148.00
45236.00
45283.00
45232.00
45154.00
45153.00
45216.00
45283.00
45235.00
45157.00
45139.00
45206.00
45272.00
45227.00
45157.00
45138.00
45189.00
45271.00
45250.00
45171.00
45141.00
45179.00
45269.00
45247.00
45172.00
45137.00
45190.00
45269.00
45256.00
45183.00
45134.00
45181.00
45270.00
45262.00
45193.00
45120.00
45166.00
45240.00
45251.00
45208.00
45135.00
45148.00
45241.00
45263.00
45196.00
45137.00
45143.00
45234.00
45256.00
45207.00
45147.00
45142.00
45223.00
45263.00
45214.00
45139.00
45131.00
45214.00
45271.00
45209.00
45133.00
45142.00
45198.00
45264.00
45220.00
45156.00
45137.00
45199.00
45265.00
45242.00
45166.00
45130.00
45173.00
45254.00
45233.00
45177.00
45128.00
45167.00
45253.00
45232.00
45167.00
45116.00
45155.00
45253.00
45253.00
45180.00
45120.00
45145.00
45239.00
45248.00
45196.00
45130.00
45159.00
45231.00
45252.00
45213.00
45131.00
45157.00
45225.00
45257.00
45216.00
45146.00
45146.00
45225.00
45270.00
45226.00
45140.00
45138.00
45205.00
45264.00
45228.00
45146.00
45128.00
45199.00
45253.00
45223.00
45153.00
45133.00
45181.00
45257.00
45236.00
45165.00
45127.00
45183.00
45254.00
45245.00
45167.00
45129.00
45164.00
45248.00
45251.00
45191.00
45130.00
45172.00
45245.00
45267.00
45195.00
45137.00
45153.00
45251.00
45259.00
45206.00
45138.00
45140.00
45217.00
45261.00
45209.00
45139.00
45148.00
45233.00
45265.00
45225.00
45159.00
45150.00
45217.00
45268.00
45224.00
45160.00
45136.00
45200.00
45263.00
45237.00
45163.00
45135.00
45200.00
45256.00
45229.00
45163.00
45128.00
45160.00
45267.00
45250.00
45170.00
45135.00
45167.00
45263.00
45241.00
45170.00
45125.00
45166.00
45241.00
45233.00
45185.00
45122.00
45150.00
45246.00
45249.00
45191.00
45119.00
45136.00
45227.00
45245.00
45192.00
45126.00
45126.00
45211.00
45256.00
45216.00
45137.00
45131.00
45185.00
45249.00
45212.00
45142.00
45124.00
45186.00
45253.00
45220.00
45141.00
45113.00
45176.00
45258.00
45223.00
45156.00
45116.00
45178.00
45265.00
45234.00
45161.00
45123.00
45176.00
45243.00
45237.00
45165.00
45124.00
45161.00
45250.00
45244.00
45183.00
45136.00
45157.00
45232.00
45249.00
45205.00
45127.00
45154.00
45225.00
45256.00
45200.00
45126.00
45137.00
45208.00
45260.00
45207.00
45138.00
45132.00
45198.00
45253.00
45215.00
45127.00
45117.00
45183.00
45253.00
45215.00
45138.00
45115.00
45175.00
45242.00
45214.00
45132.00
45107.00
45131.00
45227.00
45200.00
45122.00
45080.00
45123.00
45186.00
45180.00
45094.00
45038.00
45066.00
45161.00
45156.00
45099.00
45028.00
45040.00
45093.00
45067.00
44976.00
44902.00
44912.00
44969.00
44986.00
44910.00
44842.00
44866.00
44942.00
44971.00
44910.00
44827.00
44818.00
44875.00
44906.00
44833.00
44756.00
44733.00
44794.00
44850.00
44812.00
44734.00
44724.00
44779.00
44846.00
44818.00
44734.00
44709.00
44774.00
44845.00
44813.00
44733.00
44703.00
44760.00
44834.00
44808.00
44758.00
44713.00
44730.00
44816.00
44810.00
44745.00
44687.00
44727.00
44796.00
44810.00
44768.00
44693.00
44716.00
44796.00
44827.00
44767.00
44708.00
44708.00
44789.00
44835.00
44770.00
44696.00
44696.00
44775.00
44824.00
44790.00
44709.00
44699.00
44778.00
44825.00
44788.00
44719.00
44683.00
44747.00
44826.00
44782.00
44725.00
44686.00
44730.00
44826.00
44806.00
44728.00
44683.00
44733.00
44824.00
44807.00
44747.00
44690.00
44734.00
44823.00
44817.00
44739.00
44681.00
44715.00
44803.00
44805.00
44761.00
44681.00
44701.00
44786.00
44822.00
44765.00
44690.00
44693.00
44757.00
44812.00
44778.00
44692.00
44699.00
44761.00
44818.00
44779.00
44689.00
44686.00
44754.00
44825.00
44777.00
44723.00
44700.00
44756.00
44827.00
44806.00
44738.00
44680.00
44742.00
44818.00
44807.00
44727.00
44697.00
44739.00
44823.00
44814.00
44736.00
44699.00
44728.00
44813.00
44805.00
44752.00
44685.00
44719.00
44799.00
44814.00
44752.00
44687.00
44710.00
44786.00
44820.00
44774.00
44689.00
44707.00
44776.00
44815.00
44773.00
44697.00
44701.00
44754.00
44816.00
44763.00
44701.00
44680.00
44744.00
44826.00
44777.00
44716.00
44694.00
44743.00
44820.00
44789.00
44722.00
44684.00
44738.00
44831.00
44793.00
44734.00
44694.00
44735.00
44818.00
44811.00
44746.00
44693.00
44728.00
44804.00
44806.00
44748.00
44688.00
44707.00
44792.00
44807.00
44764.00
44687.00
44714.00
44779.00
44816.00
44769.00
44694.00
44705.00
44774.00
44828.00
44772.00
44706.00
44717.00
44777.00
44829.00
44780.00
44715.00
44699.00
44756.00
44838.00
44782.00
44725.00
44695.00
44764.00
44839.00
44797.00
44719.00
44698.00
44741.00
44814.00
44802.00
44732.00
44696.00
44728.00
44813.00
44807.00
44737.00
44689.00
44716.00
44798.00
44809.00
44744.00
44679.00
44713.00
44805.00
44823.00
44761.00
44692.00
44691.00
44773.00
44821.00
44748.00
44691.00
44692.00
44770.00
44814.00
44771.00
44705.00
44700.00
44769.00
44816.00
44780.00
44719.00
44683.00
44747.00
44819.00
44784.00
44707.00
44687.00
44755.00
44837.00
44800.00
44725.00
44700.00
44738.00
44823.00
44811.00
44733.00
44683.00
44727.00
44808.00
44807.00
44725.00
44683.00
44712.00
44806.00
44819.00
44746.00
44691.00
44716.00
44794.00
44816.00
44758.00
44696.00
44714.00
44779.00
44798.00
44756.00
44696.00
44701.00
44782.00
44817.00
44773.00
44705.00
44701.00
44754.00
44828.00
44786.00
44707.00
44683.00
44763.00
44825.00
44795.00
44719.00
44690.00
44744.00
44816.00
44794.00
44714.00
44678.00
44733.00
44808.00
44788.00
44727.00
44690.00
44727.00
44808.00
44806.00
44739.00
44684.00
44718.00
44799.00
44800.00
44761.00
44695.00
44722.00
44799.00
44806.00
44760.00
44695.00
44698.00
44792.00
44824.00
44768.00
44697.00
44695.00
44775.00
44829.00
44777.00
44697.00
44697.00
44769.00
44828.00
44782.00
44707.00
44683.00
44755.00
44813.00
44769.00
44709.00
44692.00
44750.00
44806.00
44788.00
44717.00
44694.00
44742.00
44827.00
44794.00
44731.00
44687.00
44734.00
44817.00
44796.00
44738.00
44681.00
44727.00
44821.00
44801.00
44754.00
44680.00
44711.00
44793.00
44814.00
44759.00
44676.00
44689.00
44783.00
44815.00
44749.00
44688.00
44696.00
44775.00
44816.00
44765.00
44682.00
44686.00
44774.00
44815.00
44774.00
44699.00
44676.00
44747.00
44828.00
44775.00
44714.00
44677.00
44748.00
44813.00
44797.00
44713.00
44685.00
44750.00
44826.00
44803.00
44736.00
44681.00
44748.00
44827.00
44810.00
44733.00
44684.00
44716.00
