43876.00
43843.00
43834.00
43873.00
43902.00
43890.00
43843.00
43830.00
43866.00
43902.00
43898.00
43855.00
43836.00
43855.00
43916.00
43901.00
43841.00
43813.00
43868.00
43908.00
43891.00
43844.00
43836.00
43841.00
43902.00
43903.00
43886.00
43838.00
43841.00
43894.00
43886.00
43848.00
43807.00
43831.00
43898.00
43888.00
43841.00
43821.00
43849.00
43903.00
43899.00
43860.00
43833.00
43836.00
43892.00
43901.00
43867.00
43825.00
43832.00
43873.00
43910.00
43890.00
43826.00
43822.00
43882.00
43893.00
43870.00
43812.00
43832.00
43869.00
43898.00
43864.00
43828.00
43820.00
43863.00
43907.00
43882.00
43825.00
43810.00
43856.00
43905.00
43876.00
43793.00
43800.00
43826.00
43895.00
43874.00
43815.00
43807.00
43830.00
43877.00
43851.00
43820.00
43807.00
43821.00
43869.00
43872.00
43815.00
43799.00
43810.00
43870.00
43860.00
43830.00
43793.00
43812.00
43862.00
43869.00
43825.00
43793.00
43794.00
43868.00
43859.00
43815.00
43789.00
43812.00
43863.00
43877.00
43830.00
43807.00
43805.00
43868.00
43878.00
43843.00
43794.00
43828.00
43866.00
43880.00
43844.00
43798.00
43795.00
43856.00
43908.00
43850.00
43788.00
43819.00
43877.00
43907.00
43881.00
43819.00
43835.00
43870.00
43894.00
43864.00
43829.00
43816.00
43856.00
43909.00
43885.00
43837.00
43831.00
43848.00
43914.00
43890.00
43843.00
43820.00
43855.00
43901.00
43890.00
43840.00
43818.00
43853.00
43898.00
43880.00
43844.00
43824.00
43827.00
43876.00
43882.00
43832.00
43820.00
43822.00
43889.00
43879.00
43846.00
43814.00
43843.00
43868.00
43889.00
43850.00
43807.00
43821.00
43864.00
43884.00
43848.00
43790.00
43824.00
43857.00
43880.00
43841.00
43814.00
43811.00
43868.00
43882.00
43856.00
43816.00
43815.00
43855.00
43889.00
43843.00
43801.00
43817.00
43856.00
43891.00
43867.00
43803.00
43798.00
43852.00
43883.00
43878.00
43805.00
43817.00
43847.00
43914.00
43881.00
43833.00
43805.00
43835.00
43897.00
43866.00
43837.00
43805.00
43843.00
43893.00
43887.00
43833.00
43821.00
43851.00
43894.00
43883.00
43835.00
43805.00
43841.00
43873.00
43868.00
43838.00
43802.00
43823.00
43873.00
43866.00
43813.00
43813.00
43808.00
43866.00
43871.00
43841.00
43803.00
43826.00
43856.00
43891.00
43853.00
43811.00
43815.00
43872.00
43874.00
43864.00
43820.00
43814.00
43876.00
43891.00
43872.00
43827.00
43812.00
43856.00
43875.00
43854.00
43819.00
43809.00
43858.00
43869.00
43840.00
43798.00
43794.00
43839.00
43868.00
43861.00
43786.00
43802.00
43843.00
43886.00
43840.00
43826.00
43806.00
43831.00
43853.00
43860.00
43805.00
43813.00
43841.00
43884.00
43874.00
43818.00
43809.00
43835.00
43873.00
43866.00
43819.00
43788.00
43829.00
43862.00
43868.00
43807.00
43806.00
43814.00
43861.00
43855.00
43806.00
43789.00
43798.00
43864.00
43862.00
43822.00
43795.00
43816.00
43868.00
43878.00
43840.00
43814.00
43814.00
43875.00
43884.00
43834.00
43823.00
43811.00
43867.00
43874.00
43858.00
43792.00
43824.00
43862.00
43881.00
43875.00
43797.00
43807.00
43863.00
43896.00
43861.00
43815.00
43821.00
43876.00
43895.00
43877.00
43819.00
43813.00
43860.00
43892.00
43863.00
43819.00
43818.00
43857.00
43895.00
43886.00
43827.00
43814.00
43838.00
43888.00
43886.00
43834.00
43824.00
43846.00
43898.00
43904.00
43865.00
43808.00
43830.00
43887.00
43889.00
43861.00
43815.00
43843.00
43905.00
43901.00
43854.00
43822.00
43839.00
43878.00
43893.00
43855.00
43828.00
43812.00
43880.00
43884.00
43855.00
43816.00
43825.00
43875.00
43881.00
43847.00
43827.00
43805.00
43865.00
43884.00
43848.00
43809.00
43800.00
43849.00
43886.00
43873.00
43810.00
43821.00
43855.00
43883.00
43858.00
43815.00
43805.00
43834.00
43899.00
43871.00
43835.00
43821.00
43854.00
43890.00
43890.00
43839.00
43810.00
43845.00
43903.00
43884.00
43843.00
43820.00
43833.00
43882.00
43882.00
43851.00
43818.00
43838.00
43887.00
43877.00
43830.00
43828.00
43842.00
43866.00
43894.00
43842.00
43802.00
43813.00
43860.00
43882.00
43846.00
43792.00
43809.00
43872.00
43888.00
43850.00
43810.00
43811.00
43861.00
43880.00
43852.00
43831.00
43832.00
43870.00
43883.00
43853.00
43803.00
43812.00
43863.00
43893.00
43854.00
43839.00
43835.00
43865.00
43876.00
43853.00
43811.00
43820.00
43865.00
43901.00
43890.00
43829.00
43831.00
43867.00
43897.00
43861.00
43842.00
43816.00
43846.00
43906.00
43877.00
43846.00
43822.00
43855.00
43909.00
43884.00
43834.00
43810.00
43837.00
43905.00
43888.00
43837.00
43813.00
43849.00
43891.00
43899.00
43845.00
43800.00
43824.00
43904.00
43906.00
43865.00
43829.00
43847.00
43876.00
43907.00
43866.00
43815.00
43833.00
43880.00
43890.00
43870.00
43820.00
43855.00
43871.00
43896.00
43861.00
43801.00
43803.00
43848.00
43883.00
43846.00
43818.00
43807.00
43862.00
43874.00
43843.00
43798.00
43789.00
43833.00
43874.00
43858.00
43797.00
43794.00
43830.00
43864.00
43842.00
43799.00
43777.00
43824.00
43873.00
43849.00
43811.00
43796.00
43834.00
43874.00
43870.00
43809.00
43784.00
43808.00
43872.00
43860.00
43830.00
43801.00
43833.00
43874.00
43860.00
43819.00
43783.00
43804.00
43851.00
43873.00
43810.00
43773.00
43800.00
43861.00
43873.00
43844.00
43794.00
43796.00
43858.00
43880.00
43839.00
43809.00
43807.00
43875.00
43879.00
43850.00
43816.00
43812.00
43847.00
43871.00
43844.00
43804.00
43774.00
43856.00
43865.00
43842.00
43800.00
43814.00
43852.00
43891.00
43859.00
43823.00
43801.00
43844.00
43882.00
43858.00
43820.00
43801.00
43849.00
43884.00
43849.00
43821.00
43813.00
43834.00
43884.00
43873.00
43817.00
43785.00
43815.00
43861.00
43856.00
43820.00
43778.00
43816.00
43863.00
43851.00
43825.00
43790.00
43803.00
43856.00
43890.00
43822.00
43795.00
43821.00
43868.00
43879.00
43849.00
43805.00
43819.00
43876.00
43876.00
43832.00
43780.00
43800.00
43851.00
43861.00
43843.00
43790.00
43810.00
43872.00
43870.00
43830.00
43810.00
43813.00
43848.00
43871.00
43837.00
43801.00
43805.00
43838.00
43882.00
43846.00
43802.00
43796.00
43844.00
43868.00
43862.00
43807.00
43798.00
43843.00
43879.00
43863.00
43805.00
43796.00
43837.00
43860.00
43847.00
43820.00
43811.00
43823.00
43868.00
43869.00
43824.00
43811.00
43847.00
43903.00
43883.00
43845.00
43803.00
43818.00
43884.00
43882.00
43834.00
43790.00
43807.00
43866.00
43866.00
43828.00
43805.00
43808.00
43859.00
43877.00
43851.00
43791.00
43801.00
43860.00
43865.00
43829.00
43780.00
43812.00
43862.00
43883.00
43836.00
43791.00
43809.00
43858.00
43873.00
43842.00
43796.00
43777.00
43829.00
43847.00
43835.00
43794.00
43793.00
43846.00
43854.00
43842.00
43790.00
43797.00
43832.00
43851.00
43854.00
43807.00
43787.00
43823.00
43862.00
43842.00
43814.00
43791.00
43806.00
43872.00
43868.00
43809.00
43787.00
43815.00
43861.00
43851.00
43793.00
43805.00
43822.00
43860.00
43846.00
43807.00
43798.00
43808.00
43851.00
43851.00
43808.00
43790.00
43811.00
43863.00
43850.00
43808.00
43779.00
43794.00
43857.00
43847.00
43819.00
43781.00
43791.00
43837.00
43854.00
43833.00
43785.00
43796.00
43827.00
43848.00
43833.00
43798.00
43787.00
43832.00
43870.00
43849.00
43789.00
43797.00
43827.00
43861.00
43836.00
43784.00
43789.00
43823.00
43865.00
43832.00
43797.00
43774.00
43834.00
43876.00
43852.00
43792.00
43795.00
43821.00
43867.00
43836.00
43797.00
43776.00
43790.00
43846.00
43856.00
43801.00
43786.00
43806.00
43877.00
43847.00
43800.00
43776.00
43812.00
43855.00
43858.00
43810.00
43785.00
43803.00
43853.00
43863.00
43822.00
43779.00
43799.00
43851.00
43856.00
43818.00
43775.00
43814.00
43841.00
43876.00
43815.00
43780.00
43799.00
43850.00
43860.00
43818.00
43785.00
43804.00
43838.00
43861.00
43827.00
43775.00
43775.00
43846.00
43856.00
43842.00
43792.00
43774.00
43837.00
43871.00
43835.00
43796.00
43788.00
43828.00
43865.00
43858.00
43800.00
43794.00
43824.00
43860.00
43843.00
43788.00
43801.00
43835.00
43870.00
43843.00
43807.00
43783.00
43810.00
43860.00
43852.00
43797.00
43782.00
43816.00
43864.00
43852.00
43819.00
43795.00
43827.00
43871.00
43869.00
43816.00
43777.00
43819.00
43860.00
43874.00
43812.00
43795.00
43808.00
43869.00
43874.00
43839.00
43797.00
43808.00
43880.00
43860.00
43807.00
43790.00
43805.00
43851.00
43880.00
43851.00
43801.00
43816.00
43862.00
43880.00
43845.00
43796.00
43811.00
43843.00
43882.00
43840.00
43796.00
43806.00
43848.00
43870.00
43840.00
43786.00
43793.00
43835.00
43870.00
43847.00
43790.00
43791.00
43834.00
43862.00
43856.00
43816.00
43784.00
43819.00
43868.00
43862.00
43822.00
43803.00
43812.00
43864.00
43849.00
43802.00
43783.00
43820.00
43851.00
43847.00
43802.00
43774.00
43814.00
43854.00
43859.00
43811.00
43789.00
43800.00
43860.00
43849.00
43814.00
43772.00
43806.00
43835.00
43864.00
43827.00
43771.00
43807.00
43852.00
43862.00
43818.00
43775.00
43798.00
43841.00
43851.00
43824.00
43793.00
43800.00
43856.00
43872.00
43836.00
43799.00
43768.00
43837.00
43871.00
43829.00
43775.00
43778.00
43820.00
43860.00
43853.00
43799.00
43798.00
43834.00
43871.00
43846.00
43790.00
43793.00
43835.00
43882.00
43844.00
43805.00
43778.00
43811.00
43865.00
43835.00
43795.00
43805.00
43843.00
43885.00
43865.00
43808.00
43779.00
43828.00
43866.00
43865.00
43811.00
43778.00
43832.00
43873.00
43865.00
43806.00
43782.00
43817.00
43863.00
43861.00
43823.00
43786.00
43799.00
43852.00
43850.00
43821.00
43784.00
43818.00
43865.00
43867.00
43835.00
43796.00
43816.00
43858.00
43884.00
43824.00
43787.00
43799.00
43855.00
43870.00
43842.00
43800.00
43802.00
43844.00
43876.00
43849.00
43777.00
43810.00
43845.00
43864.00
43839.00
43799.00
43809.00
43844.00
43870.00
43860.00
43802.00
43807.00
43862.00
43875.00
43853.00
43801.00
43782.00
43836.00
43851.00
43833.00
43782.00
43788.00
43817.00
43869.00
43842.00
43797.00
43787.00
43804.00
43876.00
43846.00
43814.00
43781.00
43815.00
43867.00
43844.00
43812.00
43784.00
43802.00
43860.00
43846.00
43794.00
43785.00
43810.00
43875.00
43862.00
43814.00
43788.00
43820.00
43853.00
43863.00
43834.00
43777.00
43785.00
43839.00
43858.00
43822.00
43773.00
43784.00
43831.00
43851.00
43837.00
43778.00
43788.00
43830.00
43863.00
43825.00
43813.00
43793.00
43832.00
43876.00
43848.00
43797.00
43785.00
43827.00
43867.00
43847.00
43779.00
43789.00
43839.00
43880.00
43846.00
43806.00
43773.00
43843.00
43866.00
43854.00
43817.00
43795.00
43815.00
43868.00
43846.00
43806.00
43773.00
43833.00
43864.00
43870.00
43825.00
43783.00
43842.00
43874.00
43891.00
43838.00
43793.00
43810.00
43873.00
43867.00
43832.00
43823.00
43834.00
43866.00
43870.00
43830.00
43795.00
43816.00
43878.00
43890.00
43844.00
43817.00
43814.00
43865.00
43880.00
43860.00
43790.00
43820.00
43861.00
43885.00
43832.00
43808.00
43801.00
43847.00
43881.00
43855.00
43796.00
43794.00
43866.00
43870.00
43859.00
43805.00
43826.00
43858.00
43889.00
43859.00
43820.00
43815.00
43863.00
43884.00
43873.00
43834.00
43796.00
43846.00
43868.00
43867.00
43818.00
43796.00
43836.00
43879.00
43874.00
43830.00
43805.00
43821.00
43882.00
43845.00
43828.00
43799.00
43813.00
43871.00
43846.00
43808.00
43804.00
43811.00
43859.00
43859.00
43827.00
43788.00
43822.00
43861.00
43864.00
43824.00
43786.00
43825.00
43875.00
43878.00
43842.00
43795.00
43818.00
43863.00
43865.00
43844.00
43784.00
43801.00
43848.00
43870.00
43843.00
43801.00
43820.00
43846.00
43878.00
43838.00
43816.00
43826.00
43849.00
43877.00
43842.00
43817.00
43813.00
43846.00
43867.00
43857.00
43794.00
43803.00
43850.00
43875.00
43861.00
43798.00
43807.00
43832.00
43866.00
43869.00
43807.00
43789.00
43838.00
43878.00
43870.00
43820.00
43807.00
43828.00
43876.00
43863.00
43827.00
43800.00
43834.00
43878.00
43863.00
43811.00
43796.00
43811.00
43878.00
43849.00
43832.00
43795.00
43809.00
43867.00
43880.00
43824.00
43805.00
43824.00
43870.00
43854.00
43838.00
43788.00
43811.00
43859.00
43875.00
43841.00
43813.00
43814.00
43844.00
43872.00
43842.00
43792.00
43806.00
43857.00
43877.00
43838.00
43814.00
43809.00
43850.00
43863.00
43846.00
43778.00
43808.00
43850.00
43878.00
43845.00
43797.00
43803.00
43857.00
43876.00
43862.00
43816.00
43806.00
43843.00
43881.00
43866.00
43812.00
43792.00
43827.00
43888.00
43854.00
43839.00
43804.00
43852.00
43899.00
43864.00
43843.00
43820.00
43851.00
43919.00
43906.00
43871.00
43856.00
43929.00
43970.00
43976.00
43964.00
43980.00
44032.00
44081.00
44096.00
44075.00
44036.00
44137.00
44219.00
44266.00
44284.00
44298.00
44415.00
44541.00
44629.00
44676.00
44721.00
44844.00
45029.00
45141.00
45241.00
45343.00
45499.00
45699.00
45870.00
45984.00
46084.00
46240.00
46431.00
46599.00
46710.00
46779.00
46891.00
47050.00
47189.00
47241.00
47247.00
47316.00
47420.00
47512.00
47532.00
47513.00
47569.00
47642.00
47692.00
47700.00
47662.00
47660.00
47730.00
47763.00
47733.00
47678.00
47646.00
47696.00
47748.00
47717.00
47669.00
47654.00
47693.00
47715.00
47721.00
47651.00
47629.00
47668.00
47727.00
47741.00
47693.00
47661.00
47694.00
47758.00
47744.00
47695.00
47656.00
47697.00
47767.00
47769.00
47712.00
47687.00
47689.00
47762.00
47760.00
47719.00
47666.00
47690.00
47749.00
47764.00
47721.00
47667.00
47689.00
47766.00
47769.00
47710.00
47651.00
47685.00
47731.00
47762.00
47705.00
47673.00
47674.00
47728.00
47769.00
47709.00
47676.00
47687.00
47728.00
47781.00
47750.00
47688.00
47685.00
47729.00
47776.00
47757.00
47684.00
47682.00
47749.00
47784.00
47766.00
47705.00
47684.00
47735.00
47788.00
47770.00
47710.00
47693.00
47729.00
47789.00
47775.00
47711.00
47673.00
47727.00
47767.00
47772.00
47720.00
47686.00
47730.00
47800.00
47779.00
47714.00
47699.00
47730.00
47778.00
47781.00
47726.00
47696.00
47723.00
47792.00
47797.00
47748.00
47700.00
47726.00
47777.00
47805.00
47748.00
47706.00
47735.00
47799.00
47799.00
47756.00
47714.00
47723.00
47788.00
47799.00
47764.00
47705.00
47712.00
47774.00
47807.00
47780.00
47713.00
47722.00
47792.00
47810.00
47782.00
47706.00
47712.00
47782.00
47800.00
47770.00
47722.00
47706.00
47753.00
47793.00
47777.00
47713.00
47711.00
47753.00
47808.00
47782.00
47715.00
47712.00
47753.00
47801.00
47782.00
47723.00
47699.00
47748.00
47797.00
47774.00
47729.00
47693.00
47733.00
47791.00
47778.00
47720.00
47674.00
47709.00
47783.00
47772.00
47723.00
47685.00
47719.00
47784.00
47774.00
47710.00
47686.00
47691.00
47767.00
47765.00
47727.00
47675.00
47690.00
47756.00
47750.00
47709.00
47660.00
47682.00
47741.00
47746.00
47709.00
47663.00
47692.00
47735.00
47757.00
47719.00
47661.00
47648.00
47736.00
47750.00
47725.00
47669.00
47674.00
47719.00
47756.00
47719.00
47645.00
47652.00
47714.00
47759.00
47719.00
47648.00
47648.00
47699.00
47739.00
47704.00
47654.00
47634.00
47683.00
47731.00
47705.00
47651.00
47636.00
47665.00
47717.00
47702.00
47627.00
47620.00
47649.00
47717.00
47679.00
47637.00
47598.00
47650.00
47697.00
47681.00
47633.00
47599.00
47618.00
47685.00
47668.00
47631.00
47603.00
47628.00
47694.00
47682.00
47624.00
47587.00
47606.00
47673.00
47659.00
47637.00
47576.00
47610.00
47656.00
47668.00
47632.00
47567.00
47589.00
47639.00
47651.00
47614.00
47570.00
47587.00
47627.00
47657.00
47600.00
47562.00
47571.00
47621.00
47647.00
47628.00
47565.00
47559.00
47606.00
47646.00
47618.00
47558.00
47561.00
47616.00
47653.00
47629.00
47572.00
47556.00
47611.00
47662.00
47614.00
47560.00
47554.00
47601.00
47653.00
47623.00
47567.00
47561.00
47587.00
47627.00
47610.00
47558.00
47543.00
47562.00
47640.00
47608.00
47564.00
47516.00
47554.00
47586.00
47598.00
47560.00
47524.00
47550.00
47608.00
47605.00
47549.00
47520.00
47539.00
47609.00
47622.00
47538.00
47504.00
47534.00
47608.00
47620.00
47568.00
47522.00
47528.00
47606.00
47612.00
47566.00
47520.00
47528.00
47605.00
47634.00
47580.00
47524.00
47542.00
47574.00
47616.00
47572.00
47527.00
47525.00
47586.00
47614.00
47586.00
47522.00
47528.00
47580.00
47619.00
47587.00
47547.00
47531.00
47586.00
47610.00
47601.00
47539.00
47534.00
47579.00
47615.00
47587.00
47542.00
47536.00
47561.00
47618.00
47603.00
47553.00
47529.00
47575.00
47632.00
47622.00
47561.00
47550.00
47561.00
47630.00
47608.00
47560.00
47537.00
47555.00
47619.00
47617.00
47576.00
47537.00
47543.00
47630.00
47618.00
47568.00
47542.00
47558.00
47634.00
47636.00
47578.00
47552.00
47586.00
47648.00
47649.00
47605.00
47555.00
47577.00
47640.00
47646.00
47603.00
47572.00
47577.00
47626.00
47654.00
47619.00
47566.00
47568.00
47626.00
47641.00
47591.00
47565.00
47557.00
47607.00
47650.00
47635.00
47578.00
47575.00
47609.00
47643.00
47623.00
47569.00
47567.00
47606.00
47649.00
47632.00
47582.00
47568.00
47613.00
47666.00
47635.00
47577.00
47563.00
47625.00
47680.00
47645.00
47590.00
47560.00
47608.00
47655.00
47646.00
47597.00
47558.00
47581.00
47652.00
47635.00
47580.00
47552.00
47588.00
47655.00
47638.00
47586.00
47557.00
47587.00
47638.00
47638.00
47576.00
47565.00
47579.00
47655.00
47647.00
47598.00
47564.00
47577.00
47638.00
47654.00
47610.00
47573.00
47594.00
47673.00
47690.00
47672.00
47655.00
47726.00
47840.00
47924.00
47963.00
47981.00
48092.00
48220.00
48312.00
48347.00
48399.00
48472.00
48598.00
48704.00
48722.00
48738.00
48805.00
48912.00
49021.00
49032.00
49026.00
49074.00
49158.00
49234.00
49263.00
49259.00
49272.00
49364.00
49439.00
49451.00
49420.00
49436.00
49486.00
49564.00
49585.00
49517.00
49507.00
49542.00
49648.00
49632.00
49582.00
49557.00
49592.00
49652.00
49638.00
49595.00
49576.00
49588.00
49681.00
49652.00
49608.00
49594.00
49647.00
49679.00
49668.00
49613.00
49564.00
49578.00
49638.00
49650.00
49614.00
49570.00
49599.00
49645.00
49656.00
49599.00
49552.00
49582.00
49652.00
49659.00
49603.00
49561.00
49571.00
49629.00
49640.00
49609.00
49552.00
49571.00
49610.00
49648.00
49606.00
49547.00
49549.00
49599.00
49629.00
49586.00
49534.00
49540.00
49605.00
49644.00
49609.00
49549.00
49526.00
49575.00
49618.00
49590.00
49536.00
49535.00
49577.00
49626.00
49599.00
49533.00
49528.00
49573.00
49613.00
49596.00
49533.00
49510.00
49552.00
49603.00
49585.00
49536.00
49506.00
49545.00
49615.00
49590.00
49544.00
49511.00
49534.00
49581.00
49589.00
49544.00
49512.00
49521.00
49601.00
49602.00
49541.00
49505.00
49525.00
49597.00
49600.00
49539.00
49489.00
49517.00
49594.00
49597.00
49538.00
49498.00
49524.00
49586.00
49575.00
49555.00
49497.00
49521.00
49573.00
49588.00
49539.00
49488.00
49522.00
49561.00
49592.00
49542.00
49479.00
49505.00
49546.00
49580.00
49533.00
49487.00
49488.00
49558.00
49599.00
49521.00
49495.00
49493.00
49555.00
49588.00
49546.00
49493.00
49507.00
49550.00
49588.00
49561.00
49497.00
49496.00
49535.00
49561.00
49549.00
49496.00
49476.00
49515.00
49567.00
49543.00
49495.00
49482.00
49525.00
49568.00
49553.00
49502.00
49491.00
49507.00
49568.00
49552.00
49501.00
49498.00
49524.00
49569.00
49565.00
49498.00
49489.00
49511.00
49568.00
49558.00
49503.00
49483.00
49514.00
49564.00
49555.00
49510.00
49464.00
49500.00
49565.00
49559.00
49507.00
49453.00
49490.00
49557.00
49572.00
49519.00
49477.00
49482.00
49545.00
49557.00
49517.00
49467.00
49512.00
49556.00
49563.00
49525.00
49474.00
49487.00
49537.00
49560.00
49529.00
49470.00
49484.00
49538.00
49582.00
49542.00
49471.00
49490.00
49542.00
49564.00
49531.00
49472.00
49480.00
49534.00
49565.00
49536.00
49481.00
49468.00
49526.00
49565.00
49532.00
49480.00
49476.00
49500.00
49562.00
49540.00
49477.00
49464.00
49510.00
49555.00
49536.00
49483.00
49454.00
49503.00
49569.00
49564.00
49470.00
49461.00
49498.00
49554.00
49537.00
49485.00
49452.00
49492.00
49564.00
49541.00
49483.00
49458.00
49496.00
49534.00
49533.00
49488.00
49444.00
49490.00
49533.00
49539.00
49489.00
49441.00
49483.00
49529.00
49542.00
49475.00
49443.00
49458.00
49527.00
49535.00
49511.00
49441.00
49473.00
49526.00
49540.00
49484.00
49456.00
49463.00
49531.00
49550.00
49477.00
49443.00
49459.00
49517.00
49540.00
49488.00
49457.00
49444.00
49506.00
49537.00
49500.00
49438.00
49460.00
49509.00
49531.00
49483.00
49448.00
49458.00
49507.00
49534.00
49515.00
49465.00
49436.00
49496.00
49538.00
49513.00
49453.00
49444.00
49498.00
49528.00
49498.00
49459.00
49445.00
49493.00
49535.00
49529.00
49453.00
49442.00
49491.00
49538.00
49532.00
49481.00
49452.00
49485.00
49556.00
49522.00
49477.00
49434.00
49499.00
49547.00
49538.00
49493.00
49466.00
49499.00
49566.00
49543.00
49495.00
49461.00
49507.00
49549.00
49552.00
49501.00
49483.00
49497.00
49556.00
49560.00
49507.00
49481.00
49497.00
49559.00
49570.00
49524.00
49480.00
49490.00
49548.00
49574.00
49518.00
49482.00
49503.00
49558.00
49590.00
49535.00
49473.00
49491.00
49553.00
49580.00
49538.00
49496.00
49501.00
49564.00
49581.00
49543.00
49496.00
49495.00
49550.00
49586.00
49572.00
49501.00
49505.00
49539.00
49585.00
49549.00
49506.00
49502.00
49526.00
49580.00
49560.00
49507.00
49493.00
49541.00
49589.00
49556.00
49496.00
49488.00
49527.00
49583.00
49568.00
49507.00
49484.00
49527.00
49585.00
49569.00
49514.00
49473.00
49527.00
49594.00
49579.00
49503.00
49484.00
49531.00
49579.00
49571.00
49510.00
49480.00
49509.00
49573.00
49574.00
49509.00
49483.00
49518.00
49589.00
49567.00
49518.00
49487.00
49489.00
49564.00
49559.00
49527.00
49485.00
49507.00
49571.00
49580.00
49521.00
49473.00
49494.00
49550.00
49566.00
49535.00
49462.00
49483.00
49543.00
49577.00
49529.00
49475.00
49490.00
49548.00
49562.00
49530.00
49471.00
49479.00
49536.00
49574.00
49540.00
49482.00
49487.00
49546.00
49588.00
49546.00
49487.00
49484.00
49566.00
49602.00
49576.00
49553.00
49553.00
49634.00
49704.00
49712.00
49704.00
49712.00
49789.00
49870.00
49862.00
49849.00
49843.00
49891.00
49953.00
49941.00
49881.00
49867.00
49911.00
49937.00
49925.00
49877.00
49867.00
49910.00
49957.00
49946.00
49885.00
49862.00
49889.00
49943.00
49929.00
49867.00
49834.00
49860.00
49916.00
49904.00
49851.00
49805.00
49816.00
49874.00
49869.00
49817.00
49771.00
49786.00
49836.00
49831.00
49783.00
49729.00
49760.00
49788.00
49804.00
49763.00
49728.00
49727.00
49790.00
49792.00
49756.00
49720.00
49706.00
49776.00
49797.00
49748.00
49697.00
49683.00
49742.00
49784.00
49754.00
49688.00
49704.00
49740.00
49775.00
49751.00
49702.00
49701.00
49750.00
49780.00
49745.00
49700.00
49689.00
49730.00
49772.00
49742.00
49701.00
49687.00
49735.00
49780.00
49758.00
49713.00
49691.00
49730.00
49780.00
49747.00
49694.00
49677.00
49714.00
49772.00
49757.00
49707.00
49677.00
49714.00
49767.00
49758.00
49729.00
49685.00
49716.00
49769.00
49762.00
49702.00
49692.00
49713.00
49775.00
49758.00
49723.00
49681.00
49700.00
49766.00
49761.00
49722.00
49682.00
49705.00
49771.00
49762.00
49730.00
49692.00
49695.00
49760.00
49768.00
49738.00
49688.00
49701.00
49768.00
49778.00
49739.00
49695.00
49695.00
49751.00
49769.00
49742.00
49678.00
49687.00
49732.00
49763.00
49736.00
49697.00
49689.00
49734.00
49753.00
49737.00
49682.00
49689.00
49716.00
49752.00
49730.00
49672.00
49663.00
49716.00
49761.00
49726.00
49657.00
49650.00
49692.00
49746.00
49724.00
49664.00
49650.00
49681.00
49721.00
49705.00
49664.00
49626.00
49677.00
49724.00
49705.00
49657.00
49639.00
49668.00
49734.00
49715.00
49657.00
49650.00
49662.00
49727.00
49724.00
49674.00
49640.00
49659.00
49720.00
49716.00
49678.00
49637.00
49665.00
49698.00
49702.00
49660.00
49621.00
49646.00
49700.00
49708.00
49666.00
49613.00
49626.00
49671.00
49692.00
49662.00
49621.00
49634.00
49691.00
49701.00
49662.00
49608.00
49589.00
49679.00
49693.00
49652.00
49621.00
49616.00
49669.00
49691.00
49652.00
49617.00
49606.00
49647.00
49679.00
49665.00
49595.00
49604.00
49655.00
49684.00
49656.00
49611.00
49610.00
49632.00
49687.00
49654.00
49598.00
49604.00
49638.00
49703.00
49660.00
49623.00
49595.00
49633.00
49676.00
49663.00
49601.00
49592.00
49630.00
49676.00
49657.00
49612.00
49584.00
49616.00
49676.00
49654.00
49603.00
49587.00
49609.00
49667.00
49677.00
49616.00
49594.00
49617.00
49661.00
49662.00
49621.00
49587.00
49618.00
49667.00
49675.00
49634.00
49598.00
49612.00
49660.00
49679.00
49640.00
49611.00
49605.00
49667.00
49667.00
49622.00
49601.00
49610.00
49661.00
49686.00
49631.00
49597.00
49607.00
49658.00
49684.00
49652.00
49601.00
49591.00
49635.00
49672.00
49631.00
49575.00
49598.00
49633.00
49658.00
49643.00
49598.00
49598.00
49639.00
49674.00
49661.00
49596.00
49593.00
49643.00
49673.00
49651.00
49612.00
49598.00
49625.00
49676.00
49659.00
49614.00
49587.00
49623.00
49671.00
49671.00
49603.00
49594.00
49627.00
49670.00
49661.00
49625.00
49581.00
49606.00
49667.00
49669.00
49627.00
49600.00
49615.00
49669.00
49669.00
49621.00
49600.00
49608.00
49674.00
49681.00
49618.00
49594.00
49618.00
49669.00
49687.00
49640.00
49594.00
49612.00
49665.00
49678.00
49642.00
49591.00
49590.00
49653.00
49677.00
49632.00
49592.00
49606.00
49658.00
49689.00
49641.00
49592.00
49607.00
49643.00
49666.00
49643.00
49594.00
49594.00
49653.00
49676.00
49655.00
49601.00
49589.00
49629.00
49669.00
49664.00
49599.00
49587.00
49628.00
49674.00
49650.00
49607.00
49595.00
49636.00
49695.00
49663.00
49621.00
49598.00
49641.00
49687.00
49669.00
49616.00
49616.00
49626.00
49683.00
49671.00
49621.00
49589.00
49630.00
49697.00
49671.00
49632.00
49600.00
49628.00
49680.00
49684.00
49642.00
49591.00
49620.00
49669.00
49680.00
49637.00
49601.00
49620.00
49678.00
49679.00
49639.00
49600.00
49603.00
49684.00
49680.00
49648.00
49611.00
49614.00
49663.00
49695.00
49648.00
49601.00
49604.00
49664.00
49678.00
49655.00
49613.00
49616.00
49659.00
49694.00
49665.00
49605.00
49616.00
49666.00
49697.00
49648.00
49613.00
49609.00
49649.00
49702.00
49672.00
49618.00
49615.00
49648.00
49691.00
49660.00
49621.00
49611.00
49670.00
49690.00
49672.00
49625.00
49602.00
49631.00
49694.00
49679.00
49632.00
49608.00
49649.00
49705.00
49680.00
49639.00
49614.00
49633.00
49698.00
49681.00
49636.00
49604.00
49619.00
49669.00
49678.00
49623.00
49599.00
49623.00
49667.00
49683.00
49630.00
49604.00
49620.00
49682.00
49682.00
49630.00
49611.00
49616.00
49672.00
49686.00
49646.00
49587.00
49605.00
49664.00
49685.00
49647.00
49617.00
49640.00
49709.00
49760.00
49754.00
49739.00
49752.00
49838.00
49874.00
49844.00
49817.00
49819.00
49869.00
49907.00
49884.00
49847.00
49847.00
49885.00
49936.00
49937.00
49876.00
49907.00
49937.00
49984.00
49992.00
49997.00
50035.00
50094.00
50166.00
50150.00
50122.00
50070.00
50095.00
50120.00
50085.00
50042.00
49967.00
49981.00
50004.00
49988.00
49909.00
49852.00
49856.00
49888.00
49869.00
49811.00
49772.00
49779.00
49807.00
49803.00
49747.00
49710.00
49721.00
49762.00
49740.00
49693.00
49656.00
49671.00
49695.00
49702.00
49661.00
49619.00
49603.00
49658.00
49670.00
49638.00
49601.00
49605.00
49647.00
49652.00
49621.00
49594.00
49582.00
49616.00
49617.00
49595.00
49540.00
49558.00
49603.00
49612.00
49599.00
49541.00
49536.00
49572.00
49622.00
49591.00
49544.00
49547.00
49586.00
49615.00
49607.00
49562.00
49546.00
49587.00
49624.00
49617.00
49570.00
49570.00
49594.00
49632.00
49619.00
49583.00
49564.00
49594.00
49641.00
49613.00
49593.00
49555.00
49599.00
49646.00
49641.00
49600.00
49574.00
49592.00
49644.00
49634.00
49595.00
49574.00
49595.00
49634.00
49639.00
49614.00
49585.00
49594.00
49633.00
49641.00
49616.00
49587.00
49602.00
49643.00
49658.00
49607.00
49580.00
49603.00
49636.00
49655.00
49633.00
49579.00
49600.00
49649.00
49660.00
49629.00
49597.00
49596.00
49622.00
49648.00
49620.00
49600.00
49578.00
49634.00
49651.00
49644.00
49592.00
49590.00
49637.00
49675.00
49658.00
49626.00
49617.00
49659.00
49696.00
49691.00
49655.00
49634.00
49671.00
49710.00
49703.00
49669.00
49641.00
49684.00
49716.00
49689.00
49644.00
49613.00
49644.00
49694.00
49682.00
49655.00
49622.00
49640.00
49677.00
49670.00
49635.00
49608.00
49631.00
49689.00
49679.00
49624.00
49612.00
49613.00
49669.00
49672.00
49626.00
49609.00
49605.00
49655.00
49651.00
49606.00
49588.00
49576.00
49602.00
49592.00
49551.00
49502.00
49501.00
49528.00
49545.00
49495.00
49476.00
49474.00
49524.00
49552.00
49506.00
49467.00
49465.00
49509.00
49536.00
49513.00
49471.00
49452.00
49484.00
49521.00
49496.00
49438.00
49434.00
49467.00
49501.00
49494.00
49440.00
49423.00
49451.00
49497.00
49481.00
49454.00
49442.00
49478.00
49517.00
49493.00
49472.00
49444.00
49465.00
49503.00
49489.00
49447.00
49437.00
49447.00
49506.00
49491.00
49451.00
49432.00
49450.00
49511.00
49512.00
49479.00
49449.00
49468.00
49511.00
49510.00
49478.00
49447.00
49459.00
49503.00
49513.00
49474.00
49451.00
49466.00
49515.00
49522.00
49500.00
49457.00
49476.00
49518.00
49531.00
49500.00
49483.00
49487.00
49529.00
49559.00
49533.00
49480.00
49470.00
49523.00
49542.00
49536.00
49495.00
49466.00
49514.00
49544.00
49515.00
49491.00
49474.00
49514.00
49554.00
49532.00
49492.00
49476.00
49519.00
49556.00
49529.00
49491.00
49483.00
49497.00
49548.00
49530.00
49473.00
49466.00
49487.00
49523.00
49521.00
49473.00
49459.00
49475.00
49519.00
49517.00
49473.00
49443.00
49451.00
49509.00
49497.00
49463.00
49442.00
49437.00
49490.00
49483.00
49451.00
49417.00
49418.00
49480.00
49478.00
49449.00
49421.00
49430.00
49474.00
49489.00
49483.00
49434.00
49455.00
49490.00
49523.00
49481.00
49451.00
49451.00
49477.00
49508.00
49468.00
49449.00
49431.00
49467.00
49502.00
49475.00
49434.00
49421.00
49455.00
49492.00
49472.00
49430.00
49422.00
49452.00
49491.00
49475.00
49434.00
49412.00
49446.00
49497.00
49473.00
49436.00
49420.00
49437.00
49485.00
49477.00
49430.00
49409.00
49433.00
49488.00
49465.00
49434.00
49403.00
49442.00
49477.00
49476.00
49459.00
49427.00
49435.00
49501.00
49501.00
49468.00
49427.00
49420.00
49468.00
49507.00
49461.00
49439.00
49460.00
49496.00
49519.00
49499.00
49462.00
49463.00
49518.00
49549.00
49516.00
49497.00
49483.00
49534.00
49558.00
49542.00
49509.00
49509.00
49561.00
49581.00
49553.00
49516.00
49513.00
49548.00
49584.00
49570.00
49520.00
49513.00
49538.00
49591.00
49557.00
49516.00
49501.00
49549.00
49570.00
49553.00
49518.00
49490.00
49518.00
49548.00
49546.00
49506.00
49483.00
49509.00
49552.00
49546.00
49493.00
49478.00
49498.00
49537.00
49529.00
49493.00
49471.00
49492.00
49545.00
49524.00
49495.00
49478.00
49494.00
49548.00
49538.00
49517.00
49479.00
49489.00
49531.00
49530.00
49478.00
49475.00
49476.00
49523.00
49533.00
49499.00
49467.00
49454.00
49500.00
49521.00
49492.00
49464.00
49446.00
49506.00
49510.00
49485.00
49440.00
49435.00
49478.00
49513.00
49491.00
49444.00
49455.00
49487.00
49513.00
49498.00
49451.00
49442.00
49488.00
49513.00
49491.00
49458.00
49430.00
49465.00
49499.00
49483.00
49437.00
49424.00
49451.00
49482.00
49481.00
49436.00
49410.00
49446.00
49491.00
49471.00
49424.00
49404.00
49434.00
49467.00
49459.00
49403.00
49373.00
49384.00
49433.00
49403.00
49354.00
49318.00
49313.00
49333.00
49321.00
49282.00
49212.00
49215.00
49234.00
49205.00
49139.00
49084.00
49085.00
49088.00
49057.00
48987.00
48932.00
48908.00
48919.00
48896.00
48844.00
48758.00
48726.00
48727.00
48715.00
48655.00
48582.00
48559.00
48552.00
48561.00
48502.00
48429.00
48399.00
48406.00
48402.00
48347.00
48291.00
48231.00
48271.00
48282.00
48239.00
48171.00
48145.00
48163.00
48196.00
48158.00
48084.00
48064.00
48089.00
48125.00
48065.00
47996.00
47966.00
47995.00
48038.00
48014.00
47956.00
47911.00
47941.00
47985.00
47958.00
47893.00
47852.00
47869.00
47923.00
47919.00
47856.00
47828.00
47836.00
47879.00
47881.00
47828.00
47793.00
47793.00
47837.00
47836.00
47792.00
47742.00
47762.00
47810.00
47814.00
47770.00
47725.00
47734.00
47785.00
47802.00
47763.00
47737.00
47740.00
47789.00
47804.00
47776.00
47720.00
47735.00
47758.00
47786.00
47765.00
47727.00
47708.00
47745.00
47781.00
47743.00
47692.00
47697.00
47734.00
47778.00
47747.00
47713.00
47687.00
47718.00
47773.00
47758.00
47712.00
47695.00
47728.00
47771.00
47763.00
47719.00
47703.00
47735.00
47775.00
47775.00
47726.00
47702.00
47726.00
47778.00
47769.00
47725.00
47717.00
47720.00
47770.00
47764.00
47720.00
47684.00
47700.00
47753.00
47761.00
47729.00
47679.00
47707.00
47756.00
47771.00
47749.00
47696.00
47714.00
47753.00
47774.00
47735.00
47699.00
47703.00
47755.00
47779.00
47735.00
47704.00
47696.00
47737.00
47772.00
47741.00
47706.00
47690.00
47726.00
47765.00
47762.00
47711.00
47698.00
47742.00
47770.00
47741.00
47703.00
47687.00
47722.00
47779.00
47736.00
47711.00
47702.00
47711.00
47770.00
47753.00
47712.00
47698.00
47721.00
47773.00
47747.00
47712.00
47698.00
47722.00
47759.00
47748.00
47701.00
47675.00
47702.00
47775.00
47752.00
47712.00
47670.00
47696.00
47761.00
47759.00
47720.00
47686.00
47716.00
47766.00
47769.00
47722.00
47687.00
47703.00
47763.00
47782.00
47732.00
47691.00
47709.00
47745.00
47765.00
47737.00
47690.00
47700.00
47748.00
47768.00
47736.00
47693.00
47704.00
47741.00
47772.00
47744.00
47706.00
47694.00
47729.00
47765.00
47739.00
47707.00
47691.00
47739.00
47780.00
47765.00
47696.00
47697.00
47741.00
47783.00
47768.00
47712.00
47700.00
47754.00
47790.00
47773.00
47716.00
47713.00
47742.00
47803.00
47803.00
47722.00
47720.00
47749.00
47789.00
47784.00
47729.00
47725.00
47741.00
47799.00
47793.00
47740.00
47719.00
47742.00
47796.00
47786.00
47744.00
47720.00
47750.00
47797.00
47802.00
47758.00
47718.00
47746.00
47783.00
47816.00
47767.00
47730.00
47745.00
47792.00
47811.00
47753.00
47726.00
47726.00
47801.00
47804.00
47788.00
47744.00
47755.00
47803.00
47809.00
47792.00
47734.00
47725.00
47779.00
47834.00
47809.00
47763.00
47746.00
47783.00
47816.00
47810.00
47748.00
47749.00
47783.00
47816.00
47790.00
47758.00
47734.00
47784.00
47834.00
47825.00
47773.00
47752.00
47772.00
47825.00
47805.00
47764.00
47726.00
47770.00
47813.00
47820.00
47766.00
47731.00
47765.00
47814.00
47821.00
47771.00
47742.00
47765.00
47820.00
47819.00
47768.00
47745.00
47747.00
47826.00
47813.00
47773.00
47752.00
47771.00
47821.00
47842.00
47796.00
47747.00
47766.00
47810.00
47817.00
47790.00
47742.00
47746.00
47788.00
47822.00
47788.00
47747.00
47744.00
47783.00
47823.00
47798.00
47746.00
47744.00
47779.00
47823.00
47809.00
47748.00
47748.00
47768.00
47817.00
47782.00
47761.00
47746.00
47772.00
47822.00
47795.00
47749.00
47748.00
47775.00
47807.00
47806.00
47747.00
47730.00
47771.00
47839.00
47821.00
47769.00
47755.00
47780.00
47831.00
47827.00
47782.00
47755.00
47773.00
47843.00
47837.00
47806.00
47770.00
47793.00
47843.00
47841.00
47805.00
47767.00
47782.00
47830.00
47846.00
47822.00
47770.00
47790.00
47834.00
47865.00
47811.00
47765.00
47796.00
47836.00
47880.00
47824.00
47793.00
47787.00
47819.00
47856.00
47823.00
47791.00
47794.00
47831.00
47852.00
47834.00
47785.00
47805.00
47834.00
47860.00
47830.00
47785.00
47783.00
47827.00
47864.00
47848.00
47784.00
47758.00
47816.00
47855.00
47853.00
47787.00
47780.00
47811.00
47853.00
47853.00
47808.00
47775.00
47808.00
47848.00
47851.00
47796.00
47763.00
47804.00
47850.00
47839.00
47804.00
47763.00
47786.00
47841.00
47853.00
47798.00
47765.00
47778.00
47831.00
47843.00
47794.00
47754.00
47774.00
47824.00
47829.00
47802.00
47773.00
47765.00
47836.00
47835.00
47812.00
47760.00
47772.00
47823.00
47837.00
47811.00
47763.00
47746.00
47805.00
47840.00
47812.00
47758.00
47761.00
47812.00
47834.00
47809.00
47757.00
47738.00
47779.00
47813.00
47772.00
47716.00
47704.00
47736.00
47768.00
47718.00
47621.00
47588.00
47580.00
47582.00
47523.00
47433.00
47380.00
47365.00
47354.00
47299.00
47174.00
47113.00
47097.00
47074.00
47029.00
46905.00
46816.00
46792.00
46756.00
46673.00
46574.00
46473.00
46429.00
46398.00
46293.00
46215.00
46108.00
46043.00
46020.00
45978.00
45881.00
45791.00
45755.00
45770.00
45729.00
45661.00
45597.00
45562.00
45583.00
45573.00
45524.00
45457.00
45456.00
45488.00
45501.00
45454.00
45396.00
45393.00
45433.00
45447.00
45400.00
45369.00
45366.00
45399.00
45411.00
45380.00
45340.00
45343.00
45376.00
45415.00
45406.00
45361.00
45341.00
45375.00
45437.00
45393.00
45353.00
45345.00
45394.00
45428.00
45426.00
45361.00
45366.00
45384.00
45431.00
45418.00
45352.00
45365.00
45381.00
45441.00
45435.00
45351.00
45362.00
45380.00
45427.00
45413.00
45371.00
45333.00
45356.00
45407.00
45406.00
45362.00
45333.00
45345.00
45412.00
45391.00
45375.00
45332.00
45363.00
45401.00
45399.00
45354.00
45347.00
45342.00
45392.00
45415.00
45367.00
45314.00
45336.00
45392.00
45385.00
45360.00
45321.00
45341.00
45378.00
45401.00
45366.00
45325.00
45331.00
45375.00
45401.00
45365.00
45331.00
45331.00
45374.00
45405.00
45365.00
45324.00
45345.00
45368.00
45393.00
45375.00
45296.00
45318.00
45361.00
45408.00
45369.00
45340.00
45340.00
45386.00
45413.00
45366.00
45360.00
45343.00
45362.00
45394.00
45404.00
45345.00
45327.00
45382.00
45404.00
45380.00
45346.00
45316.00
45359.00
45407.00
45388.00
45349.00
45327.00
45361.00
45404.00
45392.00
45340.00
45328.00
45351.00
45392.00
45380.00
45345.00
45320.00
45324.00
45387.00
45386.00
45351.00
45311.00
45332.00
45385.00
45380.00
45346.00
45301.00
45318.00
45381.00
45388.00
45353.00
45309.00
45325.00
45357.00
45391.00
45350.00
45301.00
45329.00
45356.00
45385.00
45349.00
45314.00
45310.00
45366.00
45385.00
45349.00
45305.00
45305.00
45347.00
45375.00
45350.00
45312.00
45298.00
45330.00
45379.00
45362.00
45307.00
45306.00
45331.00
45374.00
45364.00
45302.00
45298.00
45346.00
45382.00
45365.00
45322.00
45322.00
45325.00
45371.00
45347.00
45311.00
45295.00
45329.00
45370.00
45359.00
45318.00
45296.00
45307.00
45365.00
45360.00
45331.00
45305.00
45316.00
45353.00
45367.00
45323.00
45300.00
45316.00
45357.00
45362.00
45319.00
45302.00
45312.00
45355.00
45373.00
45323.00
45277.00
45295.00
45356.00
45364.00
45337.00
45293.00
45294.00
45365.00
45373.00
45328.00
45305.00
45292.00
45352.00
45367.00
45337.00
45289.00
45293.00
45335.00
45353.00
45334.00
45293.00
45289.00
45333.00
45372.00
45344.00
45306.00
45298.00
45337.00
45381.00
45356.00
45299.00
45299.00
45322.00
45365.00
45332.00
45301.00
45294.00
45315.00
45372.00
45349.00
45285.00
45281.00
45324.00
45388.00
45324.00
45283.00
45284.00
45302.00
45366.00
45339.00
45308.00
45291.00
45317.00
45353.00
45346.00
45312.00
45274.00
45304.00
45365.00
45363.00
45295.00
45295.00
45305.00
45368.00
45357.00
45305.00
45299.00
45314.00
45355.00
45354.00
45312.00
45280.00
45315.00
45365.00
45366.00
45332.00
45285.00
45319.00
45365.00
45362.00
45328.00
45292.00
45299.00
45362.00
45368.00
45326.00
45293.00
45292.00
45354.00
45362.00
45321.00
45301.00
45303.00
45334.00
45367.00
45325.00
45297.00
45287.00
45324.00
45356.00
45333.00
45298.00
45291.00
45319.00
45357.00
45326.00
45279.00
45296.00
45311.00
45359.00
45338.00
45279.00
45290.00
45329.00
45365.00
45346.00
45284.00
45259.00
45292.00
45339.00
45327.00
45279.00
45261.00
45295.00
45338.00
45319.00
45268.00
45263.00
45277.00
45329.00
45327.00
45295.00
45265.00
45296.00
45348.00
45332.00
45307.00
45243.00
45266.00
45311.00
45309.00
45280.00
45247.00
45280.00
45322.00
45321.00
45293.00
45268.00
45277.00
45320.00
45327.00
45297.00
45258.00
45277.00
45328.00
45333.00
45306.00
45269.00
45288.00
45323.00
45330.00
45296.00
45263.00
45269.00
45318.00
45340.00
45306.00
45298.00
45267.00
45312.00
45338.00
45298.00
45263.00
45264.00
45309.00
45320.00
45300.00
45244.00
45250.00
45304.00
45337.00
45286.00
45269.00
45251.00
45291.00
45329.00
45310.00
45253.00
45247.00
45280.00
45345.00
45319.00
45273.00
45263.00
45281.00
45320.00
45316.00
45288.00
45276.00
45299.00
45342.00
45331.00
45295.00
45270.00
45299.00
45340.00
45351.00
45271.00
45274.00
45294.00
45342.00
45326.00
45281.00
45267.00
45297.00
45350.00
45339.00
45290.00
45259.00
45252.00
45340.00
45358.00
45314.00
45282.00
45306.00
45344.00
45341.00
45293.00
45269.00
45266.00
45323.00
45324.00
45287.00
45253.00
45255.00
45325.00
45322.00
45288.00
45257.00
45248.00
45295.00
45319.00
45276.00
45226.00
45227.00
45259.00
45268.00
45209.00
45137.00
45106.00
45097.00
45088.00
45004.00
44919.00
44881.00
44879.00
44887.00
44834.00
44756.00
44715.00
44719.00
44738.00
44666.00
44589.00
44570.00
44572.00
44595.00
44536.00
44467.00
44451.00
44450.00
44495.00
44474.00
44428.00
44399.00
44434.00
44463.00
44444.00
44383.00
44330.00
44363.00
44402.00
44383.00
44339.00
44316.00
44329.00
44370.00
44337.00
44284.00
44254.00
44277.00
44334.00
44313.00
44256.00
44222.00
44243.00
44282.00
44298.00
44254.00
44219.00
44238.00
44299.00
44290.00
44258.00
44231.00
44259.00
44299.00
44326.00
44294.00
44234.00
44235.00
44311.00
44326.00
44277.00
44242.00
44241.00
44292.00
44302.00
44255.00
44222.00
44222.00
44255.00
44274.00
44233.00
44177.00
44190.00
44234.00
44265.00
44223.00
44180.00
44175.00
44227.00
44238.00
44218.00
44185.00
44169.00
44217.00
44247.00
44233.00
44159.00
44152.00
44181.00
44224.00
44212.00
44167.00
44148.00
44192.00
44238.00
44198.00
44160.00
44140.00
44186.00
44241.00
44245.00
44200.00
44181.00
44227.00
44267.00
44261.00
44202.00
44196.00
44230.00
44284.00
44286.00
44240.00
44228.00
44243.00
44296.00
44291.00
44254.00
44214.00
44241.00
44321.00
44307.00
44261.00
44223.00
44262.00
44314.00
44333.00
44293.00
44257.00
44280.00
44331.00
44353.00
44323.00
44242.00
44268.00
44329.00
44346.00
44309.00
44259.00
44280.00
44314.00
44361.00
44320.00
44270.00
44295.00
44358.00
44377.00
44343.00
44281.00
44284.00
44336.00
44363.00
44321.00
44268.00
44271.00
44327.00
44343.00
44324.00
44262.00
44250.00
44302.00
44335.00
44298.00
44253.00
44242.00
44275.00
44321.00
44304.00
44234.00
44233.00
44229.00
44295.00
44281.00
44235.00
44200.00
44230.00
44286.00
44262.00
44213.00
44176.00
44222.00
44280.00
44262.00
44202.00
44195.00
44220.00
44253.00
44258.00
44205.00
44185.00
44211.00
44275.00
44271.00
44215.00
44176.00
44203.00
44257.00
44266.00
44219.00
44167.00
44205.00
44242.00
44245.00
44210.00
44177.00
44185.00
44230.00
44260.00
44200.00
44172.00
44184.00
44233.00
44249.00
44211.00
44160.00
44178.00
44226.00
44248.00
44212.00
44162.00
44175.00
44229.00
44250.00
44228.00
44171.00
44156.00
44204.00
44237.00
44215.00
44170.00
44190.00
44223.00
44258.00
44206.00
44180.00
44185.00
44206.00
44231.00
44208.00
44169.00
44142.00
44193.00
44257.00
44226.00
44183.00
44155.00
44205.00
44248.00
44242.00
44171.00
44163.00
44171.00
44255.00
44242.00
44184.00
44162.00
44191.00
44248.00
44223.00
44186.00
44157.00
44191.00
44230.00
44235.00
44188.00
44148.00
44173.00
44213.00
44225.00
44180.00
44142.00
44181.00
44222.00
44221.00
44158.00
44135.00
44165.00
44209.00
44219.00
44176.00
44109.00
44156.00
44201.00
44219.00
44192.00
44124.00
44150.00
44205.00
44216.00
44187.00
44137.00
44144.00
44186.00
44236.00
44206.00
44162.00
44164.00
44204.00
44235.00
44194.00
44154.00
44153.00
44183.00
44225.00
44186.00
44128.00
44136.00
44174.00
44222.00
44194.00
44161.00
44135.00
44181.00
44211.00
44206.00
44169.00
44139.00
44190.00
44235.00
44197.00
44141.00
44123.00
44156.00
44212.00
44177.00
44140.00
44130.00
44157.00
44200.00
44197.00
44154.00
44112.00
44144.00
44183.00
44179.00
44139.00
44096.00
44135.00
44178.00
44168.00
44142.00
44100.00
44115.00
44186.00
44175.00
44136.00
44106.00
44124.00
44191.00
44189.00
44146.00
44098.00
44130.00
44170.00
44182.00
44140.00
44106.00
44119.00
44170.00
44210.00
44153.00
44110.00
44123.00
44172.00
44187.00
44157.00
44098.00
44127.00
44158.00
44186.00
44163.00
44102.00
44113.00
44168.00
44198.00
44160.00
44111.00
44113.00
44148.00
44192.00
44163.00
44119.00
44111.00
44165.00
44172.00
44167.00
44104.00
44091.00
44157.00
44202.00
44178.00
44094.00
44082.00
44131.00
44178.00
44154.00
44111.00
44103.00
44136.00
44195.00
44183.00
44120.00
44109.00
44129.00
44194.00
44173.00
44158.00
44099.00
44137.00
44192.00
44185.00
44140.00
