44170.00
44148.00
44161.00
44237.00
44227.00
44172.00
44147.00
44169.00
44214.00
44217.00
44165.00
44145.00
44153.00
44221.00
44237.00
44181.00
44141.00
44149.00
44201.00
44220.00
44180.00
44127.00
44145.00
44196.00
44217.00
44183.00
44149.00
44167.00
44211.00
44219.00
44206.00
44152.00
44152.00
44199.00
44222.00
44192.00
44139.00
44147.00
44197.00
44223.00
44196.00
44146.00
44143.00
44187.00
44240.00
44186.00
44151.00
44154.00
44200.00
44221.00
44198.00
44163.00
44160.00
44193.00
44229.00
44208.00
44157.00
44156.00
44187.00
44213.00
44196.00
44153.00
44159.00
44181.00
44227.00
44197.00
44148.00
44140.00
44192.00
44239.00
44198.00
44171.00
44139.00
44173.00
44231.00
44204.00
44166.00
44138.00
44174.00
44230.00
44212.00
44175.00
44151.00
44185.00
44220.00
44226.00
44172.00
44144.00
44171.00
44227.00
44228.00
44195.00
44162.00
44204.00
44265.00
44260.00
44212.00
44189.00
44225.00
44288.00
44287.00
44271.00
44241.00
44281.00
44357.00
44383.00
44330.00
44324.00
44349.00
44419.00
44460.00
44422.00
44436.00
44463.00
44552.00
44571.00
44560.00
44524.00
44584.00
44659.00
44676.00
44636.00
44629.00
44661.00
44719.00
44757.00
44712.00
44684.00
44692.00
44757.00
44793.00
44761.00
44734.00
44759.00
44822.00
44867.00
44831.00
44832.00
44851.00
44908.00
44933.00
44915.00
44876.00
44892.00
44948.00
44989.00
45001.00
44978.00
44963.00
44993.00
45039.00
44989.00
44940.00
44939.00
44957.00
44977.00
44950.00
44907.00
44897.00
44937.00
44988.00
44943.00
44890.00
44862.00
44897.00
44921.00
44900.00
44848.00
44825.00
44863.00
44904.00
44884.00
44836.00
44824.00
44850.00
44909.00
44871.00
44847.00
44808.00
44841.00
44893.00
44873.00
44826.00
44813.00
44811.00
44877.00
44877.00
44815.00
44794.00
44814.00
44857.00
44830.00
44792.00
44747.00
44766.00
44791.00
44796.00
44741.00
44686.00
44705.00
44756.00
44753.00
44724.00
44685.00
44706.00
44767.00
44746.00
44718.00
44676.00
44698.00
44755.00
44736.00
44707.00
44674.00
44679.00
44731.00
44726.00
44671.00
44637.00
44650.00
44705.00
44698.00
44666.00
44631.00
44644.00
44679.00
44685.00
44661.00
44611.00
44622.00
44668.00
44679.00
44642.00
44609.00
44626.00
44658.00
44682.00
44634.00
44585.00
44620.00
44656.00
44679.00
44639.00
44594.00
44584.00
44632.00
44655.00
44612.00
44561.00
44555.00
44591.00
44612.00
44570.00
44536.00
44522.00
44566.00
44585.00
44545.00
44501.00
44491.00
44532.00
44560.00
44524.00
44476.00
44477.00
44521.00
44549.00
44511.00
44457.00
44446.00
44488.00
44561.00
44549.00
44516.00
44543.00
44587.00
44655.00
44654.00
44659.00
44678.00
44754.00
44843.00
44883.00
44896.00
44945.00
45037.00
45169.00
45238.00
45292.00
45367.00
45498.00
45670.00
45767.00
45851.00
45978.00
46182.00
46385.00
46569.00
46680.00
46825.00
47004.00
47221.00
47362.00
47479.00
47599.00
47737.00
47890.00
47979.00
48051.00
48153.00
48246.00
48406.00
48476.00
48489.00
48523.00
48608.00
48720.00
48761.00
48779.00
48833.00
48898.00
49014.00
49052.00
49046.00
49054.00
49114.00
49207.00
49243.00
49230.00
49226.00
49282.00
49391.00
49442.00
49433.00
49399.00
49426.00
49466.00
49472.00
49402.00
49336.00
49304.00
49332.00
49332.00
49269.00
49229.00
49223.00
49265.00
49281.00
49241.00
49185.00
49166.00
49204.00
49209.00
49140.00
49061.00
49021.00
49048.00
49058.00
49028.00
48934.00
48905.00
48920.00
48900.00
48843.00
48771.00
48710.00
48696.00
48657.00
48582.00
48491.00
48440.00
48416.00
48352.00
48259.00
48151.00
48066.00
48035.00
47961.00
47797.00
47647.00
47529.00
47487.00
47392.00
47208.00
47009.00
46876.00
46805.00
46733.00
46587.00
46382.00
46222.00
46146.00
46071.00
45916.00
45772.00
45619.00
45528.00
45461.00
45376.00
45234.00
45142.00
45096.00
45078.00
44992.00
44868.00
44780.00
44771.00
44760.00
44693.00
44593.00
44525.00
44522.00
44535.00
44512.00
44473.00
44433.00
44450.00
44451.00
44462.00
44397.00
44363.00
44383.00
44430.00
44408.00
44382.00
44342.00
44382.00
44426.00
44435.00
44405.00
44344.00
44351.00
44371.00
44352.00
44289.00
44222.00
44224.00
44266.00
44283.00
44243.00
44214.00
44263.00
44372.00
44426.00
44450.00
44506.00
44586.00
44727.00
44873.00
44951.00
45076.00
45242.00
45451.00
45671.00
45854.00
46033.00
46305.00
46604.00
46896.00
47111.00
47282.00
47473.00
47697.00
47846.00
47951.00
48047.00
48219.00
48395.00
48529.00
48620.00
48667.00
48779.00
48906.00
49012.00
49015.00
49029.00
49088.00
49206.00
49277.00
49291.00
49283.00
49303.00
49368.00
49423.00
49404.00
49408.00
49453.00
49510.00
49556.00
49541.00
49508.00
49502.00
49553.00
49593.00
49562.00
49488.00
49478.00
49500.00
49504.00
49473.00
49430.00
49398.00
49439.00
49464.00
49456.00
49386.00
49372.00
49386.00
49444.00
49406.00
49329.00
49292.00
49296.00
49313.00
49278.00
49223.00
49168.00
49174.00
49179.00
49150.00
49064.00
49019.00
48999.00
49004.00
48950.00
48860.00
48805.00
48779.00
48771.00
48700.00
48576.00
48483.00
48438.00
48406.00
48285.00
48123.00
47968.00
47881.00
47828.00
47708.00
47537.00
47358.00
47248.00
47150.00
47006.00
46798.00
46593.00
46468.00
46348.00
46183.00
45980.00
45863.00
45752.00
45688.00
45561.00
45399.00
45293.00
45192.00
45154.00
45068.00
44960.00
44864.00
44818.00
44785.00
44750.00
44649.00
44571.00
44550.00
44560.00
44546.00
44479.00
44428.00
44417.00
44457.00
44462.00
44430.00
44372.00
44364.00
44397.00
44400.00
44371.00
44329.00
44344.00
44370.00
44390.00
44363.00
44305.00
44309.00
44350.00
44369.00
44347.00
44314.00
44341.00
44389.00
44446.00
44466.00
44474.00
44529.00
44632.00
44751.00
44797.00
44855.00
44974.00
45166.00
45363.00
45528.00
45718.00
45960.00
46301.00
46631.00
46915.00
47192.00
47501.00
47773.00
48025.00
48183.00
48290.00
48406.00
48595.00
48749.00
48821.00
48850.00
48916.00
49045.00
49208.00
49261.00
49291.00
49347.00
49461.00
49567.00
49596.00
49587.00
49605.00
49635.00
49711.00
49740.00
49724.00
49704.00
49759.00
49783.00
49743.00
49648.00
49582.00
49561.00
49581.00
49517.00
49430.00
49374.00
49375.00
49435.00
49415.00
49371.00
49321.00
49340.00
49380.00
49387.00
49324.00
49300.00
49319.00
49354.00
49337.00
49298.00
49241.00
49259.00
49326.00
49276.00
49246.00
49200.00
49195.00
49256.00
49250.00
49214.00
49170.00
49168.00
49217.00
49197.00
49133.00
49080.00
49080.00
49088.00
49052.00
48998.00
48932.00
48887.00
48857.00
48787.00
48655.00
48559.00
48500.00
48469.00
48366.00
48237.00
48126.00
48039.00
48008.00
47910.00
47728.00
47556.00
47437.00
47334.00
47187.00
46960.00
46794.00
46666.00
46574.00
46436.00
46234.00
46052.00
45943.00
45878.00
45758.00
45565.00
45392.00
45301.00
45244.00
45165.00
45080.00
44963.00
44903.00
44891.00
44861.00
44795.00
44716.00
44663.00
44669.00
44670.00
44614.00
44551.00
44558.00
44546.00
44568.00
44555.00
44507.00
44493.00
44525.00
44546.00
44520.00
44458.00
44442.00
44494.00
44519.00
44475.00
44437.00
44407.00
44431.00
44484.00
44461.00
44409.00
44394.00
44418.00
44477.00
44446.00
44426.00
44414.00
44474.00
44537.00
44540.00
44539.00
44566.00
44648.00
44779.00
44844.00
44890.00
44978.00
45131.00
45328.00
45485.00
45637.00
45829.00
46108.00
46408.00
46658.00
46874.00
47116.00
47399.00
47668.00
47823.00
47905.00
47988.00
48123.00
48263.00
48364.00
48456.00
48565.00
48698.00
48854.00
48923.00
48934.00
48922.00
48971.00
49046.00
49076.00
49071.00
49099.00
49188.00
49328.00
49395.00
49396.00
49389.00
49430.00
49485.00
49464.00
49419.00
49347.00
49354.00
49383.00
49365.00
49276.00
49206.00
49183.00
49226.00
49223.00
49185.00
49119.00
49127.00
49183.00
49213.00
49163.00
49087.00
49105.00
49135.00
49122.00
49077.00
48977.00
48952.00
48970.00
48993.00
48957.00
48917.00
48923.00
48989.00
49038.00
49013.00
48959.00
48968.00
49013.00
49053.00
49006.00
48954.00
48896.00
48896.00
48890.00
48808.00
48696.00
48625.00
48577.00
48527.00
48448.00
48331.00
48252.00
48214.00
48144.00
48029.00
47872.00
47759.00
47673.00
47562.00
47383.00
47201.00
47046.00
46901.00
46791.00
46612.00
46397.00
46238.00
46097.00
45969.00
45778.00
45594.00
45487.00
45430.00
45361.00
45254.00
45097.00
45022.00
44976.00
44962.00
44893.00
44809.00
44742.00
44725.00
44734.00
44684.00
44608.00
44566.00
44556.00
44590.00
44557.00
44489.00
44458.00
44459.00
44485.00
44458.00
44421.00
44392.00
44387.00
44439.00
44424.00
44397.00
44357.00
44363.00
44414.00
44407.00
44362.00
44317.00
44334.00
44375.00
44379.00
44338.00
44315.00
44317.00
44378.00
44392.00
44353.00
44318.00
44355.00
44420.00
44449.00
44457.00
44452.00
44537.00
44625.00
44718.00
44766.00
44811.00
44942.00
45128.00
45302.00
45421.00
45580.00
45789.00
46077.00
46374.00
46610.00
46844.00
47108.00
47360.00
47544.00
47629.00
47704.00
47821.00
47980.00
48168.00
48255.00
48308.00
48414.00
48565.00
48678.00
48714.00
48727.00
48752.00
48840.00
48901.00
48956.00
48986.00
49017.00
49106.00
49168.00
49165.00
49143.00
49173.00
49227.00
49291.00
49295.00
49255.00
49256.00
49290.00
49331.00
49258.00
49201.00
49179.00
49201.00
49245.00
49233.00
49188.00
49183.00
49232.00
49301.00
49276.00
49221.00
49195.00
49218.00
49250.00
49218.00
49135.00
49084.00
49075.00
49078.00
49026.00
48948.00
48895.00
48914.00
48963.00
48930.00
48878.00
48821.00
48819.00
48834.00
48786.00
48702.00
48625.00
48586.00
48603.00
48542.00
48436.00
48392.00
48349.00
48360.00
48289.00
48191.00
48075.00
48017.00
47954.00
47840.00
47717.00
47610.00
47533.00
47440.00
47312.00
47147.00
46974.00
46864.00
46752.00
46603.00
46440.00
46289.00
46193.00
46124.00
45992.00
45834.00
45710.00
45612.00
45541.00
45456.00
45322.00
45211.00
45147.00
45142.00
45078.00
44964.00
44866.00
44817.00
44821.00
44791.00
44746.00
44673.00
44645.00
44655.00
44638.00
44584.00
44522.00
44498.00
44534.00
44532.00
44492.00
44452.00
44438.00
44475.00
44489.00
44437.00
44377.00
44370.00
44401.00
44441.00
44388.00
44345.00
44324.00
44359.00
44394.00
44351.00
44308.00
44292.00
44325.00
44349.00
44332.00
44268.00
44229.00
44257.00
44281.00
44267.00
44227.00
44243.00
44288.00
44336.00
44362.00
44363.00
44412.00
44509.00
44606.00
44675.00
44714.00
44827.00
44987.00
45191.00
45361.00
45517.00
45704.00
45976.00
46269.00
46517.00
46721.00
46935.00
47213.00
47457.00
47590.00
47654.00
47725.00
47879.00
48065.00
48193.00
48238.00
48318.00
48429.00
48598.00
48695.00
48739.00
48771.00
48847.00
48946.00
49008.00
49017.00
49035.00
49084.00
49147.00
49168.00
49158.00
49165.00
49205.00
49314.00
49325.00
49316.00
49298.00
49341.00
49382.00
49350.00
49265.00
49168.00
49149.00
49166.00
49185.00
49130.00
49078.00
49088.00
49133.00
49155.00
49110.00
49044.00
49033.00
49077.00
49080.00
49004.00
48929.00
48888.00
48906.00
48896.00
48860.00
48806.00
48802.00
48847.00
48863.00
48802.00
48739.00
48719.00
48730.00
48721.00
48653.00
48557.00
48499.00
48506.00
48474.00
48405.00
48289.00
48217.00
48175.00
48128.00
47993.00
47858.00
47774.00
47721.00
47630.00
47493.00
47304.00
47181.00
47106.00
47009.00
46857.00
46674.00
46526.00
46448.00
46376.00
46223.00
46029.00
45861.00
45785.00
45726.00
45611.00
45469.00
45366.00
45305.00
45262.00
45176.00
45069.00
44958.00
44932.00
44914.00
44873.00
44783.00
44691.00
44658.00
44659.00
44601.00
44527.00
44485.00
44488.00
44509.00
44492.00
44436.00
44406.00
44406.00
44456.00
44457.00
44438.00
44391.00
44401.00
44450.00
44469.00
44437.00
44406.00
44425.00
44450.00
44439.00
44381.00
44350.00
44350.00
44380.00
44385.00
44334.00
44285.00
44293.00
44328.00
44360.00
44322.00
44267.00
44256.00
44296.00
44279.00
44261.00
44207.00
44201.00
44251.00
44268.00
44256.00
44232.00
44264.00
44357.00
44439.00
44475.00
44478.00
44570.00
44699.00
44841.00
44908.00
45020.00
45163.00
45364.00
45560.00
45716.00
45880.00
46103.00
46356.00
46591.00
46801.00
46965.00
47189.00
47473.00
47719.00
47897.00
48050.00
48204.00
48361.00
48552.00
48652.00
48742.00
48839.00
48988.00
49130.00
49191.00
49213.00
49259.00
49335.00
49432.00
49450.00
49417.00
49409.00
49480.00
49580.00
49592.00
49573.00
49575.00
49623.00
49655.00
49617.00
49538.00
49462.00
49456.00
49424.00
49382.00
49297.00
49246.00
49236.00
49266.00
49246.00
49182.00
49133.00
49155.00
49196.00
49187.00
49133.00
49081.00
49079.00
49133.00
49115.00
49056.00
49016.00
49022.00
49056.00
49057.00
49014.00
48982.00
48967.00
48993.00
48965.00
48896.00
48825.00
48781.00
48779.00
48728.00
48612.00
48499.00
48429.00
48406.00
48313.00
48173.00
48061.00
47953.00
47863.00
47782.00
47648.00
47509.00
47413.00
47304.00
47154.00
46960.00
46721.00
46555.00
46424.00
46287.00
46078.00
45883.00
45718.00
45628.00
45542.00
45403.00
45268.00
45164.00
45117.00
45046.00
44972.00
44837.00
44801.00
44768.00
44753.00
44688.00
44584.00
44543.00
44534.00
44538.00
44485.00
44412.00
44378.00
44399.00
44410.00
44364.00
44307.00
44293.00
44332.00
44363.00
44347.00
44281.00
44261.00
44319.00
44357.00
44340.00
44306.00
44295.00
44331.00
44360.00
44352.00
44319.00
44319.00
44341.00
44400.00
44371.00
44318.00
44275.00
44281.00
44286.00
44256.00
44203.00
44156.00
44162.00
44180.00
44150.00
44095.00
44041.00
44080.00
44117.00
44127.00
44117.00
44127.00
44196.00
44302.00
44341.00
44396.00
44453.00
44561.00
44728.00
44875.00
45002.00
45149.00
45423.00
45689.00
45960.00
46207.00
46462.00
46798.00
47134.00
47442.00
47666.00
47815.00
47989.00
48192.00
48366.00
48451.00
48514.00
48617.00
48792.00
48895.00
48952.00
48990.00
49087.00
49201.00
49283.00
49293.00
49275.00
49314.00
49369.00
49415.00
49381.00
49339.00
49349.00
49459.00
49537.00
49514.00
49446.00
49402.00
49423.00
49433.00
49377.00
49328.00
49305.00
49338.00
49388.00
49355.00
49270.00
49232.00
49253.00
49261.00
49211.00
49164.00
49145.00
49174.00
49219.00
49161.00
49124.00
49094.00
49108.00
49127.00
49061.00
48965.00
48941.00
48956.00
49013.00
48991.00
48950.00
48940.00
48963.00
49005.00
48978.00
48911.00
48872.00
48872.00
48875.00
48811.00
48709.00
48637.00
48600.00
48622.00
48589.00
48488.00
48352.00
48258.00
48152.00
48024.00
47872.00
47690.00
47530.00
47379.00
47165.00
46902.00
46679.00
46477.00
46300.00
46106.00
45888.00
45713.00
45574.00
45469.00
45331.00
45183.00
45049.00
44985.00
44959.00
44877.00
44754.00
44652.00
44629.00
44641.00
44594.00
44528.00
44442.00
44421.00
44443.00
44426.00
44398.00
44340.00
44358.00
44389.00
44392.00
44350.00
44315.00
44318.00
44373.00
44408.00
44387.00
44357.00
44378.00
44410.00
44423.00
44400.00
44369.00
44364.00
44397.00
44412.00
44356.00
44308.00
44292.00
44300.00
44302.00
44243.00
44183.00
44145.00
44180.00
44207.00
44154.00
44081.00
44085.00
44119.00
44170.00
44164.00
44141.00
44162.00
44247.00
44317.00
44370.00
44384.00
44469.00
44608.00
44765.00
44878.00
45015.00
45201.00
45476.00
45743.00
45984.00
46209.00
46503.00
46825.00
47129.00
47392.00
47642.00
47862.00
48092.00
48310.00
48465.00
48565.00
48681.00
48840.00
49022.00
49118.00
49163.00
49215.00
49310.00
49409.00
49428.00
49435.00
49455.00
49514.00
49588.00
49591.00
49593.00
49607.00
49666.00
49729.00
49719.00
49672.00
49629.00
49614.00
49655.00
49608.00
49525.00
49443.00
49443.00
49482.00
49492.00
49451.00
49416.00
49431.00
49468.00
49433.00
49385.00
49344.00
49351.00
49429.00
49420.00
49381.00
49302.00
49312.00
49374.00
49375.00
49329.00
49296.00
49290.00
49307.00
49288.00
49206.00
49121.00
49098.00
49115.00
49106.00
49043.00
48984.00
48989.00
49017.00
48993.00
48934.00
48864.00
48827.00
48788.00
48731.00
48627.00
48484.00
48375.00
48288.00
48163.00
47979.00
47822.00
47702.00
47564.00
47378.00
47150.00
46906.00
46762.00
46618.00
46435.00
46210.00
45968.00
45837.00
45722.00
45594.00
45441.00
45286.00
45172.00
45098.00
45035.00
44927.00
44799.00
44718.00
44698.00
44703.00
44649.00
44573.00
44531.00
44536.00
44576.00
44550.00
44501.00
44469.00
44505.00
44547.00
44517.00
44486.00
44462.00
44492.00
44534.00
44508.00
44473.00
44454.00
44472.00
44538.00
44496.00
44455.00
44406.00
44426.00
44474.00
44450.00
44400.00
44327.00
44314.00
44349.00
44333.00
44252.00
44201.00
44204.00
44247.00
44250.00
44221.00
44197.00
44225.00
44270.00
44305.00
44275.00
44285.00
44363.00
44458.00
44521.00
44595.00
44656.00
44785.00
44977.00
45156.00
45323.00
45495.00
45775.00
46120.00
46416.00
46668.00
46908.00
47180.00
47477.00
47745.00
47883.00
47990.00
48148.00
48329.00
48488.00
48576.00
48664.00
48781.00
48940.00
49092.00
49142.00
49173.00
49234.00
49356.00
49431.00
49446.00
49422.00
49437.00
49497.00
49566.00
49576.00
49555.00
49577.00
49629.00
49647.00
49582.00
49471.00
49422.00
49419.00
49379.00
49292.00
49162.00
49111.00
49129.00
49143.00
49087.00
49015.00
48992.00
49051.00
49096.00
49062.00
48985.00
48959.00
48961.00
48975.00
48902.00
48831.00
48774.00
48796.00
48837.00
48814.00
48777.00
48763.00
48802.00
48854.00
48828.00
48795.00
48778.00
48819.00
48871.00
48835.00
48784.00
48729.00
48746.00
48749.00
48672.00
48555.00
48462.00
48413.00
48392.00
48320.00
48189.00
48050.00
47976.00
47950.00
47857.00
47738.00
47608.00
47512.00
47457.00
47356.00
47199.00
47001.00
46794.00
46624.00
46479.00
46309.00
46142.00
46038.00
45953.00
45825.00
45658.00
45507.00
45360.00
45282.00
45183.00
45053.00
44957.00
44886.00
44866.00
44796.00
44712.00
44642.00
44585.00
44611.00
44583.00
44527.00
44464.00
44442.00
44461.00
44470.00
44426.00
44378.00
44375.00
44423.00
44426.00
44413.00
44352.00
44345.00
44386.00
44394.00
44388.00
44329.00
44350.00
44382.00
44432.00
44406.00
44358.00
44363.00
44404.00
44439.00
44424.00
44384.00
44392.00
44440.00
44465.00
44451.00
44422.00
44418.00
44445.00
44512.00
44466.00
44432.00
44420.00
44457.00
44506.00
44479.00
44432.00
44423.00
44438.00
44493.00
44478.00
44423.00
44401.00
44429.00
44442.00
44453.00
44405.00
44378.00
44395.00
44429.00
44408.00
44378.00
44343.00
44369.00
44416.00
44409.00
44379.00
44353.00
44379.00
44416.00
44405.00
44367.00
44354.00
44392.00
44445.00
44450.00
44413.00
44402.00
44429.00
44491.00
44507.00
44483.00
44470.00
44488.00
44550.00
44570.00
44552.00
44532.00
44550.00
44590.00
44604.00
44575.00
44542.00
44554.00
44604.00
44614.00
44582.00
44543.00
44553.00
44595.00
44617.00
44562.00
44527.00
44527.00
44574.00
44603.00
44571.00
44529.00
44537.00
44589.00
44634.00
44609.00
44571.00
44578.00
44627.00
44642.00
44612.00
44585.00
44592.00
44628.00
44656.00
44650.00
44594.00
44619.00
44670.00
44715.00
44702.00
44683.00
44706.00
44728.00
44796.00
44787.00
44761.00
44755.00
44798.00
44852.00
44841.00
44784.00
44758.00
44772.00
44790.00
44765.00
44700.00
44696.00
44695.00
44731.00
44690.00
44652.00
44618.00
44611.00
44612.00
44579.00
44507.00
44468.00
44450.00
44485.00
44462.00
44421.00
44387.00
44412.00
44456.00
44418.00
44402.00
44352.00
44377.00
44415.00
44397.00
44346.00
44302.00
44321.00
44370.00
44357.00
44308.00
44259.00
44276.00
44334.00
44309.00
44265.00
44213.00
44233.00
44258.00
44271.00
44242.00
44190.00
44207.00
44258.00
44254.00
44213.00
44178.00
44203.00
44241.00
44232.00
44209.00
44167.00
44184.00
44223.00
44242.00
44216.00
44158.00
44169.00
44220.00
44239.00
44199.00
44159.00
44167.00
44218.00
44237.00
44211.00
44166.00
44165.00
44225.00
44238.00
44210.00
44155.00
44178.00
44220.00
44257.00
44218.00
44171.00
44182.00
44216.00
44259.00
44230.00
44193.00
44178.00
44202.00
44249.00
44236.00
44166.00
44173.00
44195.00
44248.00
44208.00
44152.00
44139.00
44167.00
44213.00
44182.00
44150.00
44129.00
44164.00
44207.00
44187.00
44138.00
44132.00
44173.00
44203.00
44205.00
44157.00
44132.00
44149.00
44208.00
44197.00
44178.00
44138.00
44178.00
44213.00
44198.00
44156.00
44131.00
44175.00
44205.00
44188.00
44155.00
44124.00
44134.00
44191.00
44196.00
44156.00
44122.00
44140.00
44194.00
44202.00
44159.00
44124.00
44141.00
44185.00
44194.00
44160.00
44123.00
44123.00
44182.00
44190.00
44134.00
44102.00
44126.00
44154.00
44167.00
44146.00
44101.00
44121.00
44166.00
44181.00
44150.00
44111.00
44117.00
44168.00
44187.00
44161.00
44121.00
44136.00
44174.00
44209.00
44170.00
44133.00
44121.00
44189.00
44209.00
44179.00
44124.00
44123.00
44199.00
44226.00
44201.00
44173.00
44170.00
44209.00
44245.00
44223.00
44192.00
44195.00
44246.00
44279.00
44264.00
44230.00
44233.00
44269.00
44328.00
44293.00
44249.00
44251.00
44300.00
44341.00
44333.00
44304.00
44289.00
44345.00
44395.00
44394.00
44351.00
44358.00
44405.00
44472.00
44467.00
44432.00
44439.00
44468.00
44518.00
44516.00
44470.00
44453.00
44482.00
44551.00
44518.00
44490.00
44468.00
44497.00
44569.00
44563.00
44531.00
44509.00
44559.00
44596.00
44588.00
44546.00
44534.00
44546.00
44628.00
44629.00
44587.00
44578.00
44603.00
44675.00
44699.00
44679.00
44666.00
44712.00
44780.00
44801.00
44794.00
44786.00
44843.00
44929.00
44961.00
44918.00
44874.00
44882.00
44946.00
44979.00
44989.00
44986.00
45028.00
45141.00
45178.00
45173.00
45155.00
45182.00
45258.00
45287.00
45283.00
45268.00
45316.00
45385.00
45421.00
45392.00
45347.00
45357.00
45390.00
45421.00
45386.00
45368.00
45383.00
45440.00
45463.00
45438.00
45393.00
45395.00
45442.00
45457.00
45427.00
45383.00
45377.00
45453.00
45470.00
45444.00
45411.00
45387.00
45426.00
45468.00
45446.00
45374.00
45386.00
45406.00
45449.00
45413.00
45354.00
45364.00
45380.00
45438.00
45423.00
45385.00
45363.00
45393.00
45432.00
45417.00
45356.00
45341.00
45368.00
45417.00
45405.00
45358.00
45331.00
45360.00
45416.00
45399.00
45356.00
45347.00
45385.00
45435.00
45430.00
45389.00
45371.00
45383.00
45447.00
45429.00
45405.00
45372.00
45404.00
45452.00
45475.00
45438.00
45417.00
45438.00
45511.00
45519.00
45499.00
45458.00
45496.00
45529.00
45534.00
45474.00
45445.00
45497.00
45552.00
45561.00
45540.00
45523.00
45565.00
45622.00
45644.00
45616.00
45582.00
45600.00
45636.00
45631.00
45608.00
45567.00
45580.00
45613.00
45615.00
45566.00
45505.00
45515.00
45532.00
45572.00
45521.00
45470.00
45479.00
45536.00
45561.00
45540.00
45495.00
45495.00
45549.00
45589.00
45568.00
45525.00
45537.00
45577.00
45597.00
45582.00
45552.00
45547.00
45609.00
45637.00
45591.00
45582.00
45561.00
45627.00
45676.00
45657.00
45614.00
45621.00
45668.00
45688.00
45669.00
45615.00
45601.00
45633.00
45669.00
45652.00
45597.00
45577.00
45616.00
45641.00
45610.00
45580.00
45552.00
45588.00
45642.00
45599.00
45551.00
45530.00
45550.00
45585.00
45556.00
45483.00
45420.00
45467.00
45500.00
45491.00
45432.00
45423.00
45420.00
45485.00
45491.00
45461.00
45435.00
45445.00
45482.00
45449.00
45401.00
45354.00
45362.00
45391.00
45386.00
45339.00
45293.00
45308.00
45341.00
45356.00
45292.00
45236.00
45217.00
45260.00
45247.00
45197.00
45142.00
45135.00
45174.00
45178.00
45170.00
45144.00
45159.00
45213.00
45242.00
45207.00
45174.00
45186.00
45228.00
45243.00
45228.00
45151.00
45136.00
45167.00
45182.00
45148.00
45106.00
45109.00
45128.00
45153.00
45093.00
45037.00
45021.00
45035.00
45044.00
44996.00
44943.00
44902.00
44938.00
44950.00
44921.00
44875.00
44853.00
44884.00
44914.00
44881.00
44845.00
44838.00
44860.00
44872.00
44843.00
44790.00
44772.00
44817.00
44837.00
44818.00
44766.00
44738.00
44771.00
44809.00
44782.00
44741.00
44717.00
44759.00
44814.00
44791.00
44732.00
44720.00
44722.00
44755.00
44738.00
44690.00
44653.00
44653.00
44686.00
44696.00
44647.00
44626.00
44650.00
44715.00
44707.00
44660.00
44640.00
44657.00
44691.00
44688.00
44662.00
44621.00
44654.00
44719.00
44735.00
44686.00
44676.00
44679.00
44720.00
44730.00
44713.00
44674.00
44691.00
44715.00
44735.00
44724.00
44672.00
44688.00
44742.00
44755.00
44714.00
44683.00
44705.00
44734.00
44764.00
44734.00
44696.00
44721.00
44755.00
44772.00
44738.00
44704.00
44713.00
44736.00
44762.00
44731.00
44702.00
44696.00
44722.00
44763.00
44725.00
44693.00
44692.00
44721.00
44755.00
44719.00
44681.00
44667.00
44707.00
44743.00
44731.00
44674.00
44656.00
44686.00
44716.00
44680.00
44649.00
44632.00
44666.00
44707.00
44685.00
44651.00
44636.00
44654.00
44712.00
44691.00
44656.00
44638.00
44669.00
44729.00
44718.00
44688.00
44680.00
44694.00
44755.00
44749.00
44720.00
44701.00
44717.00
44777.00
44776.00
44738.00
44718.00
44758.00
44811.00
44814.00
44786.00
44744.00
44777.00
44835.00
44847.00
44806.00
44767.00
44792.00
44834.00
44828.00
44780.00
44741.00
44737.00
44779.00
44770.00
44726.00
44690.00
44689.00
44745.00
44745.00
44718.00
44659.00
44682.00
44731.00
44759.00
44736.00
44692.00
44716.00
44746.00
44769.00
44741.00
44696.00
44705.00
44754.00
44766.00
44740.00
44713.00
44706.00
44724.00
44776.00
44746.00
44710.00
44712.00
44744.00
44777.00
44739.00
44716.00
44711.00
44734.00
44783.00
44735.00
44697.00
44690.00
44727.00
44742.00
44717.00
44692.00
44687.00
44728.00
44747.00
44733.00
44695.00
44668.00
44717.00
44747.00
44739.00
44700.00
44669.00
44698.00
44733.00
44727.00
44666.00
44639.00
44658.00
44705.00
44713.00
44674.00
44649.00
44676.00
44719.00
44722.00
44672.00
44667.00
44673.00
44719.00
44722.00
44671.00
44656.00
44675.00
44731.00
44731.00
44676.00
44677.00
44700.00
44727.00
44734.00
44702.00
44669.00
44690.00
44727.00
44738.00
44714.00
44689.00
44716.00
44752.00
44758.00
44743.00
44673.00
44684.00
44744.00
44759.00
44749.00
44685.00
44698.00
44744.00
44769.00
44715.00
44692.00
44700.00
44751.00
44755.00
44720.00
44688.00
44688.00
44733.00
44740.00
44739.00
44688.00
44684.00
44735.00
44758.00
44731.00
44702.00
44701.00
44730.00
44773.00
44752.00
44712.00
44709.00
44745.00
44771.00
44750.00
44714.00
44691.00
44759.00
44786.00
44761.00
44735.00
44711.00
44753.00
44796.00
44791.00
44743.00
44722.00
44755.00
44807.00
44776.00
44745.00
44712.00
44726.00
44775.00
44765.00
44738.00
44718.00
44736.00
44787.00
44780.00
44747.00
44730.00
44724.00
44797.00
44782.00
44775.00
44731.00
44757.00
44803.00
44810.00
44763.00
44747.00
44768.00
44819.00
44811.00
44783.00
44744.00
44768.00
44809.00
44829.00
44788.00
44760.00
44783.00
44818.00
44852.00
44817.00
44769.00
44775.00
44825.00
44840.00
44825.00
44748.00
44782.00
44814.00
44834.00
44809.00
44755.00
44775.00
44805.00
44834.00
44810.00
44767.00
44785.00
44797.00
44834.00
44820.00
44776.00
44765.00
44816.00
44823.00
44811.00
44770.00
44775.00
44793.00
44824.00
44802.00
44767.00
44756.00
44811.00
44844.00
44820.00
44776.00
44761.00
44799.00
44830.00
44828.00
44772.00
44753.00
44776.00
44830.00
44821.00
44800.00
44772.00
44790.00
44844.00
44837.00
44789.00
44757.00
44790.00
44820.00
44813.00
44778.00
44752.00
44775.00
44807.00
44812.00
44804.00
44773.00
44786.00
44846.00
44857.00
44814.00
44772.00
44787.00
44849.00
44846.00
44829.00
44786.00
44805.00
44850.00
44858.00
44828.00
44789.00
44799.00
44838.00
44862.00
44822.00
44789.00
44796.00
44845.00
44860.00
44836.00
44792.00
44793.00
44831.00
44842.00
44827.00
44786.00
44778.00
44810.00
44848.00
44835.00
44778.00
44783.00
44820.00
44859.00
44812.00
44784.00
44781.00
44823.00
44851.00
44814.00
44771.00
44748.00
44782.00
44785.00
44745.00
44679.00
44618.00
44603.00
44592.00
44551.00
44493.00
44462.00
44484.00
44521.00
44503.00
44459.00
44442.00
44455.00
44480.00
44458.00
44426.00
44403.00
44431.00
44483.00
44460.00
44433.00
44398.00
44432.00
44493.00
44511.00
44474.00
44444.00
44492.00
44560.00
44574.00
44545.00
44528.00
44552.00
44619.00
44660.00
44608.00
44611.00
44644.00
44703.00
44717.00
44687.00
44679.00
44719.00
44776.00
44801.00
44785.00
44786.00
44836.00
44886.00
44936.00
44959.00
44972.00
44998.00
45077.00
45137.00
45163.00
45175.00
45230.00
45321.00
45411.00
45467.00
45555.00
45636.00
45766.00
45898.00
46002.00
46116.00
46278.00
46474.00
46649.00
46772.00
46891.00
47104.00
47360.00
47604.00
47775.00
47903.00
48093.00
48318.00
48525.00
48700.00
48830.00
49026.00
49267.00
49512.00
49703.00
49815.00
49940.00
50114.00
50231.00
50295.00
50328.00
50399.00
50510.00
50627.00
50697.00
50735.00
50745.00
50776.00
50798.00
50791.00
50757.00
50723.00
50724.00
50783.00
50784.00
50754.00
50698.00
50676.00
50679.00
50663.00
50597.00
50528.00
50515.00
50519.00
50494.00
50424.00
50347.00
50320.00
50313.00
50274.00
50201.00
50100.00
50080.00
50087.00
50113.00
50083.00
50048.00
50053.00
50098.00
50109.00
50067.00
50026.00
50019.00
50074.00
50134.00
50122.00
50114.00
50130.00
50192.00
50255.00
50249.00
50193.00
50183.00
50166.00
50160.00
50111.00
50045.00
49980.00
49978.00
50005.00
49974.00
49882.00
49830.00
49817.00
49804.00
49716.00
49610.00
49472.00
49388.00
49310.00
49183.00
48991.00
48847.00
48745.00
48634.00
48426.00
48230.00
48038.00
47920.00
47767.00
47535.00
47309.00
47072.00
46939.00
46820.00
46609.00
46380.00
46183.00
46014.00
45909.00
45749.00
45557.00
45411.00
45326.00
45281.00
45212.00
45092.00
44966.00
44910.00
44881.00
44861.00
44761.00
44703.00
44673.00
44690.00
44678.00
44615.00
44533.00
44498.00
44527.00
44511.00
44469.00
44414.00
44403.00
44415.00
44427.00
44405.00
44351.00
44332.00
44350.00
44371.00
44336.00
44282.00
44243.00
44270.00
44329.00
44267.00
44228.00
44218.00
44252.00
44276.00
44290.00
44236.00
44224.00
44286.00
44348.00
44371.00
44378.00
44388.00
44449.00
44509.00
44534.00
44520.00
44534.00
44569.00
44662.00
44677.00
44698.00
44740.00
44813.00
44923.00
45005.00
45049.00
45117.00
45216.00
45392.00
45506.00
45613.00
45722.00
45906.00
46119.00
46350.00
46550.00
46725.00
46992.00
47280.00
47542.00
47796.00
48038.00
48325.00
48609.00
48877.00
49068.00
49227.00
49428.00
49631.00
49785.00
49914.00
50055.00
50225.00
50394.00
50510.00
50602.00
50652.00
50705.00
50808.00
50916.00
50930.00
50914.00
50944.00
51007.00
51050.00
51008.00
50931.00
50863.00
50823.00
50784.00
50722.00
50592.00
50497.00
50474.00
50458.00
50369.00
50266.00
50204.00
50200.00
50233.00
50144.00
50066.00
50018.00
50026.00
50053.00
50051.00
49998.00
49948.00
49979.00
50022.00
50022.00
49991.00
49978.00
50012.00
50065.00
50073.00
50037.00
50014.00
50040.00
50126.00
50138.00
50148.00
50143.00
50180.00
50218.00
50222.00
50183.00
50138.00
50093.00
50062.00
50020.00
49915.00
49801.00
49691.00
49590.00
49474.00
49262.00
49046.00
48852.00
48710.00
48534.00
48302.00
48071.00
47857.00
47682.00
47504.00
47269.00
47009.00
46799.00
46633.00
46462.00
46257.00
46021.00
45819.00
45686.00
45609.00
45466.00
45297.00
45174.00
45103.00
45066.00
45000.00
44887.00
44798.00
44777.00
44780.00
44728.00
44646.00
44580.00
44572.00
44598.00
44564.00
44504.00
44452.00
44424.00
44480.00
44436.00
44376.00
44323.00
44303.00
44316.00
44288.00
44253.00
44198.00
44209.00
44231.00
44225.00
44195.00
44144.00
44156.00
44180.00
44196.00
44159.00
44116.00
44126.00
44198.00
44247.00
44263.00
44235.00
44265.00
44338.00
44414.00
44425.00
44411.00
44440.00
44511.00
44568.00
44589.00
44554.00
44577.00
44639.00
44717.00
44715.00
44717.00
44724.00
44806.00
44877.00
44904.00
44928.00
44964.00
45061.00
45196.00
45280.00
45354.00
45477.00
45658.00
45862.00
46058.00
46256.00
46469.00
46774.00
47120.00
47427.00
47677.00
47934.00
48236.00
48539.00
48786.00
48960.00
49104.00
49265.00
49469.00
49603.00
49693.00
49804.00
49969.00
50173.00
50284.00
50385.00
50457.00
50544.00
50634.00
50675.00
50637.00
50572.00
50516.00
50493.00
50417.00
50290.00
50129.00
49985.00
49905.00
49830.00
49714.00
49618.00
49584.00
49555.00
49531.00
49437.00
49336.00
49289.00
49279.00
49339.00
49316.00
49300.00
49276.00
49324.00
49377.00
49383.00
49335.00
49347.00
49405.00
49475.00
49510.00
49503.00
49532.00
49595.00
49715.00
49744.00
49711.00
49662.00
49676.00
49711.00
49668.00
49605.00
49524.00
49475.00
49438.00
49368.00
49269.00
49151.00
49070.00
49016.00
48918.00
48748.00
48617.00
48523.00
48438.00
48297.00
48095.00
47886.00
47703.00
47581.00
47450.00
47249.00
47015.00
46816.00
46659.00
46528.00
46291.00
46014.00
45805.00
45659.00
45572.00
45408.00
45225.00
45085.00
44992.00
44937.00
44831.00
44732.00
44651.00
44625.00
44611.00
44557.00
44505.00
44484.00
44488.00
44509.00
44472.00
44430.00
44402.00
44421.00
44453.00
44429.00
44397.00
44376.00
44406.00
44447.00
44417.00
44389.00
44356.00
44383.00
44392.00
44360.00
44316.00
44272.00
44276.00
44318.00
44299.00
44239.00
44208.00
44198.00
44250.00
44257.00
44238.00
44210.00
44222.00
44289.00
44326.00
44310.00
44282.00
44301.00
44368.00
44392.00
44374.00
44364.00
44393.00
44444.00
44481.00
44494.00
44478.00
44521.00
44600.00
44644.00
44697.00
44715.00
44772.00
44844.00
44947.00
44977.00
45026.00
45134.00
45261.00
45422.00
45584.00
45714.00
45909.00
46153.00
46442.00
46667.00
46890.00
47150.00
47473.00
47822.00
48112.00
48367.00
48615.00
48869.00
49111.00
49263.00
49397.00
49537.00
49696.00
49849.00
49965.00
50066.00
50187.00
50355.00
50489.00
50561.00
50610.00
50641.00
50660.00
50705.00
50706.00
50620.00
50524.00
50431.00
50346.00
50227.00
50045.00
49823.00
49674.00
49582.00
49472.00
49339.00
49210.00
49109.00
49066.00
48982.00
48828.00
48704.00
48644.00
48626.00
48635.00
48609.00
48571.00
48593.00
48643.00
48692.00
48700.00
48653.00
48641.00
48708.00
48775.00
48804.00
48802.00
48830.00
48964.00
49141.00
49264.00
49296.00
49333.00
49403.00
49481.00
49461.00
49385.00
49351.00
49340.00
49372.00
49326.00
49265.00
49220.00
49206.00
49205.00
49117.00
49008.00
48917.00
48871.00
48809.00
48682.00
48509.00
48299.00
48138.00
47977.00
47839.00
47619.00
47394.00
47217.00
47055.00
46929.00
46706.00
46475.00
46290.00
46173.00
46074.00
45884.00
45701.00
45558.00
45471.00
45397.00
45260.00
45121.00
45012.00
44960.00
44913.00
44818.00
44731.00
44676.00
44655.00
44640.00
44586.00
44507.00
44475.00
44512.00
44522.00
44479.00
44424.00
44403.00
44410.00
44423.00
44384.00
44320.00
44280.00
44296.00
44308.00
44301.00
44250.00
44242.00
44230.00
44276.00
44259.00
44234.00
44195.00
44213.00
44253.00
44255.00
44224.00
44221.00
44265.00
44295.00
44296.00
44293.00
44246.00
44273.00
44341.00
44369.00
44337.00
44312.00
44355.00
44397.00
44450.00
44433.00
44415.00
44426.00
44510.00
44539.00
44525.00
44519.00
44549.00
44613.00
44687.00
44693.00
44726.00
44787.00
44902.00
45024.00
45128.00
45261.00
45466.00
45729.00
45997.00
46264.00
46494.00
46819.00
47221.00
47640.00
47987.00
48310.00
48585.00
48850.00
49106.00
49315.00
49453.00
49559.00
49694.00
49848.00
49967.00
50032.00
50108.00
50237.00
50391.00
50414.00
50420.00
50432.00
50456.00
50455.00
50368.00
50235.00
50103.00
50032.00
49938.00
49787.00
49581.00
49379.00
49253.00
49153.00
49034.00
48885.00
48752.00
48667.00
48622.00
48574.00
48517.00
48485.00
48509.00
48574.00
48603.00
48584.00
48540.00
48557.00
48583.00
48599.00
48570.00
48560.00
48611.00
48740.00
48855.00
48926.00
48954.00
49041.00
49161.00
49267.00
49290.00
49261.00
49259.00
49313.00
49357.00
49343.00
49292.00
49293.00
49312.00
49332.00
49316.00
49246.00
49192.00
49165.00
49163.00
49081.00
48989.00
48904.00
48884.00
48859.00
48797.00
48661.00
48598.00
48548.00
48475.00
48335.00
48155.00
47963.00
47831.00
47692.00
47497.00
47292.00
47076.00
46922.00
46789.00
46616.00
46417.00
46223.00
46086.00
45980.00
45800.00
45609.00
45448.00
45323.00
45248.00
45155.00
45009.00
44889.00
44833.00
44815.00
44757.00
44673.00
44583.00
44543.00
44546.00
44515.00
44444.00
44391.00
44371.00
44406.00
44422.00
44360.00
44311.00
44281.00
44316.00
44343.00
44314.00
44258.00
44244.00
44239.00
44286.00
44254.00
44201.00
44186.00
44217.00
44249.00
44242.00
44205.00
44210.00
44237.00
44292.00
44307.00
44273.00
44283.00
44347.00
44418.00
44442.00
44438.00
44469.00
44514.00
44616.00
44642.00
44659.00
44685.00
44737.00
44815.00
44848.00
44867.00
44905.00
44971.00
45094.00
45159.00
45217.00
45290.00
45423.00
45596.00
45724.00
45841.00
45993.00
46227.00
46514.00
46810.00
47065.00
47327.00
47640.00
48030.00
48338.00
48530.00
48655.00
48823.00
49008.00
49158.00
49268.00
49310.00
49392.00
49504.00
49605.00
49677.00
49704.00
49787.00
49883.00
49971.00
49992.00
49978.00
49984.00
49974.00
49968.00
49888.00
49790.00
49704.00
49668.00
49600.00
49479.00
49329.00
49198.00
49085.00
48999.00
48865.00
48740.00
48659.00
48626.00
48625.00
48577.00
48504.00
48474.00
48498.00
48530.00
48522.00
48471.00
48446.00
48484.00
48559.00
48605.00
48598.00
48614.00
48656.00
48729.00
48728.00
48726.00
48727.00
48789.00
48911.00
48990.00
49065.00
49133.00
49209.00
49293.00
49314.00
49285.00
49264.00
49281.00
49302.00
49292.00
49267.00
49231.00
49196.00
49175.00
49131.00
48993.00
48844.00
48729.00
48644.00
48530.00
48321.00
48105.00
47916.00
47796.00
47698.00
47534.00
47310.00
47107.00
46979.00
46843.00
46656.00
46463.00
46271.00
46132.00
45999.00
45859.00
45695.00
45594.00
45511.00
45462.00
45361.00
45251.00
45163.00
45120.00
45080.00
44995.00
44897.00
44800.00
44763.00
44764.00
44710.00
44630.00
44569.00
44569.00
44589.00
44536.00
44485.00
44438.00
44428.00
44446.00
44406.00
44375.00
44326.00
44323.00
44351.00
44331.00
44286.00
44249.00
44263.00
44296.00
44307.00
44265.00
44225.00
44241.00
44298.00
44316.00
44283.00
44257.00
44262.00
44307.00
44343.00
44351.00
44321.00
44357.00
44439.00
44487.00
44480.00
44432.00
44490.00
44598.00
44694.00
44724.00
44771.00
44844.00
44964.00
45073.00
45112.00
45139.00
45220.00
45364.00
45519.00
45623.00
45697.00
45808.00
46011.00
46226.00
46370.00
46521.00
46717.00
46994.00
47277.00
47472.00
47690.00
47917.00
48149.00
48381.00
48572.00
48732.00
48896.00
49085.00
49251.00
49360.00
49442.00
49542.00
49640.00
49734.00
49781.00
49806.00
49836.00
49887.00
49977.00
49997.00
49977.00
49958.00
49966.00
50002.00
49942.00
49809.00
49671.00
49572.00
49524.00
49390.00
49241.00
49067.00
48998.00
49006.00
48978.00
48903.00
48791.00
48737.00
48741.00
48737.00
48689.00
48614.00
48602.00
48641.00
48652.00
48611.00
48581.00
48578.00
48657.00
48752.00
48785.00
48800.00
48855.00
48970.00
49081.00
49140.00
49132.00
49168.00
49213.00
49207.00
49161.00
49090.00
49029.00
49015.00
48996.00
48912.00
48814.00
48718.00
48687.00
48674.00
48586.00
48445.00
48293.00
48194.00
48141.00
47986.00
47779.00
47613.00
47475.00
47396.00
47245.00
47058.00
46873.00
46764.00
46688.00
46512.00
46294.00
46106.00
45962.00
45866.00
45710.00
45492.00
45321.00
45210.00
45174.00
45121.00
44992.00
44874.00
44815.00
44803.00
44776.00
44713.00
44634.00
44614.00
44656.00
44663.00
44597.00
44542.00
44512.00
44535.00
44542.00
44502.00
44422.00
44424.00
44467.00
44469.00
44461.00
44392.00
44395.00
44402.00
44421.00
44391.00
44345.00
44324.00
44365.00
44376.00
44355.00
44312.00
44322.00
44348.00
44404.00
44387.00
44362.00
44380.00
44420.00
44496.00
44535.00
44536.00
44534.00
44598.00
44683.00
44709.00
44695.00
44704.00
44756.00
44830.00
44876.00
44910.00
44947.00
45032.00
45168.00
45241.00
45288.00
45382.00
45546.00
45738.00
45904.00
46026.00
46212.00
46465.00
46761.00
47084.00
47367.00
47669.00
48005.00
48320.00
48551.00
48750.00
48929.00
49143.00
49386.00
49520.00
49619.00
49707.00
49835.00
49974.00
50046.00
50072.00
50071.00
50126.00
50205.00
50243.00
50262.00
50238.00
50236.00
50287.00
50259.00
50189.00
50091.00
50032.00
50003.00
49987.00
49885.00
49768.00
49669.00
49610.00
49537.00
49438.00
49312.00
49227.00
49181.00
49124.00
49034.00
48942.00
48908.00
48885.00
48894.00
48848.00
48793.00
48770.00
48819.00
48916.00
48950.00
48957.00
49005.00
49099.00
49234.00
49298.00
49317.00
49342.00
49428.00
49522.00
49553.00
49532.00
49527.00
49552.00
49594.00
49583.00
49535.00
49501.00
49497.00
49475.00
49433.00
49336.00
49242.00
49151.00
49034.00
48866.00
48646.00
48453.00
48287.00
48162.00
47945.00
47700.00
47464.00
47258.00
47116.00
46936.00
46695.00
46478.00
46293.00
46177.00
46045.00
45886.00
45697.00
45542.00
45433.00
45335.00
45194.00
45048.00
44957.00
44908.00
44866.00
44776.00
44682.00
44629.00
44625.00
44627.00
44576.00
44530.00
44493.00
44490.00
44494.00
44452.00
44395.00
44350.00
44356.00
44373.00
44357.00
44303.00
44270.00
44299.00
44338.00
44313.00
44272.00
44243.00
44274.00
44316.00
44319.00
44280.00
44252.00
44280.00
44325.00
44363.00
44349.00
44338.00
44378.00
44475.00
44501.00
44494.00
44509.00
44572.00
44630.00
44703.00
44696.00
44712.00
44776.00
44867.00
44948.00
45011.00
45044.00
45136.00
45262.00
45381.00
45481.00
45571.00
45706.00
45896.00
46112.00
46261.00
46425.00
46676.00
46991.00
47350.00
47622.00
47906.00
48252.00
48626.00
48925.00
49123.00
49290.00
49436.00
49608.00
49790.00
49920.00
49984.00
50080.00
50193.00
50326.00
50397.00
50442.00
50434.00
50479.00
50511.00
50490.00
50426.00
50343.00
50285.00
50252.00
50130.00
49982.00
49833.00
49698.00
49555.00
49353.00
49167.00
48993.00
48898.00
48863.00
48769.00
48678.00
48597.00
48603.00
48640.00
48630.00
48578.00
48536.00
48571.00
48624.00
48666.00
48660.00
48652.00
48681.00
48782.00
48868.00
48899.00
48956.00
49063.00
49196.00
49306.00
49370.00
49403.00
49482.00
49595.00
49698.00
49703.00
49699.00
49684.00
49683.00
49661.00
49573.00
49471.00
49388.00
49362.00
49338.00
49289.00
49192.00
49122.00
49056.00
49005.00
48878.00
48741.00
48616.00
48554.00
48507.00
48363.00
48154.00
48023.00
47915.00
47836.00
47656.00
47499.00
47336.00
47209.00
47092.00
46911.00
46740.00
46558.00
46435.00
46293.00
46130.00
45918.00
45751.00
45650.00
45581.00
45468.00
45313.00
45182.00
45119.00
45087.00
45028.00
44913.00
44832.00
44773.00
44772.00
44730.00
44650.00
44597.00
44579.00
44601.00
44601.00
44573.00
44484.00
44493.00
44518.00
44530.00
44484.00
44414.00
44375.00
44391.00
44397.00
44339.00
44282.00
44262.00
44262.00
44283.00
44251.00
44202.00
44197.00
44224.00
44270.00
44254.00
44222.00
44231.00
44283.00
44357.00
44354.00
44338.00
44315.00
44351.00
44446.00
44439.00
44425.00
44418.00
44467.00
44551.00
44575.00
44576.00
44581.00
44645.00
44697.00
44723.00
44746.00
44763.00
44834.00
44970.00
45014.00
45083.00
45124.00
45236.00
45380.00
45513.00
45636.00
45776.00
45958.00
46193.00
46408.00
46630.00
46829.00
47120.00
47446.00
47777.00
48112.00
48426.00
48714.00
48998.00
49235.00
49393.00
49551.00
49696.00
49846.00
49959.00
50065.00
50095.00
50192.00
50292.00
50373.00
50387.00
50365.00
50362.00
50387.00
50372.00
50258.00
50135.00
50015.00
49920.00
49775.00
49578.00
49352.00
49180.00
49084.00
49010.00
48867.00
48731.00
48669.00
48662.00
48668.00
48640.00
48585.00
48524.00
48566.00
48634.00
48663.00
48654.00
48678.00
48708.00
48793.00
48797.00
48771.00
48754.00
48774.00
48836.00
48840.00
48815.00
48805.00
48851.00
48930.00
48976.00
48980.00
48999.00
49053.00
49167.00
49206.00
49224.00
49256.00
49319.00
49412.00
49462.00
49462.00
49455.00
49488.00
49558.00
49584.00
49583.00
49564.00
49581.00
49622.00
49650.00
49648.00
49597.00
49561.00
49592.00
49607.00
49551.00
49497.00
49444.00
49429.00
49424.00
49337.00
49223.00
49152.00
49131.00
49083.00
48970.00
48879.00
48784.00
48712.00
48671.00
48558.00
48448.00
48339.00
48278.00
48196.00
48070.00
47901.00
47772.00
47704.00
47618.00
47474.00
47296.00
47172.00
47097.00
47030.00
46904.00
46770.00
46650.00
46609.00
46572.00
46488.00
46362.00
46254.00
46231.00
46212.00
46146.00
46060.00
45976.00
45951.00
45971.00
45920.00
45864.00
45790.00
45778.00
45807.00
45786.00
45727.00
45667.00
45640.00
45676.00
45691.00
45644.00
45605.00
45585.00
45607.00
45625.00
45603.00
45559.00
45561.00
45587.00
45616.00
45591.00
45533.00
45514.00
45539.00
45582.00
45558.00
45503.00
45506.00
45531.00
45583.00
45560.00
45508.00
45483.00
45498.00
45544.00
45514.00
45440.00
45410.00
45410.00
45442.00
45414.00
45328.00
45283.00
45299.00
45330.00
45294.00
45223.00
45164.00
45177.00
45192.00
45172.00
45128.00
45056.00
45058.00
45098.00
45072.00
45006.00
44941.00
44940.00
44951.00
44940.00
44887.00
44839.00
44833.00
44870.00
44886.00
44868.00
44803.00
44792.00
44836.00
44849.00
44814.00
44789.00
44772.00
44832.00
44859.00
44830.00
44808.00
44783.00
44814.00
44822.00
44791.00
44730.00
44721.00
44766.00
44804.00
44771.00
44716.00
44698.00
44735.00
44795.00
44750.00
44720.00
44693.00
44724.00
44781.00
44771.00
44715.00
44689.00
44711.00
44776.00
44762.00
44721.00
44691.00
44706.00
44758.00
44772.00
44699.00
44668.00
44687.00
44749.00
44743.00
44706.00
44666.00
44673.00
44728.00
44739.00
44694.00
44676.00
44673.00
44738.00
44741.00
44697.00
44683.00
44700.00
44739.00
44743.00
44716.00
44677.00
44675.00
44714.00
44736.00
44717.00
44666.00
44675.00
44730.00
44755.00
44733.00
44691.00
44688.00
44735.00
44764.00
44754.00
44705.00
44696.00
44739.00
44786.00
44761.00
44720.00
44697.00
44742.00
44783.00
44769.00
44707.00
44693.00
44719.00
44774.00
44750.00
44706.00
44684.00
44703.00
44759.00
44745.00
44700.00
44679.00
44709.00
44768.00
44753.00
44708.00
44681.00
44684.00
44743.00
44732.00
44697.00
44648.00
44688.00
44729.00
44743.00
44685.00
44659.00
44660.00
44704.00
44719.00
44697.00
44653.00
44662.00
44712.00
44742.00
44702.00
44674.00
44680.00
44714.00
44733.00
44691.00
44644.00
44643.00
44681.00
44736.00
44695.00
44661.00
44654.00
44708.00
44742.00
44710.00
44651.00
44634.00
44693.00
44754.00
44740.00
44735.00
44759.00
44848.00
44933.00
44963.00
44994.00
45034.00
45136.00
45268.00
45338.00
45385.00
45433.00
45564.00
45691.00
45792.00
45790.00
45852.00
45990.00
46183.00
46322.00
46450.00
46602.00
46811.00
47097.00
47345.00
47608.00
47902.00
48227.00
48544.00
48773.00
48967.00
49139.00
49331.00
49540.00
49679.00
49789.00
49901.00
50015.00
50170.00
50255.00
50316.00
50355.00
50427.00
50492.00
50561.00
50534.00
50465.00
50396.00
50360.00
50250.00
50039.00
49769.00
49502.00
49283.00
49100.00
48915.00
48754.00
48684.00
48656.00
48654.00
48611.00
48559.00
48544.00
48568.00
48622.00
48614.00
48584.00
48609.00
48687.00
48777.00
48827.00
48861.00
48910.00
49003.00
49080.00
49109.00
49165.00
49266.00
49378.00
49493.00
49520.00
49521.00
49524.00
49578.00
49639.00
49650.00
49641.00
49632.00
49641.00
49679.00
49652.00
49573.00
49463.00
49402.00
49363.00
49295.00
49153.00
49003.00
48894.00
48796.00
48699.00
48522.00
48311.00
48095.00
47927.00
47775.00
47550.00
47305.00
47094.00
46955.00
46819.00
46645.00
46440.00
46264.00
46155.00
46044.00
45881.00
45652.00
45514.00
45420.00
45346.00
45224.00
45111.00
45011.00
45011.00
44973.00
44910.00
44800.00
44722.00
44702.00
44692.00
44626.00
44568.00
44520.00
44520.00
44543.00
44510.00
44456.00
44412.00
44443.00
44483.00
44466.00
44432.00
44413.00
44451.00
44519.00
44544.00
44541.00
44563.00
44643.00
44728.00
44773.00
44762.00
44750.00
44796.00
44897.00
44979.00
44984.00
45017.00
45089.00
45200.00
45290.00
45340.00
45361.00
45449.00
45577.00
45686.00
45775.00
45841.00
45961.00
46136.00
46304.00
46448.00
46575.00
46746.00
46987.00
47196.00
47383.00
47555.00
47784.00
48058.00
48271.00
48419.00
48557.00
48733.00
48963.00
49185.00
49326.00
49414.00
49511.00
49650.00
49809.00
49864.00
49871.00
49936.00
50011.00
50122.00
50149.00
50154.00
50153.00
50146.00
50173.00
50122.00
50018.00
49936.00
49893.00
49852.00
49751.00
49603.00
49465.00
49384.00
49377.00
49327.00
49223.00
49097.00
49036.00
48998.00
48880.00
48739.00
48581.00
48521.00
48514.00
48488.00
48436.00
48398.00
48402.00
48443.00
48481.00
48434.00
48424.00
48468.00
48546.00
48657.00
48694.00
48732.00
48817.00
48983.00
49143.00
49210.00
49240.00
49281.00
49374.00
49439.00
49433.00
49400.00
49390.00
49460.00
49518.00
49476.00
49398.00
49355.00
49362.00
49389.00
49319.00
49232.00
49164.00
49123.00
49069.00
48983.00
48823.00
48685.00
48581.00
48508.00
48354.00
48148.00
47952.00
47812.00
47716.00
47562.00
47312.00
47065.00
46903.00
46808.00
46650.00
46456.00
46251.00
46070.00
45962.00
45802.00
45628.00
45482.00
45418.00
45347.00
45268.00
45166.00
45066.00
45029.00
44994.00
44927.00
44816.00
44721.00
44703.00
44698.00
44697.00
44657.00
44601.00
44574.00
44624.00
44642.00
44611.00
44581.00
44586.00
44631.00
44661.00
44663.00
44636.00
44618.00
44652.00
44697.00
44742.00
44721.00
44752.00
44805.00
44888.00
44896.00
44890.00
44909.00
44973.00
45074.00
45105.00
45138.00
45189.00
45278.00
45379.00
45442.00
45463.00
45496.00
45573.00
45696.00
45769.00
45833.00
45949.00
46142.00
46397.00
46641.00
46838.00
47085.00
47336.00
47590.00
47758.00
47923.00
48059.00
48252.00
48480.00
48631.00
48774.00
48900.00
49070.00
49269.00
49397.00
49494.00
49556.00
49662.00
49813.00
49887.00
49908.00
49867.00
49860.00
49870.00
49816.00
49692.00
49505.00
49341.00
49231.00
49147.00
48986.00
48810.00
48682.00
48617.00
48566.00
48458.00
48349.00
48268.00
48270.00
48276.00
48235.00
48164.00
48158.00
48161.00
48196.00
48194.00
48213.00
48275.00
48404.00
48585.00
48720.00
48823.00
48934.00
49064.00
49207.00
49304.00
49333.00
49347.00
49394.00
49427.00
49432.00
49396.00
49363.00
49334.00
49335.00
49273.00
49208.00
49115.00
49041.00
48982.00
48871.00
48731.00
48614.00
48504.00
48388.00
48239.00
48062.00
47939.00
47812.00
47674.00
47521.00
47337.00
47143.00
46988.00
46891.00
46746.00
46568.00
46381.00
46269.00
46207.00
46096.00
45943.00
45787.00
45687.00
45595.00
45506.00
45359.00
45213.00
45139.00
45121.00
45085.00
45000.00
44903.00
44858.00
44871.00
44862.00
44784.00
44699.00
44628.00
44601.00
44593.00
44546.00
44476.00
44409.00
44416.00
44423.00
44395.00
44335.00
44319.00
44323.00
44366.00
44339.00
44296.00
44272.00
44305.00
44360.00
44368.00
44311.00
44322.00
44368.00
44433.00
44443.00
44412.00
44381.00
44437.00
44526.00
44585.00
44580.00
44605.00
44661.00
44731.00
44791.00
44809.00
44840.00
44903.00
44996.00
45058.00
45102.00
45176.00
45282.00
45429.00
45586.00
45706.00
45839.00
46023.00
46272.00
46528.00
46725.00
46926.00
47184.00
47515.00
47837.00
48129.00
48375.00
48646.00
48896.00
49146.00
49330.00
49458.00
49559.00
49724.00
49885.00
49988.00
50060.00
50171.00
50307.00
50430.00
50474.00
50484.00
50515.00
50597.00
50628.00
50592.00
50499.00
50415.00
50391.00
50343.00
50207.00
50013.00
49818.00
49668.00
49549.00
49406.00
49221.00
49058.00
48961.00
48905.00
48864.00
48784.00
48742.00
48733.00
48735.00
48716.00
48680.00
48625.00
48644.00
48693.00
48720.00
48711.00
48752.00
48803.00
48913.00
48977.00
49026.00
49059.00
49135.00
49260.00
49363.00
49399.00
49470.00
49565.00
49678.00
49758.00
49759.00
49738.00
49733.00
49762.00
49767.00
49704.00
49573.00
49441.00
49363.00
49283.00
49162.00
49014.00
48884.00
48787.00
48701.00
48604.00
48493.00
48406.00
48379.00
48342.00
48216.00
48046.00
47901.00
47767.00
47642.00
47448.00
47204.00
47009.00
46837.00
46716.00
46514.00
46317.00
46131.00
45998.00
45909.00
45780.00
45636.00
45502.00
45411.00
45329.00
45209.00
45070.00
44942.00
44908.00
44918.00
44882.00
44814.00
44772.00
44776.00
44798.00
44772.00
44692.00
44628.00
44623.00
44646.00
44627.00
44580.00
44545.00
44529.00
44558.00
44549.00
44515.00
44473.00
44487.00
44540.00
44573.00
44556.00
44539.00
44589.00
44684.00
44736.00
44713.00
44725.00
44769.00
44864.00
44897.00
44916.00
44935.00
44987.00
45086.00
45187.00
45256.00
45304.00
45373.00
45486.00
45596.00
45677.00
45727.00
45847.00
46057.00
46282.00
46455.00
46623.00
46833.00
47124.00
47424.00
47690.00
47908.00
48209.00
48510.00
48783.00
48970.00
49122.00
49320.00
49552.00
49741.00
49849.00
49941.00
50053.00
50191.00
50342.00
50424.00
50440.00
50493.00
50552.00
50639.00
50640.00
50565.00
50480.00
50409.00
50354.00
50204.00
49976.00
49708.00
49488.00
49311.00
49094.00
48859.00
48667.00
48568.00
48536.00
48503.00
48425.00
48358.00
48349.00
48378.00
48371.00
48333.00
48316.00
48334.00
48396.00
48436.00
48466.00
48466.00
48576.00
48726.00
48846.00
48918.00
49009.00
49166.00
49338.00
49470.00
49556.00
49640.00
49737.00
49846.00
49925.00
49940.00
49913.00
49914.00
49889.00
49876.00
49784.00
49663.00
49585.00
49540.00
49480.00
49371.00
49225.00
49111.00
49067.00
49041.00
48923.00
48751.00
48581.00
48458.00
48350.00
48187.00
47969.00
47779.00
47633.00
47508.00
47326.00
47121.00
46927.00
46778.00
46628.00
46419.00
46182.00
45989.00
45868.00
45736.00
45572.00
45422.00
45273.00
45182.00
45143.00
45060.00
44928.00
44829.00
44763.00
44778.00
44762.00
44693.00
44632.00
44594.00
44592.00
44547.00
44497.00
44433.00
44426.00
44465.00
44457.00
44417.00
44370.00
44375.00
44405.00
44403.00
44378.00
44353.00
44357.00
44398.00
44442.00
44412.00
44393.00
44451.00
44510.00
44569.00
44561.00
44551.00
44593.00
44676.00
44749.00
44770.00
44818.00
44889.00
44993.00
45106.00
45164.00
45206.00
45275.00
45425.00
45559.00
45674.00
45765.00
45958.00
46206.00
46461.00
46643.00
46802.00
47028.00
47316.00
47614.00
47846.00
48099.00
48323.00
48671.00
49015.00
49263.00
49453.00
49601.00
49820.00
50039.00
50224.00
50323.00
50455.00
50584.00
50749.00
50836.00
50856.00
50908.00
50993.00
51090.00
51109.00
51083.00
51035.00
51039.00
51031.00
50982.00
50879.00
50761.00
50666.00
50607.00
50505.00
50340.00
50183.00
50053.00
49943.00
49776.00
49569.00
49367.00
49216.00
49093.00
48966.00
48841.00
48714.00
48652.00
48642.00
48610.00
48531.00
48480.00
48465.00
48504.00
48509.00
48482.00
48450.00
48516.00
48644.00
48779.00
48878.00
48986.00
49137.00
49351.00
49530.00
49613.00
49680.00
49758.00
49905.00
50031.00
50103.00
50150.00
50221.00
50302.00
50356.00
50322.00
50255.00
50168.00
50110.00
50039.00
49884.00
49707.00
49576.00
49483.00
49393.00
49223.00
49008.00
48790.00
48610.00
48427.00
48191.00
47933.00
47687.00
47509.00
47365.00
47162.00
46935.00
46755.00
46607.00
46484.00
46281.00
46034.00
45873.00
45739.00
45637.00
45505.00
45328.00
45190.00
45120.00
45097.00
45035.00
44908.00
44796.00
44764.00
44753.00
44720.00
44648.00
44554.00
44546.00
44557.00
44539.00
44458.00
44376.00
44361.00
44373.00
44381.00
44325.00
44275.00
44276.00
44311.00
44326.00
44313.00
44265.00
44286.00
44346.00
44382.00
44381.00
44364.00
44389.00
44457.00
44507.00
44484.00
44449.00
44430.00
44461.00
44509.00
44498.00
44441.00
44472.00
44545.00
44613.00
44647.00
44652.00
44719.00
44821.00
44929.00
45009.00
45071.00
45166.00
45320.00
45486.00
45612.00
45723.00
45872.00
46098.00
46317.00
46509.00
46670.00
46896.00
47180.00
47439.00
47665.00
47912.00
48137.00
48415.00
48665.00
48879.00
49037.00
49156.00
49328.00
49512.00
49641.00
49752.00
49795.00
49874.00
49959.00
50037.00
50043.00
50054.00
50076.00
50101.00
50070.00
49957.00
49827.00
49715.00
49611.00
49468.00
49269.00
49061.00
48900.00
48789.00
48658.00
48483.00
48323.00
48246.00
48241.00
48244.00
48172.00
48080.00
48068.00
48100.00
48128.00
48104.00
48076.00
48120.00
48240.00
48382.00
48472.00
48577.00
48723.00
48891.00
49053.00
49135.00
49168.00
49241.00
49338.00
49435.00
49473.00
49477.00
49489.00
49556.00
49609.00
49605.00
49571.00
49522.00
49524.00
49525.00
49459.00
49360.00
49262.00
49197.00
49139.00
49009.00
48812.00
48584.00
48420.00
48300.00
48162.00
47988.00
47833.00
47702.00
47582.00
47434.00
47258.00
47044.00
46835.00
46669.00
46452.00
46247.00
46050.00
45885.00
45797.00
45667.00
45505.00
45367.00
45286.00
45268.00
45204.00
45087.00
44988.00
44924.00
44937.00
44884.00
44796.00
44701.00
44617.00
44581.00
44544.00
44485.00
44418.00
44406.00
44408.00
44432.00
44397.00
44361.00
44359.00
44402.00
44433.00
44411.00
44400.00
44425.00
44482.00
44552.00
44552.00
44567.00
44602.00
44673.00
44735.00
44724.00
44684.00
44723.00
44780.00
44865.00
44883.00
44876.00
44903.00
44989.00
45084.00
45112.00
45124.00
45170.00
45254.00
45365.00
45442.00
45520.00
45635.00
45802.00
46004.00
46192.00
46359.00
46536.00
46774.00
47022.00
47282.00
47500.00
47752.00
48086.00
48408.00
48666.00
48857.00
49062.00
49292.00
49517.00
49687.00
49793.00
49879.00
49988.00
50147.00
50239.00
50263.00
50290.00
50307.00
50402.00
50427.00
50414.00
50368.00
50329.00
50308.00
50246.00
50155.00
50021.00
49950.00
49875.00
49756.00
49560.00
49310.00
49131.00
49016.00
48934.00
48798.00
48662.00
48574.00
48550.00
48547.00
48494.00
48449.00
48435.00
48482.00
48540.00
48532.00
48528.00
48551.00
48647.00
48736.00
48771.00
48784.00
48844.00
48966.00
49101.00
49174.00
49223.00
49277.00
49408.00
49560.00
49618.00
49625.00
49658.00
49735.00
49813.00
49818.00
49791.00
49748.00
49773.00
49784.00
49705.00
49606.00
49526.00
49510.00
49503.00
49434.00
49292.00
49178.00
49120.00
49054.00
48910.00
48697.00
48507.00
48352.00
48226.00
47992.00
47719.00
47491.00
47378.00
47266.00
47095.00
46867.00
46586.00
46381.00
46254.00
46110.00
45904.00
45687.00
45528.00
45453.00
45383.00
45264.00
45125.00
45040.00
44997.00
44956.00
44876.00
44786.00
44757.00
44766.00
44751.00
44701.00
44623.00
44577.00
44581.00
44599.00
44555.00
44485.00
44447.00
44484.00
44493.00
44462.00
44403.00
44375.00
44391.00
44424.00
44385.00
44334.00
44317.00
44356.00
44379.00
44354.00
44306.00
44306.00
44325.00
44356.00
44355.00
44319.00
44319.00
44369.00
44406.00
44412.00
44372.00
44377.00
44413.00
44503.00
44531.00
44532.00
44533.00
44582.00
44701.00
44755.00
44780.00
44814.00
44924.00
45055.00
45228.00
45381.00
45535.00
45801.00
46139.00
46410.00
46649.00
46907.00
47246.00
47619.00
47952.00
48226.00
48430.00
48661.00
48929.00
49177.00
49349.00
49466.00
49637.00
49836.00
49981.00
50084.00
50191.00
50285.00
50391.00
50519.00
50527.00
50493.00
50484.00
50470.00
50415.00
50282.00
50078.00
49860.00
49672.00
49499.00
49259.00
49015.00
48842.00
48755.00
48712.00
48658.00
48574.00
48512.00
48495.00
48491.00
48441.00
48388.00
48319.00
48327.00
48353.00
48318.00
48263.00
48232.00
48256.00
48327.00
48365.00
48392.00
48409.00
48551.00
48699.00
48835.00
48940.00
49079.00
49230.00
49418.00
49572.00
49646.00
49715.00
49782.00
49833.00
49808.00
49732.00
49640.00
49572.00
49506.00
49406.00
49264.00
49126.00
48999.00
48887.00
48758.00
48565.00
48347.00
48141.00
47981.00
47801.00
47584.00
47324.00
47108.00
46934.00
46762.00
46554.00
46292.00
46097.00
45938.00
45800.00
45603.00
45390.00
45248.00
45144.00
45091.00
44967.00
44852.00
44765.00
44749.00
44766.00
44734.00
44696.00
44667.00
44664.00
44672.00
44649.00
44572.00
44525.00
44528.00
44544.00
44505.00
44471.00
44411.00
44411.00
44428.00
44394.00
44347.00
44306.00
44318.00
44350.00
44346.00
44309.00
44297.00
44307.00
44361.00
44414.00
44403.00
44383.00
44388.00
44396.00
44395.00
44386.00
44362.00
44377.00
44437.00
44460.00
44474.00
44439.00
44477.00
44524.00
44579.00
44548.00
44510.00
44537.00
44580.00
44611.00
44626.00
44606.00
44663.00
44729.00
44784.00
44811.00
44803.00
44860.00
44974.00
45087.00
45191.00
45302.00
45468.00
45711.00
45992.00
46224.00
46407.00
46644.00
46957.00
47313.00
47631.00
47877.00
48149.00
48456.00
48745.00
48941.00
49083.00
49226.00
49387.00
49557.00
49683.00
49763.00
49840.00
49972.00
50096.00
50162.00
50162.00
50186.00
50216.00
50264.00
50242.00
50147.00
50074.00
50062.00
50039.00
49951.00
49787.00
49605.00
49465.00
49316.00
49123.00
48901.00
48690.00
48549.00
48453.00
48362.00
48224.00
48118.00
48064.00
48097.00
48087.00
48042.00
47952.00
47973.00
47996.00
48021.00
47989.00
47952.00
47970.00
48048.00
48135.00
48171.00
48200.00
48271.00
48405.00
48553.00
48645.00
48736.00
48874.00
49044.00
49190.00
49265.00
49313.00
49362.00
49425.00
49512.00
49497.00
49426.00
49360.00
49346.00
49354.00
49296.00
49207.00
49093.00
49033.00
48960.00
48791.00
48585.00
48350.00
48155.00
47992.00
47779.00
47566.00
47363.00
47234.00
47154.00
46996.00
46821.00
46637.00
46538.00
46449.00
46357.00
46195.00
46011.00
45896.00
45853.00
45779.00
45652.00
45480.00
45377.00
45365.00
45311.00
45224.00
45097.00
45059.00
45044.00
45033.00
44967.00
44897.00
44857.00
44851.00
44839.00
44790.00
44712.00
44676.00
44650.00
44643.00
44590.00
44546.00
44529.00
44572.00
44579.00
44535.00
44520.00
44500.00
44529.00
44567.00
44559.00
44519.00
44521.00
44553.00
44597.00
44592.00
44555.00
44546.00
44586.00
44655.00
44647.00
44627.00
44634.00
44690.00
44743.00
44729.00
44700.00
44692.00
44722.00
44763.00
44768.00
44720.00
44747.00
44856.00
45004.00
45084.00
45146.00
45262.00
45470.00
45713.00
45911.00
46061.00
46250.00
46538.00
46904.00
47208.00
47485.00
47721.00
48017.00
48396.00
48695.00
48879.00
49008.00
49191.00
49406.00
49584.00
49710.00
49819.00
49973.00
50148.00
50251.00
50318.00
50326.00
50377.00
50457.00
50487.00
50429.00
50366.00
50307.00
50293.00
50207.00
50047.00
49842.00
49644.00
49481.00
49353.00
49191.00
49061.00
49003.00
49003.00
49024.00
48973.00
48916.00
48865.00
48860.00
48898.00
48901.00
48857.00
48856.00
48928.00
49015.00
49035.00
49035.00
49041.00
49115.00
49205.00
49248.00
49271.00
49309.00
49394.00
49522.00
49592.00
49602.00
49655.00
49737.00
49871.00
49940.00
49991.00
50038.00
50110.00
50196.00
50210.00
50216.00
50193.00
50172.00
50166.00
50147.00
50084.00
50011.00
49955.00
49912.00
49842.00
49757.00
49635.00
49570.00
49514.00
49446.00
49308.00
49204.00
49115.00
49041.00
48931.00
48771.00
48587.00
48461.00
48353.00
48203.00
48036.00
47855.00
47727.00
47613.00
47503.00
47328.00
47117.00
46973.00
46851.00
46737.00
46576.00
46375.00
46208.00
46083.00
45986.00
45858.00
45690.00
45550.00
45471.00
45436.00
45347.00
45196.00
45081.00
45056.00
45044.00
44982.00
44911.00
44847.00
44823.00
44861.00
44840.00
44776.00
44717.00
44709.00
44732.00
44715.00
44660.00
44594.00
44587.00
44615.00
44608.00
44568.00
44522.00
44525.00
44531.00
44505.00
44450.00
44388.00
44395.00
44457.00
44459.00
44423.00
44366.00
44381.00
44432.00
44451.00
44406.00
44368.00
44381.00
44471.00
44518.00
44539.00
44508.00
44567.00
44668.00
44771.00
44838.00
44862.00
44951.00
45063.00
45213.00
45306.00
45360.00
45452.00
45580.00
45717.00
45780.00
45779.00
45770.00
45839.00
45981.00
46101.00
46135.00
46201.00
46309.00
46406.00
46439.00
46433.00
46425.00
46466.00
46530.00
46547.00
46510.00
46474.00
46486.00
46564.00
46577.00
46542.00
46525.00
46550.00
46601.00
46602.00
46564.00
46514.00
46522.00
46569.00
46558.00
46485.00
46456.00
46464.00
46526.00
46536.00
46520.00
46515.00
46505.00
46521.00
46515.00
46478.00
46417.00
46412.00
46468.00
46485.00
46443.00
46402.00
46386.00
46428.00
46463.00
46426.00
46344.00
46360.00
46414.00
46465.00
46450.00
46407.00
46402.00
46459.00
46517.00
46498.00
46436.00
46435.00
46479.00
46540.00
46517.00
46465.00
46440.00
46489.00
46561.00
46546.00
46498.00
46460.00
46460.00
46511.00
46512.00
46447.00
46400.00
46430.00
46484.00
46463.00
46424.00
46378.00
46427.00
46496.00
46491.00
46441.00
46405.00
46443.00
46503.00
46524.00
46472.00
46427.00
46451.00
46514.00
46517.00
46469.00
46429.00
46461.00
46531.00
46561.00
46523.00
46463.00
46458.00
46507.00
46552.00
46515.00
46476.00
46472.00
46527.00
46570.00
46525.00
46478.00
46485.00
46553.00
46581.00
46547.00
46478.00
46459.00
46522.00
46583.00
46569.00
46519.00
46521.00
46570.00
46626.00
46628.00
46596.00
46582.00
46642.00
46705.00
46662.00
46618.00
46610.00
46666.00
46739.00
46716.00
46652.00
46625.00
46665.00
46708.00
46702.00
46649.00
46614.00
46641.00
46699.00
46686.00
46632.00
46609.00
46632.00
46694.00
46675.00
46620.00
46566.00
46589.00
46667.00
46682.00
46619.00
46552.00
46567.00
46617.00
46597.00
46567.00
46510.00
46529.00
46569.00
46581.00
46546.00
46486.00
46469.00
46526.00
46554.00
46513.00
46419.00
46425.00
46454.00
46471.00
46409.00
46342.00
46337.00
46386.00
46420.00
46369.00
46312.00
46291.00
46346.00
46417.00
46424.00
46335.00
46326.00
46353.00
46391.00
46381.00
46339.00
46372.00
46474.00
46575.00
46584.00
