45696.00
45791.00
45736.00
45616.00
45591.00
45676.00
45789.00
45754.00
45638.00
45592.00
45675.00
45778.00
45743.00
45634.00
45587.00
45682.00
45782.00
45756.00
45662.00
45593.00
45654.00
45785.00
45751.00
45651.00
45568.00
45630.00
45767.00
45753.00
45655.00
45564.00
45614.00
45760.00
45757.00
45669.00
45576.00
45621.00
45738.00
45776.00
45668.00
45559.00
45596.00
45729.00
45762.00
45672.00
45577.00
45595.00
45712.00
45750.00
45685.00
45566.00
45578.00
45687.00
45743.00
45677.00
45559.00
45564.00
45678.00
45748.00
45680.00
45558.00
45550.00
45655.00
45761.00
45672.00
45560.00
45550.00
45657.00
45744.00
45686.00
45559.00
45555.00
45656.00
45752.00
45691.00
45569.00
45553.00
45641.00
45767.00
45697.00
45613.00
45543.00
45636.00
45767.00
45730.00
45620.00
45556.00
45650.00
45781.00
45743.00
45653.00
45579.00
45640.00
45780.00
45747.00
45643.00
45558.00
45624.00
45752.00
45726.00
45645.00
45563.00
45625.00
45751.00
45753.00
45646.00
45570.00
45612.00
45750.00
45766.00
45666.00
45569.00
45607.00
45750.00
45788.00
45681.00
45581.00
45612.00
45752.00
45775.00
45693.00
45583.00
45603.00
45733.00
45775.00
45713.00
45591.00
45605.00
45732.00
45783.00
45719.00
45602.00
45595.00
45714.00
45785.00
45728.00
45597.00
45593.00
45693.00
45773.00
45710.00
45603.00
45570.00
45672.00
45770.00
45712.00
45596.00
45569.00
45679.00
45782.00
45737.00
45600.00
45559.00
45648.00
45775.00
45712.00
45615.00
45563.00
45653.00
45773.00
45745.00
45635.00
45571.00
45653.00
45783.00
45760.00
45636.00
45569.00
45642.00
45766.00
45744.00
45636.00
45564.00
45631.00
45748.00
45748.00
45640.00
45554.00
45610.00
45753.00
45755.00
45656.00
45564.00
45617.00
45758.00
45766.00
45682.00
45573.00
45621.00
45746.00
45769.00
45685.00
45571.00
45610.00
45721.00
45761.00
45687.00
45573.00
45597.00
45726.00
45769.00
45684.00
45573.00
45594.00
45721.00
45786.00
45705.00
45595.00
45598.00
45702.00
45772.00
45695.00
45587.00
45574.00
45683.00
45766.00
45709.00
45595.00
45587.00
45700.00
45798.00
45743.00
45648.00
45624.00
45740.00
45853.00
45812.00
45705.00
45684.00
45784.00
45917.00
45873.00
45777.00
45749.00
45842.00
45974.00
45931.00
45820.00
45781.00
45852.00
45997.00
45970.00
45850.00
45790.00
45852.00
45980.00
45963.00
45869.00
45782.00
45849.00
45978.00
45953.00
45848.00
45751.00
45791.00
45916.00
45922.00
45806.00
45702.00
45730.00
45867.00
45862.00
45748.00
45640.00
45671.00
45801.00
45802.00
45710.00
45593.00
45638.00
45739.00
45777.00
45685.00
45570.00
45595.00
45738.00
45763.00
45670.00
45553.00
45568.00
45695.00
45735.00
45655.00
45541.00
45553.00
45674.00
45732.00
45651.00
45543.00
45538.00
45657.00
45731.00
45657.00
45532.00
45539.00
45635.00
45724.00
45649.00
45546.00
45532.00
45631.00
45727.00
45680.00
45554.00
45527.00
45633.00
45723.00
45676.00
45558.00
45523.00
45615.00
45730.00
45667.00
45574.00
45513.00
45601.00
45732.00
45686.00
45571.00
45512.00
45596.00
45715.00
45681.00
45578.00
45514.00
45588.00
45713.00
45692.00
45590.00
45504.00
45559.00
45697.00
45697.00
45586.00
45517.00
45557.00
45698.00
45704.00
45608.00
45520.00
45587.00
45717.00
45716.00
45648.00
45555.00
45586.00
45706.00
45721.00
45645.00
45563.00
45606.00
45736.00
45762.00
45685.00
45572.00
45594.00
45725.00
45770.00
45702.00
45571.00
45603.00
45710.00
45772.00
45682.00
45566.00
45582.00
45697.00
45753.00
45685.00
45563.00
45545.00
45668.00
45748.00
45690.00
45568.00
45538.00
45653.00
45753.00
45659.00
45563.00
45555.00
45640.00
45745.00
45686.00
45561.00
45537.00
45627.00
45741.00
45670.00
45565.00
45528.00
45634.00
45750.00
45704.00
45575.00
45529.00
45624.00
45728.00
45689.00
45579.00
45548.00
45609.00
45740.00
45694.00
45586.00
45512.00
45598.00
45722.00
45696.00
45580.00
45515.00
45591.00
45727.00
45686.00
45586.00
45508.00
45577.00
45717.00
45712.00
45607.00
45529.00
45572.00
45711.00
45707.00
45610.00
45517.00
45560.00
45706.00
45707.00
45626.00
45527.00
45561.00
45690.00
45718.00
45628.00
45516.00
45537.00
45663.00
45707.00
45615.00
45510.00
45558.00
45683.00
45725.00
45630.00
45527.00
45533.00
45645.00
45717.00
45638.00
45521.00
45527.00
45646.00
45708.00
45636.00
45527.00
45518.00
45633.00
45710.00
45653.00
45542.00
45532.00
45627.00
45738.00
45660.00
45543.00
45534.00
45639.00
45736.00
45663.00
45564.00
45529.00
45635.00
45757.00
45691.00
45587.00
45547.00
45626.00
45740.00
45699.00
45590.00
45538.00
45627.00
45741.00
45700.00
45599.00
45549.00
45615.00
45745.00
45711.00
45585.00
45544.00
45607.00
45741.00
45714.00
45618.00
45533.00
45596.00
45739.00
45704.00
45630.00
45531.00
45601.00
45710.00
45723.00
45627.00
45539.00
45591.00
45719.00
45724.00
45622.00
45540.00
45584.00
45696.00
45736.00
45636.00
45535.00
45569.00
45694.00
45737.00
45646.00
45544.00
45584.00
45694.00
45735.00
45654.00
45552.00
45570.00
45686.00
45743.00
45659.00
45551.00
45557.00
45672.00
45730.00
45654.00
45552.00
45554.00
45662.00
45729.00
45657.00
45542.00
45534.00
45662.00
45729.00
45668.00
45542.00
45553.00
45636.00
45735.00
45665.00
45563.00
45535.00
45638.00
45737.00
45659.00
45566.00
45519.00
45644.00
45740.00
45679.00
45584.00
45509.00
45619.00
45734.00
45700.00
45577.00
45541.00
45607.00
45728.00
45683.00
45577.00
45529.00
45607.00
45744.00
45710.00
45598.00
45536.00
45605.00
45742.00
45715.00
45623.00
45535.00
45605.00
45731.00
45726.00
45616.00
45540.00
45588.00
45728.00
45728.00
45631.00
45546.00
45592.00
45729.00
45733.00
45656.00
45549.00
45583.00
45715.00
45744.00
45651.00
45565.00
45582.00
45700.00
45750.00
45658.00
45547.00
45579.00
45699.00
45739.00
45653.00
45562.00
45572.00
45684.00
45741.00
45675.00
45555.00
45558.00
45654.00
45745.00
45655.00
45557.00
45550.00
45660.00
45741.00
45665.00
45566.00
45553.00
45645.00
45724.00
45660.00
45570.00
45527.00
45645.00
45747.00
45695.00
45581.00
45546.00
45623.00
45733.00
45692.00
45564.00
45536.00
45616.00
45723.00
45677.00
45579.00
45529.00
45613.00
45720.00
45701.00
45586.00
45539.00
45604.00
45727.00
45705.00
45587.00
45520.00
45592.00
45712.00
45720.00
45608.00
45517.00
45594.00
45713.00
45712.00
45604.00
45532.00
45577.00
45711.00
45707.00
45619.00
45524.00
45568.00
45683.00
45709.00
45621.00
45523.00
45566.00
45684.00
45719.00
45630.00
45533.00
45565.00
45676.00
45732.00
45636.00
45542.00
45541.00
45670.00
45721.00
45644.00
45548.00
45555.00
45661.00
45736.00
45647.00
45525.00
45544.00
45657.00
45723.00
45661.00
45538.00
45532.00
45636.00
45734.00
45675.00
45551.00
45507.00
45623.00
45738.00
45664.00
45533.00
45523.00
45629.00
45735.00
45678.00
45561.00
45523.00
45612.00
45715.00
45684.00
45566.00
45524.00
45612.00
45728.00
45683.00
45578.00
45525.00
45597.00
45713.00
45659.00
45578.00
45509.00
45585.00
45705.00
45681.00
45582.00
45514.00
45571.00
45699.00
45700.00
45604.00
45509.00
45560.00
45700.00
45701.00
45601.00
45510.00
45556.00
45692.00
45683.00
45608.00
45510.00
45539.00
45669.00
45717.00
45614.00
45519.00
45526.00
45672.00
45700.00
45631.00
45507.00
45539.00
45655.00
45713.00
45637.00
45519.00
45539.00
45642.00
45703.00
45633.00
45515.00
45535.00
45633.00
45720.00
45647.00
45541.00
45537.00
45641.00
45716.00
45654.00
45534.00
45519.00
45604.00
45718.00
45650.00
45552.00
45526.00
45622.00
45730.00
45662.00
45532.00
45506.00
45608.00
45709.00
45661.00
45563.00
45515.00
45589.00
45712.00
45668.00
45561.00
45501.00
45576.00
45707.00
45677.00
45557.00
45511.00
45564.00
45708.00
45664.00
45584.00
45489.00
45573.00
45693.00
45687.00
45584.00
45493.00
45556.00
45683.00
45697.00
45596.00
45516.00
45556.00
45682.00
45713.00
45606.00
45505.00
45543.00
45678.00
45695.00
45630.00
45508.00
45545.00
45664.00
45711.00
45638.00
45525.00
45554.00
45673.00
45709.00
45634.00
45532.00
45562.00
45660.00
45722.00
45645.00
45546.00
45525.00
45648.00
45720.00
45651.00
45544.00
45534.00
45659.00
45734.00
45680.00
45547.00
45528.00
45634.00
45730.00
45663.00
45555.00
45521.00
45624.00
45720.00
45682.00
45544.00
45519.00
45602.00
45716.00
45675.00
45563.00
45524.00
45606.00
45727.00
45702.00
45580.00
45522.00
45591.00
45714.00
45673.00
45568.00
45494.00
45581.00
45717.00
45681.00
45588.00
45525.00
45586.00
45702.00
45690.00
45614.00
45510.00
45568.00
45706.00
45722.00
45629.00
45528.00
45569.00
45694.00
45707.00
45624.00
45528.00
45558.00
45680.00
45713.00
45644.00
45548.00
45544.00
45669.00
45720.00
45640.00
45521.00
45536.00
45672.00
45722.00
45647.00
45547.00
45548.00
45673.00
45732.00
45660.00
45546.00
45543.00
45653.00
45719.00
45658.00
45544.00
45546.00
45628.00
45736.00
45666.00
45549.00
45522.00
45621.00
45730.00
45668.00
45550.00
45520.00
45626.00
45734.00
45682.00
45557.00
45528.00
45609.00
45726.00
45698.00
45572.00
45512.00
45605.00
45723.00
45689.00
45589.00
45522.00
45606.00
45720.00
45694.00
45596.00
45530.00
45577.00
45704.00
45710.00
45617.00
45541.00
45576.00
45710.00
45701.00
45612.00
45524.00
45564.00
45700.00
45718.00
45625.00
45520.00
45565.00
45689.00
45707.00
45628.00
45535.00
45553.00
45676.00
45728.00
45635.00
45538.00
45548.00
45672.00
45719.00
45659.00
45534.00
45552.00
45655.00
45733.00
45664.00
45541.00
45546.00
45641.00
45718.00
45667.00
45557.00
45542.00
45622.00
45728.00
45668.00
45553.00
45539.00
45632.00
45722.00
45667.00
45573.00
45532.00
45610.00
45726.00
45684.00
45583.00
45516.00
45618.00
45732.00
45688.00
45591.00
45523.00
45589.00
45728.00
45685.00
45591.00
45525.00
45580.00
45712.00
45687.00
45602.00
45520.00
45579.00
45692.00
45697.00
45614.00
45522.00
45561.00
45693.00
45722.00
45608.00
45516.00
45551.00
45681.00
45702.00
45625.00
45513.00
45557.00
45667.00
45714.00
45639.00
45548.00
45546.00
45657.00
45698.00
45633.00
45535.00
45551.00
45646.00
45729.00
45641.00
45541.00
45524.00
45656.00
45721.00
45659.00
45545.00
45529.00
45617.00
45719.00
45667.00
45560.00
45525.00
45620.00
45712.00
45679.00
45563.00
45522.00
45613.00
45718.00
45685.00
45566.00
45534.00
45599.00
45729.00
45695.00
45597.00
45519.00
45594.00
45717.00
45698.00
45589.00
45525.00
45578.00
45718.00
45712.00
45614.00
45520.00
45565.00
45701.00
45711.00
45615.00
45514.00
45559.00
45686.00
45687.00
45614.00
45528.00
45545.00
45690.00
45720.00
45638.00
45527.00
45544.00
45676.00
45722.00
45625.00
45520.00
45552.00
45653.00
45729.00
45641.00
45533.00
45515.00
45631.00
45708.00
45635.00
45530.00
45515.00
45630.00
45716.00
45656.00
45535.00
45500.00
45607.00
45716.00
45649.00
45558.00
45522.00
45605.00
45715.00
45657.00
45549.00
45501.00
45593.00
45702.00
45664.00
45558.00
45502.00
45590.00
45704.00
45674.00
45576.00
45496.00
45561.00
45681.00
45664.00
45590.00
45501.00
45555.00
45689.00
45673.00
45582.00
45496.00
45534.00
45671.00
45676.00
45591.00
45492.00
45531.00
45662.00
45686.00
45584.00
45487.00
45520.00
45646.00
45689.00
45600.00
45512.00
45517.00
45633.00
45698.00
45621.00
45508.00
45500.00
45627.00
45700.00
45621.00
45524.00
45504.00
45609.00
45689.00
45625.00
45517.00
45502.00
45585.00
45701.00
45637.00
45518.00
45498.00
45589.00
45699.00
45632.00
45531.00
45480.00
45584.00
45690.00
45646.00
45533.00
45490.00
45562.00
45685.00
45656.00
45544.00
45476.00
45550.00
45691.00
45658.00
45552.00
45487.00
45549.00
45677.00
45667.00
45578.00
45495.00
45543.00
45659.00
45677.00
45589.00
45499.00
45526.00
45669.00
45679.00
45601.00
45487.00
45509.00
45636.00
45666.00
45596.00
45490.00
45510.00
45634.00
45683.00
45609.00
45497.00
45509.00
45621.00
45680.00
45610.00
45501.00
45497.00
45609.00
45702.00
45616.00
45515.00
45488.00
45589.00
45691.00
45631.00
45520.00
45481.00
45586.00
45687.00
45647.00
45521.00
45480.00
45570.00
45687.00
45647.00
45550.00
45493.00
45576.00
45692.00
45660.00
45553.00
45485.00
45559.00
45686.00
45666.00
45556.00
45500.00
45557.00
45704.00
45677.00
45573.00
45488.00
45535.00
45662.00
45672.00
45580.00
45478.00
45534.00
45667.00
45677.00
45583.00
45501.00
45523.00
45650.00
45689.00
45602.00
45497.00
45505.00
45621.00
45703.00
45622.00
45487.00
45488.00
45631.00
45694.00
45621.00
45511.00
45506.00
45623.00
45715.00
45620.00
45519.00
45495.00
45583.00
45692.00
45632.00
45524.00
45498.00
45580.00
45703.00
45638.00
45516.00
45489.00
45578.00
45681.00
45639.00
45546.00
45499.00
45569.00
45690.00
45666.00
45558.00
45489.00
45553.00
45682.00
45651.00
45568.00
45503.00
45545.00
45675.00
45676.00
45580.00
45494.00
45537.00
45682.00
45696.00
45601.00
45533.00
45568.00
45686.00
45708.00
45636.00
45542.00
45580.00
45687.00
45732.00
45665.00
45581.00
45585.00
45724.00
45766.00
45706.00
45597.00
45601.00
45723.00
45787.00
45718.00
45613.00
45626.00
45737.00
45811.00
45770.00
45647.00
45654.00
45763.00
45850.00
45794.00
45699.00
45688.00
45791.00
45901.00
45856.00
45753.00
45726.00
45822.00
45943.00
45894.00
45804.00
45743.00
45855.00
45973.00
45953.00
45858.00
45794.00
45882.00
46022.00
46032.00
45921.00
45875.00
45950.00
46071.00
46077.00
46002.00
45949.00
46004.00
46145.00
46183.00
46114.00
46027.00
46106.00
46242.00
46285.00
46232.00
46169.00
46229.00
46368.00
46443.00
46393.00
46319.00
46367.00
46512.00
46587.00
46534.00
46461.00
46502.00
46640.00
46742.00
46693.00
46630.00
46643.00
46786.00
46894.00
46867.00
46775.00
46812.00
46940.00
47068.00
47044.00
46966.00
46966.00
47097.00
47238.00
47224.00
47139.00
47125.00
47239.00
47393.00
47360.00
47289.00
47245.00
47357.00
47508.00
47504.00
47414.00
47383.00
47483.00
47647.00
47644.00
47588.00
47542.00
47637.00
47796.00
47814.00
47742.00
47715.00
47782.00
47918.00
47966.00
47904.00
47840.00
47896.00
48051.00
48115.00
48040.00
47969.00
48007.00
48159.00
48214.00
48156.00
48055.00
48096.00
48246.00
48310.00
48259.00
48166.00
48201.00
48327.00
48417.00
48365.00
48274.00
48288.00
48432.00
48527.00
48481.00
48381.00
48394.00
48504.00
48612.00
48584.00
48473.00
48480.00
48576.00
48705.00
48682.00
48595.00
48564.00
48684.00
48813.00
48772.00
48662.00
48622.00
48716.00
48867.00
48827.00
48740.00
48674.00
48757.00
48905.00
48894.00
48794.00
48717.00
48805.00
48950.00
48942.00
48855.00
48763.00
48837.00
48980.00
48985.00
48899.00
48799.00
48845.00
48972.00
49004.00
48907.00
48806.00
48833.00
48977.00
49008.00
48918.00
48806.00
48829.00
48955.00
49017.00
48934.00
48811.00
48813.00
48952.00
49012.00
48926.00
48799.00
48793.00
48927.00
49009.00
48930.00
48799.00
48783.00
48906.00
48994.00
48944.00
48806.00
48783.00
48883.00
48999.00
48943.00
48822.00
48767.00
48867.00
49002.00
48942.00
48828.00
48771.00
48867.00
48984.00
48965.00
48840.00
48790.00
48861.00
48991.00
48978.00
48860.00
48792.00
48843.00
48993.00
48971.00
48868.00
48787.00
48841.00
48992.00
48988.00
48878.00
48795.00
48841.00
48971.00
48983.00
48892.00
48777.00
48820.00
48939.00
48978.00
48905.00
48783.00
48818.00
48935.00
48976.00
48912.00
48794.00
48800.00
48923.00
48996.00
48916.00
48799.00
48789.00
48911.00
48980.00
48905.00
48778.00
48764.00
48873.00
48977.00
48906.00
48798.00
48765.00
48855.00
48966.00
48916.00
48803.00
48774.00
48868.00
48974.00
48925.00
48823.00
48778.00
48856.00
48995.00
48949.00
48841.00
48775.00
48857.00
48979.00
48950.00
48847.00
48763.00
48851.00
48979.00
48968.00
48848.00
48772.00
48826.00
48979.00
48972.00
48875.00
48789.00
48830.00
48962.00
48973.00
48872.00
48774.00
48803.00
48948.00
48985.00
48887.00
48775.00
48798.00
48945.00
48976.00
48887.00
48784.00
48804.00
48933.00
48985.00
48907.00
48791.00
48786.00
48920.00
48991.00
48907.00
48794.00
48779.00
48903.00
48985.00
48926.00
48804.00
48788.00
48880.00
48991.00
48938.00
48808.00
48778.00
48875.00
48995.00
48930.00
48814.00
48769.00
48860.00
48976.00
48927.00
48830.00
48767.00
48835.00
48969.00
48946.00
48827.00
48769.00
48837.00
48972.00
48950.00
48849.00
48765.00
48814.00
48971.00
48962.00
48848.00
48765.00
48823.00
48952.00
48961.00
48860.00
48764.00
48802.00
48946.00
48969.00
48869.00
48760.00
48782.00
48917.00
48954.00
48882.00
48765.00
48783.00
48910.00
48965.00
48860.00
48754.00
48770.00
48890.00
48968.00
48892.00
48771.00
48765.00
48882.00
48960.00
48882.00
48750.00
48747.00
48862.00
48965.00
48894.00
48775.00
48742.00
48830.00
48959.00
48902.00
48770.00
48733.00
48819.00
48948.00
48913.00
48785.00
48714.00
48812.00
48939.00
48896.00
48789.00
48729.00
48798.00
48946.00
48892.00
48806.00
48721.00
48779.00
48925.00
48909.00
48803.00
48706.00
48771.00
48917.00
48920.00
48824.00
48718.00
48768.00
48910.00
48920.00
48814.00
48712.00
48748.00
48893.00
48927.00
48848.00
48712.00
48750.00
48866.00
48926.00
48840.00
48729.00
48732.00
48859.00
48921.00
48846.00
48723.00
48728.00
48848.00
48916.00
48858.00
48727.00
48715.00
48830.00
48925.00
48853.00
48746.00
48703.00
48822.00
48903.00
48863.00
48733.00
48713.00
48817.00
48909.00
48871.00
48744.00
48704.00
48804.00
48920.00
48882.00
48765.00
48702.00
48783.00
48919.00
48887.00
48790.00
48698.00
48789.00
48918.00
48912.00
48801.00
48724.00
48790.00
48926.00
48935.00
48874.00
48779.00
48862.00
49040.00
49048.00
48995.00
48912.00
49006.00
49182.00
49238.00
49167.00
49107.00
49158.00
49336.00
49406.00
49358.00
49287.00
49342.00
49503.00
49563.00
49516.00
49434.00
49486.00
49651.00
49742.00
49680.00
49591.00
49624.00
49781.00
49899.00
49851.00
49754.00
49771.00
49915.00
50033.00
50006.00
49894.00
49923.00
50053.00
50205.00
50153.00
50065.00
50058.00
50182.00
50325.00
50308.00
50201.00
50196.00
50310.00
50450.00
50431.00
50323.00
50274.00
50375.00
50521.00
50494.00
50392.00
50348.00
50461.00
50599.00
50589.00
50475.00
50419.00
50501.00
50659.00
50659.00
50545.00
50490.00
50570.00
50737.00
50743.00
50658.00
50556.00
50626.00
50787.00
50823.00
50730.00
50626.00
50682.00
50828.00
50869.00
50770.00
50663.00
50707.00
50856.00
50908.00
50815.00
50700.00
50729.00
50884.00
50947.00
50854.00
50732.00
50742.00
50896.00
50964.00
50878.00
50752.00
50755.00
50876.00
50980.00
50894.00
50767.00
50742.00
50864.00
50970.00
50891.00
50770.00
50732.00
50842.00
50961.00
50889.00
50745.00
50721.00
50836.00
50956.00
50903.00
50772.00
50713.00
50829.00
50952.00
50914.00
50793.00
50730.00
50811.00
50953.00
50915.00
50803.00
50732.00
50801.00
50959.00
50926.00
50807.00
50731.00
50788.00
50948.00
50935.00
50817.00
50723.00
50793.00
50932.00
50924.00
50831.00
50726.00
50785.00
50936.00
50931.00
50841.00
50729.00
50781.00
50928.00
50953.00
50849.00
50736.00
50752.00
50909.00
50938.00
50852.00
50715.00
50745.00
50890.00
50959.00
50872.00
50735.00
50741.00
50880.00
50955.00
50860.00
50738.00
50746.00
50867.00
50964.00
50890.00
50742.00
50736.00
50862.00
50949.00
50878.00
50742.00
50730.00
50845.00
50949.00
50887.00
50750.00
50728.00
50827.00
50950.00
50886.00
50769.00
50716.00
50818.00
50950.00
50891.00
50771.00
50717.00
50818.00
50942.00
50899.00
50778.00
50696.00
50793.00
50934.00
50902.00
50776.00
50708.00
50794.00
50938.00
50915.00
50792.00
50700.00
50774.00
50926.00
50907.00
50798.00
50699.00
50785.00
50922.00
50933.00
50815.00
50715.00
50765.00
50922.00
50921.00
50824.00
50714.00
50761.00
50897.00
50941.00
50836.00
50724.00
50760.00
50894.00
50930.00
50844.00
50723.00
50746.00
50882.00
50940.00
50863.00
50735.00
50733.00
50874.00
50946.00
50857.00
50726.00
50726.00
50861.00
50934.00
50864.00
50737.00
50731.00
50859.00
50949.00
50878.00
50730.00
50718.00
50846.00
50956.00
50877.00
50761.00
50729.00
50841.00
50954.00
50887.00
50756.00
50719.00
50841.00
50945.00
50895.00
50758.00
50721.00
50807.00
50956.00
50897.00
50774.00
50720.00
50806.00
50940.00
50904.00
50784.00
50730.00
50799.00
50954.00
50924.00
50805.00
50714.00
50804.00
50955.00
50924.00
50815.00
50719.00
50776.00
50940.00
50924.00
50822.00
50728.00
50786.00
50938.00
50934.00
50827.00
50726.00
50781.00
50922.00
50950.00
50830.00
50734.00
50759.00
50916.00
50943.00
50838.00
50726.00
50760.00
50915.00
50939.00
50850.00
50728.00
50762.00
50910.00
50967.00
50860.00
50733.00
50752.00
50872.00
50949.00
50877.00
50748.00
50752.00
50881.00
50959.00
50881.00
50742.00
50736.00
50868.00
50956.00
50883.00
50744.00
50732.00
50861.00
50952.00
50879.00
50752.00
50714.00
50842.00
50946.00
50883.00
50757.00
50719.00
50825.00
50940.00
50882.00
50769.00
50718.00
50813.00
50921.00
50890.00
50765.00
50709.00
50788.00
50933.00
50885.00
50774.00
50696.00
50785.00
50913.00
50891.00
50767.00
50686.00
50776.00
50920.00
50907.00
50788.00
50698.00
50776.00
50911.00
50904.00
50788.00
50709.00
50761.00
50904.00
50923.00
50798.00
50704.00
50749.00
50897.00
50901.00
50804.00
50695.00
50740.00
50889.00
50919.00
50811.00
50690.00
50735.00
50878.00
50908.00
50820.00
50690.00
50720.00
50880.00
50921.00
50830.00
50694.00
50728.00
50859.00
50923.00
50824.00
50711.00
50715.00
50838.00
50920.00
50830.00
50708.00
50701.00
50843.00
50929.00
50853.00
50717.00
50709.00
50829.00
50922.00
50845.00
50711.00
50685.00
50809.00
50925.00
50850.00
50728.00
50690.00
50801.00
50916.00
50850.00
50722.00
50693.00
50795.00
50910.00
50862.00
50737.00
50700.00
50787.00
50916.00
50866.00
50749.00
50679.00
50780.00
50907.00
50874.00
50761.00
50687.00
50767.00
50903.00
50866.00
50756.00
50675.00
50738.00
50905.00
50884.00
50758.00
50673.00
50745.00
50891.00
50879.00
50770.00
50645.00
50744.00
50893.00
50877.00
50771.00
50668.00
50721.00
50871.00
50890.00
50779.00
50677.00
50713.00
50859.00
50900.00
50779.00
50680.00
50706.00
50848.00
50880.00
50788.00
50674.00
50705.00
50854.00
50891.00
50799.00
50674.00
50687.00
50837.00
50891.00
50808.00
50684.00
50697.00
50829.00
50899.00
50824.00
50712.00
50720.00
50854.00
50945.00
50870.00
50768.00
50773.00
50924.00
51030.00
50977.00
50864.00
50885.00
51017.00
51136.00
51091.00
50983.00
50996.00
51120.00
51253.00
51211.00
51111.00
51106.00
51251.00
51392.00
51370.00
51258.00
51242.00
51362.00
51540.00
51517.00
51404.00
51370.00
51491.00
51643.00
51633.00
51541.00
51497.00
51607.00
51782.00
51768.00
51656.00
51611.00
51707.00
51894.00
51877.00
51792.00
51726.00
51823.00
51987.00
51992.00
51902.00
51817.00
51900.00
52093.00
52103.00
51996.00
51903.00
51970.00
52131.00
52159.00
52063.00
51949.00
52013.00
52165.00
52188.00
52097.00
51990.00
52046.00
52196.00
52233.00
52143.00
52030.00
52067.00
52227.00
52278.00
52179.00
52063.00
52092.00
52233.00
52320.00
52237.00
52116.00
52134.00
52277.00
52349.00
52270.00
52139.00
52160.00
52283.00
52388.00
52308.00
52183.00
52181.00
52331.00
52416.00
52331.00
52209.00
52199.00
52326.00
52430.00
52350.00
52222.00
52196.00
52319.00
52450.00
52376.00
52244.00
52205.00
52331.00
52438.00
52375.00
52252.00
52201.00
52307.00
52424.00
52372.00
52240.00
52189.00
52277.00
52429.00
52355.00
52240.00
52171.00
52279.00
52426.00
52386.00
52258.00
52171.00
52259.00
52411.00
52365.00
52242.00
52175.00
52259.00
52399.00
52383.00
52257.00
52176.00
52250.00
52418.00
52386.00
52268.00
52162.00
52232.00
52384.00
52394.00
52264.00
52167.00
52216.00
52376.00
52389.00
52274.00
52161.00
52198.00
52354.00
52386.00
52283.00
52165.00
52201.00
52361.00
52388.00
52286.00
52170.00
52208.00
52345.00
52357.00
52283.00
52160.00
52187.00
52341.00
52396.00
52298.00
52162.00
52169.00
52313.00
52387.00
52298.00
52157.00
52176.00
52301.00
52394.00
52304.00
52182.00
52168.00
52298.00
52397.00
52316.00
52180.00
52155.00
52297.00
52389.00
52318.00
52181.00
52170.00
52281.00
52393.00
52320.00
52191.00
52160.00
52278.00
52394.00
52345.00
52196.00
52171.00
52283.00
52405.00
52331.00
52208.00
52151.00
52263.00
52389.00
52344.00
52203.00
52148.00
52251.00
52382.00
52337.00
52215.00
52148.00
52242.00
52381.00
52336.00
52217.00
52139.00
52237.00
52371.00
52352.00
52225.00
52146.00
52225.00
52360.00
52354.00
52223.00
52139.00
52208.00
52357.00
52344.00
52233.00
52134.00
52205.00
52349.00
52341.00
52239.00
52127.00
52179.00
52348.00
52351.00
52259.00
52132.00
52191.00
52321.00
52346.00
52240.00
52117.00
52157.00
52312.00
52344.00
52248.00
52125.00
52142.00
52294.00
52339.00
52241.00
52104.00
52131.00
52276.00
52332.00
52240.00
52096.00
52114.00
52269.00
52333.00
52246.00
52110.00
52124.00
52250.00
52337.00
52255.00
52115.00
52117.00
52242.00
52346.00
52259.00
52122.00
52106.00
52239.00
52335.00
52243.00
52130.00
52092.00
52229.00
52329.00
52262.00
52131.00
52099.00
52199.00
52328.00
52262.00
52124.00
52086.00
52200.00
52322.00
52273.00
52126.00
52074.00
52191.00
52323.00
52264.00
52136.00
52082.00
52187.00
52316.00
52270.00
52134.00
52071.00
52183.00
52310.00
52276.00
52146.00
52075.00
52165.00
52323.00
52282.00
52147.00
52070.00
52155.00
52312.00
52282.00
52152.00
52062.00
52152.00
52296.00
52285.00
52170.00
52070.00
52134.00
52298.00
52287.00
52171.00
52064.00
52135.00
52284.00
52284.00
52170.00
52068.00
52108.00
52284.00
52287.00
52184.00
52071.00
52113.00
52266.00
52284.00
52175.00
52070.00
52104.00
52255.00
52294.00
52187.00
52071.00
52099.00
52242.00
52287.00
52191.00
52075.00
52098.00
52235.00
52291.00
52195.00
52072.00
52077.00
52219.00
52305.00
52201.00
52068.00
52089.00
52229.00
52301.00
52216.00
52085.00
52089.00
52219.00
52302.00
52222.00
52094.00
52074.00
52212.00
52318.00
52230.00
52096.00
52080.00
52210.00
52312.00
52227.00
52091.00
52061.00
52181.00
52306.00
52229.00
52087.00
52050.00
52174.00
52289.00
52216.00
52099.00
52049.00
52170.00
52290.00
52243.00
52104.00
52062.00
52155.00
52288.00
52242.00
52110.00
52042.00
52155.00
52292.00
52236.00
52117.00
52051.00
52137.00
52287.00
52244.00
52122.00
52045.00
52140.00
52289.00
52256.00
52117.00
52038.00
52126.00
52279.00
52250.00
52147.00
52060.00
52125.00
52284.00
52254.00
52151.00
52052.00
52129.00
52269.00
52264.00
52146.00
52055.00
52118.00
52261.00
52268.00
52164.00
52051.00
52101.00
52259.00
52266.00
52160.00
52056.00
52106.00
52258.00
52281.00
52173.00
52053.00
52101.00
52248.00
52301.00
52166.00
52065.00
52099.00
52248.00
52298.00
52189.00
52064.00
52096.00
52241.00
52284.00
52194.00
52070.00
52105.00
52251.00
52327.00
52244.00
52121.00
52148.00
52293.00
52400.00
52318.00
52203.00
52218.00
52383.00
52478.00
52409.00
52297.00
52305.00
52459.00
52557.00
52508.00
52379.00
52401.00
52561.00
52684.00
52631.00
52527.00
52522.00
52666.00
52789.00
52738.00
52630.00
52614.00
52783.00
52911.00
52864.00
52755.00
52745.00
52868.00
53012.00
52982.00
52874.00
52849.00
52983.00
53134.00
53109.00
53006.00
52969.00
53095.00
53249.00
53224.00
53138.00
53099.00
53215.00
53384.00
53362.00
53242.00
53225.00
53318.00
53464.00
53444.00
53335.00
53291.00
53394.00
53554.00
53545.00
53456.00
53393.00
53492.00
53651.00
53632.00
53523.00
53457.00
53545.00
53690.00
53686.00
53589.00
53513.00
53579.00
53737.00
53727.00
53627.00
53533.00
53602.00
53744.00
53761.00
53669.00
53577.00
53642.00
53805.00
53822.00
53721.00
53621.00
53663.00
53816.00
53845.00
53737.00
53639.00
53677.00
53814.00
53868.00
53776.00
53665.00
53698.00
53837.00
53879.00
53772.00
53665.00
53693.00
53821.00
53872.00
53793.00
53656.00
53682.00
53813.00
53874.00
53789.00
53661.00
53665.00
53797.00
53858.00
53778.00
53657.00
53653.00
53786.00
53871.00
53783.00
53658.00
53658.00
53773.00
53872.00
53794.00
53670.00
53655.00
53778.00
53869.00
53802.00
53670.00
53655.00
53759.00
53856.00
53796.00
53660.00
53640.00
53748.00
53850.00
53795.00
53663.00
53621.00
53731.00
53853.00
53796.00
53667.00
53626.00
53728.00
53840.00
53791.00
53680.00
53620.00
53703.00
53828.00
53793.00
53678.00
53608.00
53714.00
53844.00
53803.00
53679.00
53609.00
53690.00
53823.00
53787.00
53676.00
53613.00
53681.00
53814.00
53787.00
53665.00
53577.00
53656.00
53798.00
53773.00
53668.00
53566.00
53634.00
53777.00
53769.00
53657.00
53558.00
53618.00
53761.00
53761.00
53674.00
53570.00
53628.00
53756.00
53775.00
53671.00
53569.00
53598.00
53743.00
53752.00
53654.00
53560.00
53591.00
53737.00
53759.00
53656.00
53541.00
53578.00
53713.00
53763.00
53670.00
53562.00
53584.00
53719.00
53764.00
53684.00
53557.00
53579.00
53690.00
53763.00
53672.00
53553.00
53557.00
53686.00
53759.00
53675.00
53560.00
53557.00
53675.00
53754.00
53679.00
53550.00
53559.00
53665.00
53758.00
53680.00
53566.00
53551.00
53655.00
53753.00
53686.00
53562.00
53531.00
53640.00
53748.00
53676.00
53561.00
53527.00
53641.00
53746.00
53685.00
53558.00
53514.00
53602.00
53719.00
53652.00
53534.00
53480.00
53584.00
53712.00
53655.00
53538.00
53472.00
53562.00
53691.00
53649.00
53533.00
53466.00
53549.00
53688.00
53651.00
53545.00
53473.00
53544.00
53679.00
53652.00
53536.00
53466.00
53515.00
53661.00
53652.00
53537.00
53452.00
53519.00
53654.00
53647.00
53536.00
53441.00
53507.00
53638.00
53638.00
53550.00
53441.00
53504.00
53647.00
53649.00
53545.00
53439.00
53494.00
53630.00
53650.00
53553.00
53432.00
53486.00
53621.00
53643.00
53553.00
53427.00
53474.00
53602.00
53643.00
53548.00
53435.00
53466.00
53602.00
53642.00
53545.00
53435.00
53456.00
53580.00
53637.00
53545.00
53433.00
53429.00
53562.00
53641.00
53557.00
53429.00
53421.00
53548.00
53615.00
53552.00
53414.00
53413.00
53543.00
53623.00
53549.00
53432.00
53410.00
53524.00
53627.00
53552.00
53435.00
53398.00
53517.00
53613.00
53553.00
53431.00
53400.00
53497.00
53613.00
53557.00
53426.00
53385.00
53493.00
53613.00
53557.00
53442.00
53389.00
53478.00
53604.00
53565.00
53453.00
53386.00
53472.00
53600.00
53562.00
53450.00
53371.00
53463.00
53583.00
53556.00
53449.00
53369.00
53437.00
53575.00
53545.00
53448.00
53359.00
53426.00
53560.00
53550.00
53449.00
53357.00
53417.00
53558.00
53552.00
53451.00
53346.00
53415.00
53561.00
53558.00
53452.00
53350.00
53414.00
53547.00
53549.00
53457.00
53359.00
53384.00
53539.00
53567.00
53472.00
53358.00
53392.00
53534.00
53561.00
53478.00
53366.00
53391.00
53527.00
53574.00
53477.00
53355.00
53373.00
53499.00
53559.00
53484.00
53355.00
53368.00
53497.00
53569.00
53487.00
53373.00
53365.00
53481.00
53557.00
53486.00
53371.00
53353.00
53468.00
53563.00
53496.00
53378.00
53362.00
53475.00
53556.00
53489.00
53376.00
53346.00
53462.00
53577.00
53512.00
53395.00
53357.00
53453.00
53571.00
53520.00
53392.00
53354.00
53442.00
53570.00
53513.00
53410.00
53348.00
53448.00
53576.00
53530.00
53414.00
53353.00
53434.00
53564.00
53531.00
53421.00
53359.00
53438.00
53566.00
53555.00
53434.00
53361.00
53437.00
53579.00
53556.00
53453.00
53367.00
53425.00
53565.00
53545.00
53468.00
53369.00
53426.00
53561.00
53562.00
53468.00
53377.00
53433.00
53558.00
53572.00
53476.00
53371.00
53408.00
53548.00
53568.00
53480.00
53375.00
53392.00
53539.00
53570.00
53491.00
53377.00
53407.00
53524.00
53577.00
53488.00
53379.00
53387.00
53520.00
53573.00
53501.00
53379.00
53378.00
53513.00
53573.00
53502.00
53372.00
53385.00
53497.00
53580.00
53504.00
53382.00
53370.00
53488.00
53574.00
53508.00
53374.00
53359.00
53475.00
53562.00
53500.00
53379.00
53364.00
53463.00
53570.00
53506.00
53382.00
53337.00
53442.00
53551.00
53499.00
53373.00
53328.00
53433.00
53547.00
53494.00
53369.00
53312.00
53408.00
53525.00
53482.00
53371.00
53305.00
53385.00
53523.00
53490.00
53378.00
53314.00
53395.00
53511.00
53494.00
53374.00
53300.00
53363.00
53508.00
53495.00
53381.00
53302.00
53345.00
53507.00
53487.00
53401.00
53306.00
53350.00
53480.00
53490.00
53398.00
53295.00
53326.00
53466.00
53478.00
53390.00
53274.00
53300.00
53424.00
53460.00
53349.00
53232.00
53248.00
53364.00
53385.00
53292.00
53162.00
53165.00
53284.00
53318.00
53218.00
53092.00
53081.00
53201.00
53262.00
53156.00
53036.00
53017.00
53126.00
53188.00
53112.00
52983.00
52974.00
53087.00
53157.00
53090.00
52973.00
52962.00
53066.00
53166.00
53095.00
52983.00
52950.00
53063.00
53168.00
53097.00
52991.00
52959.00
53068.00
53190.00
53129.00
53014.00
52973.00
53068.00
53192.00
53151.00
53037.00
52983.00
53073.00
53191.00
53143.00
53046.00
52975.00
53068.00
53185.00
53160.00
53060.00
52995.00
53070.00
53192.00
53175.00
53070.00
52998.00
53056.00
53195.00
53169.00
53083.00
53000.00
53044.00
53181.00
53186.00
53087.00
52994.00
53044.00
53173.00
53180.00
53089.00
52996.00
53044.00
53177.00
53196.00
53106.00
53000.00
53029.00
53163.00
53205.00
53103.00
53010.00
53038.00
53164.00
53215.00
53120.00
53006.00
53037.00
53153.00
53220.00
53127.00
53009.00
53010.00
53143.00
53206.00
53133.00
53010.00
53017.00
53133.00
53200.00
53134.00
53023.00
53005.00
53119.00
53207.00
53125.00
52995.00
52970.00
53069.00
53159.00
53081.00
52947.00
52899.00
52986.00
53041.00
52970.00
52809.00
52732.00
52788.00
52879.00
52788.00
52635.00
52553.00
52606.00
52697.00
52618.00
52504.00
52402.00
52462.00
52566.00
52493.00
52375.00
52273.00
52320.00
52415.00
52362.00
52233.00
52139.00
52166.00
52262.00
52217.00
52087.00
51953.00
51997.00
52102.00
52078.00
51959.00
51841.00
51863.00
51962.00
51951.00
51827.00
51721.00
51730.00
51848.00
51866.00
51763.00
51632.00
51652.00
51769.00
51785.00
51682.00
51556.00
51553.00
51660.00
51688.00
51584.00
51482.00
51466.00
51564.00
51631.00
51529.00
51399.00
51397.00
51495.00
51562.00
51469.00
51345.00
51319.00
51426.00
51496.00
51411.00
51307.00
51272.00
51370.00
51466.00
51377.00
51264.00
51238.00
51347.00
51429.00
51386.00
51273.00
51231.00
51329.00
51437.00
51384.00
51276.00
51216.00
51308.00
51422.00
51387.00
51268.00
51213.00
51295.00
51418.00
51384.00
51283.00
51215.00
51286.00
51413.00
51390.00
51291.00
51218.00
51281.00
51407.00
51412.00
51310.00
51214.00
51273.00
51399.00
51406.00
51299.00
51210.00
51267.00
51399.00
51418.00
51311.00
51212.00
51251.00
51395.00
51411.00
51319.00
51222.00
51242.00
51378.00
51416.00
51332.00
51228.00
51244.00
51370.00
51430.00
51346.00
51228.00
51232.00
51373.00
51436.00
51353.00
51245.00
51238.00
51358.00
51435.00
51351.00
51238.00
51245.00
51333.00
51430.00
51370.00
51242.00
51226.00
51331.00
51447.00
51371.00
51254.00
51206.00
51317.00
51437.00
51370.00
51260.00
51214.00
51310.00
51424.00
51384.00
51263.00
51214.00
51302.00
51424.00
51383.00
51284.00
51218.00
51283.00
51420.00
51404.00
51289.00
51224.00
51284.00
51423.00
51392.00
51290.00
51204.00
51280.00
51412.00
51397.00
51305.00
51220.00
51269.00
51408.00
51408.00
51323.00
51221.00
51266.00
51396.00
51402.00
51319.00
51221.00
51259.00
51388.00
51413.00
51334.00
51235.00
51251.00
51383.00
51426.00
51353.00
51245.00
51257.00
51368.00
51423.00
51348.00
51234.00
51244.00
51355.00
51431.00
51361.00
51240.00
51232.00
51344.00
51422.00
51362.00
51245.00
51220.00
51336.00
51424.00
51369.00
51256.00
51219.00
51333.00
51443.00
51377.00
51265.00
51231.00
51322.00
51443.00
51395.00
51266.00
51227.00
51313.00
51434.00
51387.00
51279.00
51215.00
51302.00
51417.00
51391.00
51290.00
51222.00
51299.00
51428.00
51408.00
51302.00
51222.00
51286.00
51413.00
51421.00
51315.00
51223.00
51273.00
51417.00
51413.00
51321.00
51218.00
51267.00
51404.00
51418.00
51330.00
51222.00
51250.00
51393.00
51425.00
51346.00
51223.00
51244.00
51377.00
51408.00
51331.00
51221.00
51242.00
51366.00
51430.00
51332.00
51222.00
51225.00
51351.00
51426.00
51345.00
51240.00
51217.00
51336.00
51432.00
51340.00
51232.00
51209.00
51329.00
51422.00
51355.00
51236.00
51210.00
51310.00
51418.00
51376.00
51229.00
51192.00
51295.00
51412.00
51357.00
51242.00
51179.00
51264.00
51388.00
51337.00
51211.00
51131.00
51207.00
51322.00
51269.00
51155.00
51066.00
51116.00
51237.00
51195.00
51073.00
50965.00
51018.00
51128.00
51096.00
50970.00
50867.00
50907.00
51010.00
50995.00
50868.00
50756.00
50773.00
50891.00
50890.00
50767.00
50630.00
50635.00
50741.00
50753.00
50629.00
50510.00
50503.00
50594.00
50608.00
50511.00
50367.00
50336.00
50440.00
50477.00
50382.00
50237.00
50213.00
50286.00
50331.00
50230.00
50102.00
50061.00
50163.00
50218.00
50130.00
49991.00
49940.00
50021.00
50103.00
50005.00
49866.00
49821.00
49878.00
49956.00
49883.00
49735.00
49671.00
49730.00
49818.00
49740.00
49602.00
49538.00
49597.00
49683.00
49625.00
49505.00
49414.00
49463.00
49551.00
49489.00
49366.00
49283.00
49306.00
49426.00
49390.00
49264.00
49174.00
49214.00
49299.00
49288.00
49186.00
49086.00
49133.00
49227.00
49249.00
49144.00
49054.00
49083.00
49201.00
49211.00
49139.00
49040.00
49063.00
49156.00
49204.00
49113.00
49009.00
49032.00
49132.00
49182.00
49114.00
49004.00
49005.00
49119.00
49175.00
49106.00
49012.00
48992.00
49100.00
49169.00
49114.00
49008.00
48971.00
49083.00
49176.00
49105.00
49019.00
48986.00
49083.00
49172.00
49123.00
49025.00
48980.00
49068.00
49174.00
49145.00
49047.00
48978.00
49064.00
49162.00
49146.00
49041.00
48987.00
49054.00
49161.00
49135.00
49054.00
48986.00
49036.00
49160.00
49150.00
49054.00
48970.00
49028.00
49146.00
49156.00
49057.00
48978.00
49033.00
49146.00
49155.00
49073.00
48984.00
49025.00
49146.00
49162.00
49081.00
48981.00
49018.00
49110.00
49172.00
49087.00
49003.00
49008.00
49122.00
49172.00
49106.00
48987.00
49001.00
49096.00
49165.00
49100.00
48997.00
48981.00
49076.00
49173.00
49091.00
48985.00
48995.00
49072.00
49168.00
49114.00
48996.00
48986.00
49069.00
49161.00
49123.00
49011.00
48988.00
49068.00
49176.00
49133.00
49013.00
48965.00
49054.00
49158.00
49135.00
49031.00
48966.00
49025.00
49148.00
49132.00
49043.00
48956.00
49019.00
49133.00
49133.00
49037.00
48956.00
49002.00
49132.00
49132.00
49049.00
48965.00
48991.00
49106.00
49139.00
49039.00
48962.00
48988.00
49112.00
49133.00
49062.00
48954.00
48983.00
49089.00
49139.00
49078.00
48985.00
48971.00
49086.00
49159.00
49086.00
48978.00
48982.00
49081.00
49150.00
49074.00
48975.00
48959.00
49056.00
49150.00
49093.00
48990.00
48958.00
49065.00
49159.00
49099.00
48995.00
48954.00
49039.00
49153.00
49109.00
49023.00
48961.00
49037.00
49151.00
49097.00
49021.00
48965.00
49034.00
49143.00
49131.00
49037.00
48962.00
49017.00
49129.00
49121.00
49038.00
48961.00
49017.00
49128.00
49151.00
49048.00
48958.00
49009.00
49114.00
49135.00
49053.00
48957.00
48986.00
49113.00
49132.00
49060.00
48956.00
48981.00
49102.00
49155.00
49078.00
48971.00
48977.00
49084.00
49155.00
49080.00
48981.00
48980.00
49089.00
49163.00
49079.00
48976.00
48970.00
49063.00
49137.00
49100.00
48976.00
48978.00
49048.00
49152.00
49103.00
48995.00
48962.00
49041.00
49152.00
49110.00
49007.00
48953.00
49042.00
49154.00
49122.00
49025.00
48968.00
49033.00
49131.00
49130.00
49035.00
48972.00
49024.00
49141.00
49133.00
49043.00
48968.00
49024.00
49132.00
49147.00
49056.00
48976.00
49014.00
49127.00
49147.00
49052.00
48959.00
49010.00
49119.00
49150.00
49065.00
48970.00
48991.00
49107.00
49148.00
49071.00
48969.00
48994.00
49093.00
49157.00
49091.00
48978.00
48986.00
49081.00
49157.00
49082.00
48989.00
48968.00
49074.00
49152.00
49085.00
48990.00
48958.00
49058.00
49147.00
49097.00
48980.00
48956.00
49035.00
49151.00
49106.00
49010.00
48965.00
49030.00
49128.00
49093.00
49005.00
48945.00
49006.00
49134.00
49101.00
49007.00
48940.00
49007.00
49120.00
49118.00
49008.00
48941.00
48977.00
49106.00
49095.00
49014.00
48941.00
48976.00
49101.00
49108.00
49030.00
48943.00
48972.00
49081.00
49123.00
49035.00
48935.00
48969.00
49080.00
49130.00
49048.00
48943.00
48955.00
49066.00
49137.00
49050.00
48947.00
48951.00
49052.00
49119.00
49060.00
48952.00
48936.00
49040.00
49132.00
49065.00
48959.00
48940.00
49053.00
49140.00
49087.00
48981.00
48937.00
49021.00
49126.00
49079.00
48985.00
48932.00
49006.00
49117.00
49099.00
49002.00
48945.00
49015.00
49121.00
49097.00
49004.00
48944.00
48999.00
49117.00
49085.00
49011.00
48947.00
48996.00
49111.00
49096.00
49026.00
48943.00
48988.00
49110.00
49125.00
49022.00
48950.00
48971.00
49092.00
49124.00
49025.00
48939.00
48961.00
49074.00
49102.00
49056.00
48953.00
48957.00
49071.00
49122.00
49045.00
48954.00
48955.00
49056.00
49127.00
49061.00
48960.00
48955.00
49051.00
49129.00
49069.00
48960.00
48935.00
49020.00
49112.00
49066.00
48944.00
48909.00
48975.00
49082.00
49022.00
48895.00
48821.00
48888.00
48972.00
48933.00
48799.00
48741.00
48779.00
48862.00
48797.00
48685.00
48585.00
48624.00
48703.00
48670.00
48534.00
48454.00
48477.00
48568.00
48566.00
48443.00
48351.00
48364.00
48436.00
48430.00
48320.00
48217.00
48211.00
48322.00
48316.00
48224.00
48123.00
48124.00
48210.00
48237.00
48118.00
48004.00
47992.00
48073.00
48108.00
48012.00
47894.00
47859.00
47958.00
47997.00
47913.00
47794.00
47758.00
47841.00
47903.00
47841.00
47725.00
47698.00
47762.00
47838.00
47764.00
47651.00
47607.00
47671.00
47741.00
47686.00
47574.00
47511.00
47559.00
47625.00
47579.00
47476.00
47413.00
47459.00
47540.00
47511.00
47416.00
47342.00
47397.00
47493.00
47462.00
47375.00
47296.00
47319.00
47440.00
47418.00
47330.00
47236.00
47276.00
47374.00
47367.00
47285.00
47198.00
47213.00
47310.00
47327.00
47235.00
47133.00
47154.00
47247.00
47281.00
47210.00
47115.00
47119.00
47224.00
47256.00
47193.00
47104.00
47088.00
47189.00
47244.00
47191.00
47099.00
47076.00
47161.00
47236.00
47174.00
47087.00
47053.00
47138.00
47216.00
47164.00
47065.00
47030.00
47098.00
47193.00
47154.00
47043.00
47015.00
47094.00
47180.00
47144.00
47067.00
46997.00
47062.00
47183.00
47145.00
47075.00
47005.00
47071.00
47169.00
47160.00
47082.00
46992.00
47073.00
47179.00
47181.00
47104.00
47032.00
47061.00
47156.00
47171.00
47091.00
47022.00
47046.00
47152.00
47169.00
47096.00
47008.00
47034.00
47138.00
47166.00
47096.00
47012.00
47014.00
47115.00
47154.00
47105.00
47005.00
47021.00
47103.00
47176.00
47115.00
47021.00
46995.00
47094.00
47160.00
47109.00
47020.00
46992.00
47075.00
47175.00
47127.00
47022.00
46990.00
47070.00
47147.00
47116.00
47022.00
46999.00
47054.00
47169.00
47124.00
47035.00
46981.00
47045.00
47147.00
47121.00
47026.00
46993.00
47030.00
47150.00
47127.00
47056.00
46987.00
47020.00
47140.00
47123.00
47051.00
46971.00
47007.00
47120.00
47128.00
47059.00
46976.00
46999.00
47099.00
47126.00
47057.00
46972.00
46991.00
47098.00
47122.00
47059.00
46979.00
46984.00
47077.00
47128.00
47074.00
46984.00
46979.00
47069.00
47132.00
47083.00
46991.00
46963.00
47057.00
47134.00
47069.00
46982.00
46969.00
47038.00
47140.00
47089.00
46993.00
46952.00
47044.00
47129.00
47084.00
46984.00
46949.00
47018.00
47113.00
47076.00
46998.00
46936.00
46998.00
47123.00
47092.00
47017.00
46949.00
46991.00
47107.00
47093.00
47004.00
46947.00
46984.00
47099.00
47108.00
47019.00
46942.00
46976.00
47087.00
47095.00
47029.00
46950.00
46989.00
47091.00
47111.00
47045.00
46953.00
46975.00
47064.00
47107.00
47040.00
46941.00
46952.00
47055.00
47107.00
47045.00
46942.00
46965.00
47043.00
47118.00
47061.00
46960.00
46946.00
47037.00
47119.00
47061.00
46964.00
46938.00
47020.00
47105.00
47073.00
46969.00
46934.00
47003.00
47111.00
47062.00
46982.00
46921.00
47004.00
47097.00
47091.00
46984.00
46924.00
46984.00
47094.00
47081.00
46989.00
46934.00
46984.00
47098.00
47093.00
47000.00
46935.00
46969.00
47088.00
47083.00
47009.00
46928.00
46957.00
47067.00
47082.00
47002.00
46927.00
46961.00
47054.00
47096.00
47026.00
46929.00
46943.00
47042.00
47104.00
47032.00
46941.00
46934.00
47039.00
47100.00
47031.00
46933.00
46933.00
47035.00
47102.00
47040.00
46952.00
46933.00
47020.00
47100.00
47040.00
46950.00
46920.00
46997.00
47078.00
47055.00
46945.00
46919.00
46971.00
47092.00
47042.00
46958.00
46920.00
46973.00
47064.00
47040.00
46955.00
46907.00
46965.00
47080.00
47054.00
46975.00
46912.00
46939.00
47066.00
47062.00
46977.00
46903.00
46944.00
47053.00
47074.00
46997.00
46912.00
46941.00
47043.00
47071.00
47000.00
46918.00
46931.00
47030.00
47075.00
47015.00
46928.00
46938.00
47038.00
47084.00
47016.00
46923.00
46925.00
47019.00
47082.00
47027.00
46928.00
46925.00
47002.00
47091.00
47034.00
46931.00
46911.00
46977.00
47084.00
47033.00
46932.00
46900.00
46974.00
