14148.00
14148.00
14155.00
14166.00
14164.00
14153.00
14136.00
14137.00
14169.00
14164.00
14156.00
14157.00
14150.00
14185.00
14178.00
14177.00
14153.00
14154.00
14172.00
14162.00
14162.00
14156.00
14154.00
14173.00
14190.00
14167.00
14162.00
14161.00
14170.00
14178.00
14165.00
14150.00
14156.00
14151.00
14178.00
14183.00
14167.00
14167.00
14169.00
14188.00
14176.00
14160.00
14156.00
14153.00
14178.00
14179.00
14145.00
14140.00
14143.00
14161.00
14154.00
14148.00
14122.00
14149.00
14173.00
14164.00
14157.00
14151.00
14138.00
14153.00
14163.00
14146.00
14131.00
14136.00
14149.00
14177.00
14170.00
14150.00
14162.00
14169.00
14156.00
14156.00
14130.00
14145.00
14147.00
14145.00
14162.00
14136.00
14150.00
14157.00
14161.00
14146.00
14137.00
14145.00
14159.00
14138.00
14164.00
14148.00
14135.00
14157.00
14159.00
14140.00
14156.00
14154.00
14138.00
14166.00
14166.00
14138.00
14153.00
14156.00
14165.00
14151.00
14127.00
14135.00
14173.00
14145.00
14143.00
14148.00
14142.00
14143.00
14193.00
14164.00
14155.00
14144.00
14156.00
14173.00
14175.00
14150.00
14144.00
14139.00
14181.00
14182.00
14163.00
14155.00
14158.00
14168.00
14167.00
14135.00
14146.00
14150.00
14166.00
14166.00
14157.00
14136.00
14162.00
14159.00
14170.00
14168.00
14137.00
14139.00
14151.00
14165.00
14172.00
14149.00
14149.00
14166.00
14161.00
14153.00
14135.00
14130.00
14146.00
14165.00
14150.00
14136.00
14167.00
14170.00
14172.00
14147.00
14142.00
14129.00
14155.00
14158.00
14141.00
14140.00
14127.00
14147.00
14167.00
14170.00
14150.00
14149.00
14137.00
14158.00
14148.00
14126.00
14143.00
14149.00
14167.00
14159.00
14150.00
14146.00
14162.00
14169.00
14156.00
14143.00
14157.00
14142.00
14157.00
14155.00
14154.00
14141.00
14147.00
14154.00
14160.00
14156.00
14130.00
14137.00
14175.00
14152.00
14147.00
14133.00
14153.00
14161.00
14170.00
14154.00
14143.00
14139.00
14170.00
14156.00
14156.00
14164.00
14159.00
14183.00
14164.00
14166.00
14157.00
14151.00
14174.00
14165.00
14149.00
14152.00
14164.00
14176.00
14186.00
14168.00
14153.00
14156.00
14175.00
14170.00
14159.00
14130.00
14123.00
14147.00
14163.00
14171.00
14151.00
14159.00
14162.00
14166.00
14173.00
14147.00
14138.00
14157.00
14178.00
14171.00
14157.00
14155.00
14145.00
14168.00
14166.00
14154.00
14153.00
14159.00
14169.00
14187.00
14166.00
14161.00
14161.00
14188.00
14185.00
14162.00
14162.00
14150.00
14181.00
14157.00
14169.00
14163.00
14177.00
14177.00
14174.00
14180.00
14164.00
14153.00
14160.00
14169.00
14160.00
14168.00
14169.00
14182.00
14200.00
14169.00
14158.00
14175.00
14181.00
14164.00
14166.00
14156.00
14168.00
14161.00
14168.00
14176.00
14159.00
14148.00
14167.00
14175.00
14142.00
14169.00
14154.00
14180.00
14185.00
14160.00
14159.00
14140.00
14170.00
14179.00
14169.00
14145.00
14163.00
14179.00
14192.00
14194.00
14163.00
14157.00
14154.00
14180.00
14149.00
14175.00
14145.00
14168.00
14185.00
14187.00
14156.00
14155.00
14172.00
14173.00
14186.00
14161.00
14163.00
14161.00
14192.00
14187.00
14186.00
14178.00
14179.00
14195.00
14181.00
14169.00
14131.00
14187.00
14198.00
14201.00
14194.00
14175.00
14184.00
14177.00
14187.00
14173.00
14160.00
14183.00
14188.00
14202.00
14191.00
14154.00
14174.00
14191.00
14200.00
14189.00
14173.00
14174.00
14194.00
14194.00
14193.00
14167.00
14175.00
14193.00
14191.00
14203.00
14180.00
14184.00
14182.00
14196.00
14191.00
14172.00
14179.00
14195.00
14207.00
14201.00
14189.00
14171.00
14187.00
14180.00
14181.00
14169.00
14184.00
14210.00
14212.00
14196.00
14180.00
14183.00
14171.00
14187.00
14180.00
14173.00
14152.00
14165.00
14202.00
14198.00
14187.00
14173.00
14185.00
14191.00
14192.00
14172.00
14177.00
14169.00
14187.00
14192.00
14170.00
14161.00
14185.00
14184.00
14205.00
14181.00
14173.00
14178.00
14210.00
14179.00
14188.00
14170.00
14179.00
14195.00
14204.00
14178.00
14178.00
14167.00
14183.00
14195.00
14186.00
14176.00
14180.00
14192.00
14196.00
14214.00
14172.00
14171.00
14167.00
14183.00
14179.00
14172.00
14165.00
14214.00
14215.00
14203.00
14193.00
14175.00
14195.00
14205.00
14196.00
14178.00
14165.00
14169.00
14201.00
14200.00
14169.00
14171.00
14197.00
14210.00
14185.00
14197.00
14188.00
14175.00
14203.00
14188.00
14182.00
14178.00
14182.00
14197.00
14189.00
14184.00
14172.00
14178.00
14198.00
14194.00
14170.00
14171.00
14182.00
14191.00
14207.00
14197.00
14177.00
14178.00
14181.00
14185.00
14166.00
14162.00
14180.00
14201.00
14213.00
14180.00
14162.00
14175.00
14201.00
14190.00
14179.00
14171.00
14177.00
14170.00
14199.00
14192.00
14173.00
14183.00
14182.00
14197.00
14179.00
14143.00
14170.00
14196.00
14205.00
14181.00
14184.00
14175.00
14188.00
14182.00
14182.00
14171.00
14171.00
14176.00
14177.00
14183.00
14170.00
14166.00
14178.00
14185.00
14177.00
14178.00
14168.00
14188.00
14206.00
14187.00
14180.00
14171.00
14183.00
14184.00
14182.00
14185.00
14162.00
14177.00
14181.00
14178.00
14174.00
14169.00
14166.00
14198.00
14205.00
14187.00
14181.00
14182.00
14192.00
14197.00
14181.00
14172.00
14174.00
14198.00
14197.00
14189.00
14174.00
14175.00
14185.00
14196.00
14181.00
14170.00
14171.00
14200.00
14212.00
14194.00
14165.00
14179.00
14182.00
14194.00
14171.00
14162.00
14160.00
14181.00
14193.00
14194.00
14175.00
14176.00
14196.00
14203.00
14188.00
14190.00
14153.00
14185.00
14187.00
14186.00
14182.00
14174.00
14190.00
14198.00
14179.00
14152.00
14161.00
14181.00
14189.00
14188.00
14182.00
14175.00
14178.00
14189.00
14197.00
14179.00
14148.00
14172.00
14204.00
14185.00
14175.00
14174.00
14192.00
14202.00
14185.00
14188.00
14157.00
14171.00
14193.00
14179.00
14176.00
14168.00
14182.00
14214.00
14203.00
14188.00
14189.00
14186.00
14204.00
14200.00
14198.00
14160.00
14181.00
14202.00
14202.00
14206.00
14171.00
14186.00
14194.00
14180.00
14182.00
14173.00
14182.00
14186.00
14209.00
14194.00
14183.00
14188.00
14208.00
14217.00
14191.00
14174.00
14176.00
14189.00
14215.00
14195.00
14174.00
14174.00
14203.00
14210.00
14209.00
14185.00
14179.00
14198.00
14201.00
14196.00
14187.00
14171.00
14182.00
14193.00
14194.00
14195.00
14185.00
14178.00
14201.00
14192.00
14172.00
14188.00
14189.00
14207.00
14202.00
14198.00
14172.00
14171.00
14196.00
14194.00
14184.00
14160.00
14175.00
14210.00
14200.00
14199.00
14172.00
14189.00
14188.00
14205.00
14186.00
14185.00
14168.00
14192.00
14208.00
14206.00
14188.00
14190.00
14217.00
14210.00
14203.00
14174.00
14186.00
14199.00
14197.00
14195.00
14184.00
14187.00
14206.00
14202.00
14195.00
14183.00
14187.00
14201.00
14186.00
14192.00
14205.00
14189.00
14196.00
14210.00
14211.00
14171.00
14189.00
14203.00
14192.00
14202.00
14190.00
14176.00
14210.00
14218.00
14211.00
14189.00
14169.00
14188.00
14224.00
14220.00
14173.00
14185.00
14193.00
14200.00
14215.00
14210.00
14197.00
14200.00
14206.00
14205.00
14202.00
14181.00
14196.00
14190.00
14212.00
14197.00
14175.00
14196.00
14199.00
14221.00
14179.00
14192.00
14186.00
14197.00
14215.00
14209.00
14187.00
14194.00
14212.00
14209.00
14214.00
14192.00
14193.00
14192.00
14210.00
14200.00
14183.00
14198.00
14226.00
14211.00
14205.00
14195.00
14196.00
14204.00
14202.00
14202.00
14198.00
14208.00
14202.00
14220.00
14219.00
14214.00
14195.00
14205.00
14210.00
14204.00
14191.00
14211.00
14204.00
14212.00
14215.00
14191.00
14184.00
14181.00
14213.00
14207.00
14190.00
14196.00
14221.00
14218.00
14209.00
14202.00
14195.00
14197.00
14193.00
14194.00
14189.00
14190.00
14198.00
14210.00
14218.00
14205.00
14186.00
14195.00
14217.00
14202.00
14187.00
14189.00
14195.00
14206.00
14196.00
14204.00
14186.00
14188.00
14198.00
14215.00
14192.00
14182.00
14190.00
14202.00
14212.00
14197.00
14193.00
14183.00
14191.00
14211.00
14170.00
14161.00
14175.00
14187.00
14200.00
14194.00
14184.00
14169.00
14209.00
14209.00
14188.00
14160.00
14186.00
14192.00
14211.00
14192.00
14195.00
14188.00
14200.00
14214.00
14202.00
14191.00
14192.00
14211.00
14198.00
14191.00
14168.00
14183.00
14192.00
14195.00
14224.00
14190.00
14181.00
14200.00
14219.00
14211.00
14174.00
14193.00
14204.00
14213.00
14201.00
14181.00
14172.00
14191.00
14190.00
14201.00
14175.00
14170.00
14184.00
14223.00
14219.00
14193.00
14196.00
14177.00
14209.00
14198.00
14193.00
14177.00
14189.00
14192.00
14206.00
14194.00
14196.00
14200.00
14209.00
14181.00
14191.00
14155.00
14189.00
14206.00
14199.00
14192.00
14187.00
14202.00
14210.00
14208.00
14220.00
14188.00
14175.00
14194.00
14200.00
14200.00
14189.00
14191.00
14218.00
14204.00
14194.00
14184.00
14186.00
14225.00
14200.00
14192.00
14192.00
14182.00
14212.00
14206.00
14196.00
14179.00
14170.00
14188.00
14203.00
14173.00
14186.00
14185.00
14189.00
14190.00
14204.00
14189.00
14188.00
14190.00
14199.00
14202.00
14180.00
14161.00
14187.00
14199.00
14209.00
14193.00
14186.00
14196.00
14198.00
14189.00
14179.00
14172.00
14182.00
14213.00
14205.00
14196.00
14172.00
14193.00
14201.00
14188.00
14176.00
14163.00
14177.00
14185.00
14206.00
14198.00
14186.00
14188.00
14195.00
14197.00
14199.00
14176.00
14197.00
14187.00
14187.00
14197.00
14182.00
14182.00
14207.00
14204.00
14179.00
14165.00
14175.00
14190.00
14204.00
14194.00
14158.00
14185.00
14186.00
14198.00
14169.00
14182.00
14161.00
14173.00
14179.00
14176.00
14167.00
14168.00
14197.00
14200.00
14206.00
14184.00
14182.00
14178.00
14186.00
14200.00
14173.00
14160.00
14202.00
14180.00
14197.00
14172.00
14159.00
14185.00
14192.00
14191.00
14174.00
14158.00
14178.00
14178.00
14196.00
14174.00
14182.00
14184.00
14197.00
14191.00
14172.00
14181.00
14191.00
14187.00
14210.00
14179.00
14167.00
14182.00
14196.00
14200.00
14180.00
14178.00
14168.00
14186.00
14190.00
14188.00
14184.00
14164.00
14222.00
14205.00
14186.00
14169.00
14167.00
14190.00
14186.00
14173.00
14166.00
14184.00
14204.00
14217.00
14194.00
14172.00
14184.00
14204.00
14204.00
14183.00
14170.00
14170.00
14185.00
14187.00
14194.00
14182.00
14183.00
14197.00
14203.00
14182.00
14183.00
14183.00
14199.00
14209.00
14199.00
14176.00
14195.00
14180.00
14198.00
14196.00
14168.00
14160.00
14171.00
14205.00
14197.00
14195.00
14179.00
14178.00
14199.00
14196.00
14154.00
14162.00
14169.00
14192.00
14194.00
14155.00
14188.00
14195.00
14201.00
14203.00
14178.00
14177.00
14168.00
14173.00
14193.00
14171.00
14168.00
14182.00
14206.00
14191.00
14185.00
14180.00
14191.00
14194.00
14190.00
14194.00
14188.00
14196.00
14218.00
14214.00
14201.00
14185.00
14189.00
14209.00
14201.00
14195.00
14180.00
14180.00
14196.00
14203.00
14190.00
14180.00
14191.00
14213.00
14205.00
14191.00
14181.00
14153.00
14201.00
14197.00
14178.00
14179.00
14170.00
14198.00
14198.00
14178.00
14179.00
14160.00
14184.00
14197.00
14196.00
14184.00
14189.00
14197.00
14209.00
14176.00
14169.00
14165.00
14197.00
14200.00
14202.00
14193.00
14182.00
14206.00
14203.00
14196.00
14170.00
14179.00
14179.00
14187.00
14190.00
14192.00
14169.00
14180.00
14202.00
14195.00
14176.00
14183.00
14193.00
14200.00
14202.00
14181.00
14172.00
14183.00
14169.00
14190.00
14185.00
14179.00
14199.00
14203.00
14199.00
14174.00
14168.00
14185.00
14214.00
14188.00
14186.00
14171.00
14188.00
14190.00
14197.00
14175.00
14169.00
14186.00
14195.00
14201.00
14177.00
14181.00
14193.00
14203.00
14199.00
14188.00
14177.00
14165.00
14192.00
14193.00
14188.00
14181.00
14187.00
14187.00
14199.00
14177.00
14166.00
14188.00
14191.00
14194.00
14175.00
14172.00
14177.00
14190.00
14189.00
14169.00
14159.00
14146.00
14190.00
14186.00
14175.00
14173.00
14174.00
14172.00
14202.00
14185.00
14162.00
14148.00
14179.00
14181.00
14180.00
14159.00
14189.00
14198.00
14204.00
14182.00
14167.00
14169.00
14177.00
14189.00
14183.00
14174.00
14182.00
14196.00
14214.00
14187.00
14176.00
14166.00
14182.00
14195.00
14189.00
14154.00
14156.00
14184.00
14197.00
14203.00
14166.00
14179.00
14178.00
14192.00
14184.00
14163.00
14170.00
14185.00
14192.00
14170.00
14179.00
14168.00
14179.00
14184.00
14193.00
14166.00
14161.00
14177.00
14174.00
14189.00
14180.00
14172.00
14181.00
14196.00
14186.00
14168.00
14161.00
14168.00
14177.00
14179.00
14186.00
14186.00
14179.00
14191.00
14188.00
14173.00
14160.00
14181.00
14179.00
14182.00
14173.00
14157.00
14146.00
14182.00
14192.00
14187.00
14170.00
14181.00
14197.00
14196.00
14193.00
14154.00
14191.00
14214.00
14201.00
14191.00
14181.00
14180.00
14193.00
14233.00
14231.00
14213.00
14240.00
14253.00
14271.00
14300.00
14287.00
14287.00
14281.00
14288.00
14287.00
14270.00
14259.00
14251.00
14276.00
14279.00
14281.00
14296.00
14287.00
14305.00
14287.00
14286.00
14282.00
14286.00
14285.00
14265.00
14253.00
14229.00
14240.00
14254.00
14269.00
14237.00
14225.00
14210.00
14228.00
14223.00
14201.00
14204.00
14206.00
14216.00
14202.00
14189.00
14182.00
14198.00
14177.00
14187.00
14180.00
14159.00
14191.00
14202.00
14183.00
14184.00
14167.00
14180.00
14200.00
14206.00
14190.00
14185.00
14195.00
14212.00
14187.00
14191.00
14185.00
14191.00
14204.00
14210.00
14198.00
14188.00
14203.00
14205.00
14210.00
14186.00
14200.00
14198.00
14203.00
14232.00
14201.00
14190.00
14188.00
14203.00
14200.00
14183.00
14184.00
14178.00
14200.00
14204.00
14196.00
14178.00
14197.00
14184.00
14194.00
14193.00
14176.00
14172.00
14173.00
14199.00
14201.00
14185.00
14192.00
14194.00
14213.00
14192.00
14192.00
14158.00
14189.00
14193.00
14192.00
14174.00
14167.00
14186.00
14166.00
14180.00
14181.00
14172.00
14174.00
14189.00
14181.00
14177.00
14192.00
14180.00
14180.00
14188.00
14160.00
14165.00
14175.00
14190.00
14191.00
14188.00
14177.00
14186.00
14223.00
14200.00
14162.00
14156.00
14169.00
14176.00
14186.00
14155.00
14155.00
14169.00
14189.00
14194.00
14183.00
14171.00
14184.00
14196.00
14199.00
14180.00
14158.00
14174.00
14184.00
14182.00
14183.00
14153.00
14176.00
14189.00
14183.00
14167.00
14158.00
14160.00
14173.00
14187.00
14190.00
14177.00
14177.00
14207.00
14200.00
14144.00
14170.00
14172.00
14187.00
14189.00
14181.00
14161.00
14171.00
14191.00
14194.00
14174.00
14165.00
14166.00
14172.00
14165.00
14184.00
14167.00
14163.00
14182.00
14205.00
14199.00
14186.00
14181.00
14178.00
14196.00
14170.00
14173.00
14178.00
14191.00
14184.00
14183.00
14176.00
14178.00
14199.00
14207.00
14193.00
14161.00
14149.00
14170.00
14190.00
14177.00
14170.00
14182.00
14177.00
14180.00
14175.00
14171.00
14170.00
14176.00
14193.00
14188.00
14175.00
14181.00
14171.00
14197.00
14199.00
14183.00
14162.00
14142.00
14188.00
14182.00
14165.00
14149.00
14180.00
14190.00
14196.00
14184.00
14166.00
14186.00
14193.00
14172.00
14179.00
14154.00
14175.00
14183.00
14203.00
14183.00
14183.00
14176.00
14186.00
14188.00
14184.00
14156.00
14183.00
14187.00
14202.00
14201.00
14178.00
14186.00
14191.00
14191.00
14183.00
14185.00
14172.00
14180.00
14176.00
14183.00
14179.00
14185.00
14182.00
14182.00
14182.00
14191.00
14167.00
14182.00
14186.00
14189.00
14164.00
14180.00
14189.00
14200.00
14187.00
14187.00
14179.00
14194.00
14198.00
14181.00
14173.00
14186.00
14180.00
14201.00
14195.00
14194.00
14184.00
14189.00
14199.00
14181.00
14172.00
14176.00
14184.00
14190.00
14211.00
14181.00
14181.00
14184.00
14191.00
14184.00
14178.00
14179.00
14194.00
14188.00
14192.00
14178.00
14188.00
14203.00
14209.00
14207.00
14189.00
14165.00
14187.00
14198.00
14189.00
14185.00
14191.00
14175.00
14188.00
14193.00
14178.00
14176.00
14179.00
14191.00
14187.00
14184.00
14162.00
14181.00
14190.00
14196.00
14183.00
14170.00
14171.00
14192.00
14182.00
14173.00
14151.00
14187.00
14177.00
14193.00
14191.00
14192.00
14181.00
14195.00
14186.00
14185.00
14162.00
14175.00
14169.00
14189.00
14196.00
14186.00
14169.00
14194.00
14194.00
14204.00
14175.00
14163.00
14167.00
14201.00
14202.00
14179.00
14175.00
14189.00
14201.00
14190.00
14181.00
14183.00
14191.00
14189.00
14198.00
14177.00
14192.00
14193.00
14213.00
14202.00
14189.00
14185.00
14188.00
14199.00
14184.00
14168.00
14165.00
14178.00
14208.00
14211.00
14188.00
14175.00
14183.00
14193.00
14185.00
14186.00
14174.00
14168.00
14187.00
14190.00
14186.00
14176.00
14177.00
14195.00
14198.00
14188.00
14174.00
14182.00
14186.00
14219.00
14185.00
14190.00
14188.00
14202.00
14210.00
14200.00
14176.00
14180.00
14190.00
14200.00
14195.00
14192.00
14197.00
14206.00
14212.00
14197.00
14175.00
14186.00
14208.00
14213.00
14184.00
14182.00
14180.00
14199.00
14202.00
14212.00
14190.00
14179.00
14188.00
14210.00
14189.00
14177.00
14181.00
14188.00
14203.00
14204.00
14175.00
14189.00
14194.00
14192.00
14195.00
14190.00
14190.00
14191.00
14228.00
14211.00
14202.00
14198.00
14195.00
14212.00
14206.00
14200.00
14195.00
14184.00
14214.00
14214.00
14218.00
14194.00
14220.00
14211.00
14213.00
14195.00
14197.00
14198.00
14212.00
14217.00
14193.00
14192.00
14206.00
14222.00
14218.00
14211.00
14188.00
14206.00
14208.00
14214.00
14203.00
14203.00
14217.00
14228.00
14214.00
14201.00
14157.00
14189.00
14208.00
14216.00
14218.00
14184.00
14205.00
14213.00
14205.00
14194.00
14167.00
14173.00
14179.00
14176.00
14180.00
14158.00
14156.00
14167.00
14166.00
14147.00
14113.00
14117.00
14142.00
14132.00
14107.00
14091.00
14062.00
14045.00
14063.00
14056.00
14036.00
14015.00
13961.00
13908.00
13786.00
13774.00
13915.00
13914.00
13883.00
13922.00
13872.00
13891.00
13902.00
13897.00
13891.00
13858.00
13869.00
13878.00
13866.00
13893.00
13870.00
13871.00
13873.00
13886.00
13882.00
13865.00
13854.00
13856.00
13866.00
13865.00
13856.00
13852.00
13844.00
13885.00
13883.00
13866.00
13866.00
13866.00
13884.00
13878.00
13866.00
13843.00
13870.00
13867.00
13868.00
13852.00
13831.00
13847.00
13872.00
13886.00
13856.00
13848.00
13868.00
13840.00
13879.00
13869.00
13857.00
13863.00
13888.00
13888.00
13864.00
13846.00
13858.00
13875.00
13875.00
13859.00
13857.00
13849.00
13884.00
13894.00
13885.00
13862.00
13852.00
13870.00
13886.00
13871.00
13855.00
13857.00
13875.00
13888.00
13880.00
13864.00
13874.00
13881.00
13874.00
13887.00
13859.00
13841.00
13857.00
13877.00
13869.00
13857.00
13845.00
13854.00
13869.00
13867.00
13850.00
13839.00
13862.00
13868.00
13872.00
13857.00
13836.00
13860.00
13875.00
13860.00
13859.00
13837.00
13862.00
13872.00
13875.00
13870.00
13876.00
13869.00
13886.00
13880.00
13862.00
13863.00
13859.00
13878.00
13881.00
13858.00
13838.00
13862.00
13876.00
13890.00
13867.00
13870.00
13875.00
13885.00
13887.00
13866.00
13855.00
13853.00
13872.00
13876.00
13870.00
13872.00
13876.00
13874.00
13886.00
13872.00
13841.00
13864.00
13867.00
13898.00
13895.00
13874.00
13877.00
13886.00
13889.00
13891.00
13852.00
13851.00
13864.00
13879.00
13866.00
13872.00
13863.00
13871.00
13881.00
13870.00
13853.00
13863.00
13881.00
13891.00
13867.00
13855.00
13849.00
13878.00
13892.00
13891.00
13870.00
13872.00
13871.00
13870.00
13874.00
13861.00
13848.00
13874.00
13881.00
13885.00
13868.00
13853.00
13875.00
13869.00
13857.00
13869.00
13863.00
13877.00
13889.00
13888.00
13869.00
13860.00
13850.00
13887.00
13874.00
13856.00
13843.00
13864.00
13876.00
13887.00
13860.00
13868.00
13878.00
13875.00
13876.00
13873.00
13864.00
13850.00
13876.00
13872.00
13862.00
13859.00
13883.00
13898.00
13896.00
13886.00
13864.00
13870.00
13871.00
13891.00
13895.00
13873.00
13879.00
13883.00
13880.00
13876.00
13867.00
13865.00
13867.00
13890.00
13879.00
13865.00
13871.00
13885.00
13889.00
13882.00
13866.00
13870.00
13883.00
13882.00
13897.00
13872.00
13851.00
13863.00
13891.00
13891.00
13868.00
13865.00
13871.00
13890.00
13879.00
13878.00
13852.00
13868.00
13893.00
13882.00
13871.00
13875.00
13873.00
13888.00
13875.00
13870.00
13867.00
13889.00
13896.00
13892.00
13886.00
13872.00
13858.00
13895.00
13889.00
13865.00
13862.00
13857.00
13878.00
13873.00
13883.00
13880.00
13878.00
13885.00
13884.00
13880.00
13860.00
13877.00
13870.00
13884.00
13876.00
13855.00
13877.00
13895.00
13879.00
13881.00
13871.00
13872.00
13878.00
13875.00
13878.00
13871.00
13860.00
13876.00
13899.00
13884.00
13873.00
13868.00
13880.00
13877.00
13884.00
13877.00
13871.00
13893.00
13898.00
13899.00
13885.00
13883.00
13884.00
13906.00
13878.00
13859.00
13871.00
13882.00
13905.00
13882.00
13898.00
13893.00
13891.00
13894.00
13887.00
13877.00
13867.00
13877.00
13872.00
13885.00
13884.00
13849.00
13875.00
13900.00
13884.00
13872.00
13868.00
13859.00
13889.00
13876.00
13867.00
13857.00
13880.00
13887.00
13888.00
13867.00
13864.00
13863.00
13887.00
13880.00
13866.00
13862.00
13872.00
13882.00
13896.00
13884.00
13871.00
13886.00
13883.00
13889.00
13844.00
13854.00
13850.00
13880.00
13898.00
13887.00
13877.00
13878.00
13891.00
13895.00
13861.00
13855.00
13863.00
13883.00
13882.00
13883.00
13877.00
13872.00
13880.00
13890.00
13893.00
13879.00
13894.00
13884.00
13901.00
13900.00
13875.00
13875.00
13881.00
13900.00
13884.00
13864.00
13874.00
13883.00
13900.00
13888.00
13900.00
13882.00
13888.00
13884.00
13887.00
13869.00
13863.00
13878.00
13882.00
13902.00
13884.00
13883.00
13890.00
13915.00
13885.00
13880.00
13861.00
13867.00
13872.00
13886.00
13872.00
13858.00
13889.00
13896.00
13884.00
13883.00
13870.00
13867.00
13882.00
13875.00
13879.00
13862.00
13888.00
13877.00
13893.00
13861.00
13868.00
13872.00
13880.00
13887.00
13874.00
13859.00
13867.00
13893.00
13882.00
13871.00
13838.00
13828.00
13842.00
13811.00
13795.00
13776.00
13785.00
13809.00
13787.00
13754.00
13724.00
13709.00
13698.00
13692.00
13665.00
13638.00
13637.00
13636.00
13624.00
13603.00
13591.00
13602.00
13581.00
13583.00
13555.00
13527.00
13524.00
13528.00
13545.00
13535.00
13512.00
13488.00
13499.00
13490.00
13480.00
13462.00
13450.00
13456.00
13457.00
13474.00
13475.00
13475.00
13471.00
13484.00
13505.00
13472.00
13467.00
13491.00
13476.00
13488.00
13476.00
13494.00
13489.00
13516.00
13509.00
13506.00
13485.00
13494.00
13502.00
13517.00
13508.00
13492.00
13494.00
13514.00
13525.00
13513.00
13519.00
13514.00
13508.00
13523.00
13500.00
13499.00
13506.00
13532.00
13526.00
13512.00
13500.00
13510.00
13508.00
13530.00
13513.00
13502.00
13500.00
13519.00
13534.00
13531.00
13514.00
13492.00
13520.00
13536.00
13516.00
13505.00
13511.00
13512.00
13518.00
13525.00
13511.00
13509.00
13523.00
13550.00
13547.00
13539.00
13513.00
13527.00
13534.00
13549.00
13525.00
13526.00
13528.00
13550.00
13550.00
13521.00
13519.00
13523.00
13537.00
13530.00
13517.00
13505.00
13525.00
13541.00
13539.00
13534.00
13530.00
13526.00
13539.00
13533.00
13519.00
13509.00
13506.00
13525.00
13535.00
13529.00
13536.00
13527.00
13539.00
13540.00
13522.00
13521.00
13515.00
13532.00
13530.00
13547.00
13525.00
13539.00
13538.00
13542.00
13548.00
13515.00
13521.00
13534.00
13529.00
13528.00
13535.00
13536.00
13535.00
13561.00
13555.00
13538.00
13529.00
13541.00
13553.00
13549.00
13527.00
13534.00
13548.00
13545.00
13552.00
13567.00
13545.00
13550.00
13563.00
13555.00
13536.00
13521.00
13531.00
13546.00
13547.00
13538.00
13536.00
13537.00
13533.00
13547.00
13521.00
13509.00
13528.00
13543.00
13528.00
13546.00
13534.00
13533.00
13543.00
13552.00
13544.00
13532.00
13538.00
13550.00
13538.00
13571.00
13551.00
13546.00
13556.00
13562.00
13550.00
13532.00
13534.00
13548.00
13553.00
13551.00
13524.00
13536.00
13556.00
13553.00
13544.00
13535.00
13521.00
13551.00
13564.00
13544.00
13510.00
13541.00
13556.00
13568.00
13559.00
13552.00
13549.00
13554.00
13556.00
13559.00
13529.00
13541.00
13535.00
13549.00
13554.00
13534.00
13542.00
13547.00
13556.00
13540.00
13522.00
13528.00
13548.00
13565.00
13558.00
13545.00
13546.00
13534.00
13540.00
13542.00
13530.00
13533.00
13533.00
13550.00
13552.00
13554.00
13536.00
13549.00
13538.00
13543.00
13543.00
13531.00
13544.00
13549.00
13550.00
13548.00
13536.00
13553.00
13554.00
13574.00
13553.00
13553.00
13550.00
13550.00
13564.00
13562.00
13535.00
13557.00
13578.00
13569.00
13547.00
13546.00
13546.00
13568.00
13569.00
13545.00
13541.00
13546.00
13573.00
13570.00
13590.00
13551.00
13544.00
13557.00
13563.00
13558.00
13543.00
13538.00
13557.00
13589.00
13558.00
13545.00
13557.00
13564.00
13566.00
13564.00
13550.00
13538.00
13541.00
13570.00
13556.00
13566.00
13558.00
13560.00
13571.00
13564.00
13554.00
13547.00
13567.00
13562.00
13562.00
13564.00
13547.00
13555.00
13559.00
13570.00
13548.00
13530.00
13545.00
13554.00
13563.00
13565.00
13549.00
13556.00
13566.00
13572.00
13562.00
13547.00
13558.00
13559.00
13562.00
13544.00
13556.00
13546.00
13578.00
13574.00
13566.00
13560.00
13543.00
13568.00
13567.00
13555.00
13542.00
13547.00
13543.00
13572.00
13554.00
13554.00
13556.00
13560.00
13575.00
13552.00
13560.00
13556.00
13569.00
13587.00
13563.00
13556.00
13544.00
13550.00
13559.00
13562.00
13531.00
13551.00
13554.00
13565.00
13571.00
13562.00
13572.00
13558.00
13576.00
13563.00
13551.00
13535.00
13538.00
13573.00
13565.00
13551.00
13543.00
13561.00
13566.00
13568.00
13568.00
13549.00
13555.00
13565.00
13556.00
13542.00
13543.00
13554.00
13568.00
13573.00
13553.00
13541.00
13543.00
13548.00
13559.00
13567.00
13544.00
13573.00
13570.00
13567.00
13559.00
13545.00
13542.00
13550.00
13558.00
13557.00
13540.00
13558.00
13565.00
13569.00
13564.00
13554.00
13542.00
13568.00
13561.00
13558.00
13544.00
13537.00
13547.00
13569.00
13570.00
13565.00
13547.00
13557.00
13567.00
13561.00
13549.00
13535.00
13533.00
13551.00
13568.00
13544.00
13542.00
13560.00
13561.00
13563.00
13547.00
13540.00
13570.00
13585.00
13564.00
13567.00
13551.00
13561.00
13589.00
13569.00
13565.00
13546.00
13548.00
13567.00
13578.00
13562.00
13557.00
13560.00
13571.00
13572.00
13566.00
13546.00
13553.00
13574.00
13561.00
13553.00
13541.00
13558.00
13574.00
13578.00
13560.00
13545.00
13557.00
13560.00
13555.00
13551.00
13539.00
13531.00
13549.00
13581.00
13545.00
13518.00
13498.00
13496.00
13492.00
13463.00
13427.00
13428.00
13414.00
13395.00
13361.00
13323.00
13293.00
13292.00
13288.00
13282.00
13267.00
13269.00
13276.00
13286.00
13285.00
13275.00
13264.00
13249.00
13269.00
13259.00
13270.00
13240.00
13260.00
13271.00
13279.00
13277.00
13271.00
13281.00
13281.00
13290.00
13282.00
13272.00
13281.00
13280.00
13283.00
13310.00
13285.00
13275.00
13298.00
13307.00
13302.00
13278.00
13291.00
13292.00
13317.00
13318.00
13312.00
13308.00
13305.00
13303.00
13326.00
13295.00
13279.00
13306.00
13314.00
13305.00
13297.00
13316.00
13316.00
13321.00
13328.00
13311.00
13308.00
13320.00
13316.00
13313.00
13315.00
13312.00
13320.00
13318.00
13346.00
13319.00
13315.00
13326.00
13323.00
13338.00
13307.00
13327.00
13326.00
13335.00
13345.00
13333.00
13323.00
13321.00
13329.00
13324.00
13318.00
13310.00
13321.00
13349.00
13339.00
13337.00
13327.00
13323.00
13329.00
13331.00
13318.00
13308.00
13320.00
13326.00
13341.00
13330.00
13320.00
13321.00
13318.00
13332.00
13323.00
13303.00
13319.00
13308.00
13323.00
13324.00
13314.00
13319.00
13328.00
13330.00
13328.00
13319.00
13296.00
13308.00
13324.00
13338.00
13321.00
13330.00
13341.00
13335.00
13329.00
13323.00
13318.00
13327.00
13330.00
13344.00
13319.00
13327.00
13341.00
13355.00
13344.00
13338.00
13328.00
13334.00
13336.00
13333.00
13338.00
13317.00
13325.00
13338.00
13332.00
13344.00
13332.00
13345.00
13341.00
13338.00
13346.00
13333.00
13336.00
13348.00
13339.00
13341.00
13320.00
13334.00
13354.00
13342.00
13344.00
13322.00
13306.00
13336.00
13344.00
13366.00
13343.00
13349.00
13352.00
13362.00
13356.00
13328.00
13327.00
13339.00
13358.00
13348.00
13343.00
13343.00
13345.00
13365.00
13361.00
13348.00
13334.00
13331.00
13355.00
13350.00
13333.00
13327.00
13351.00
13356.00
13359.00
13348.00
13339.00
13346.00
13359.00
13351.00
13340.00
13329.00
13343.00
13360.00
13363.00
13334.00
13326.00
13326.00
13357.00
13328.00
13326.00
13325.00
13323.00
13350.00
13335.00
13353.00
13338.00
13342.00
13337.00
13339.00
13331.00
13323.00
13322.00
13326.00
13353.00
13361.00
13343.00
13347.00
13348.00
13351.00
13316.00
13330.00
13337.00
13327.00
13330.00
13337.00
13330.00
13333.00
13348.00
13352.00
13346.00
13330.00
13332.00
13336.00
13355.00
13331.00
13348.00
13340.00
13332.00
13369.00
13346.00
13343.00
13320.00
13349.00
13337.00
13353.00
13326.00
13308.00
13344.00
13353.00
13353.00
13332.00
13342.00
13345.00
13346.00
13350.00
13339.00
13313.00
13350.00
13350.00
13363.00
13345.00
13332.00
13346.00
13371.00
13367.00
13353.00
13331.00
13332.00
13353.00
13344.00
13324.00
13327.00
13333.00
13354.00
13352.00
13356.00
13327.00
13338.00
13325.00
13333.00
13310.00
13325.00
13341.00
13339.00
13351.00
13342.00
13310.00
13326.00
13337.00
13336.00
13337.00
13325.00
13322.00
13345.00
13343.00
13361.00
13324.00
13330.00
13335.00
13337.00
13330.00
13317.00
13302.00
13317.00
13338.00
13340.00
13324.00
13328.00
13333.00
13335.00
13347.00
13317.00
13323.00
13323.00
13330.00
13344.00
13332.00
13311.00
13328.00
13339.00
13334.00
13336.00
13315.00
13330.00
13338.00
13325.00
13331.00
13319.00
13318.00
13340.00
13343.00
13346.00
13328.00
13326.00
13325.00
13346.00
13327.00
13327.00
13318.00
13336.00
13350.00
13342.00
13339.00
13343.00
13347.00
13345.00
13328.00
13337.00
13334.00
13332.00
13325.00
13332.00
13315.00
13327.00
13340.00
13361.00
13342.00
13324.00
13324.00
13321.00
13340.00
13335.00
13332.00
13318.00
13332.00
13345.00
13344.00
13332.00
13314.00
13323.00
13335.00
13343.00
13318.00
13325.00
13340.00
13347.00
13356.00
13321.00
13328.00
13335.00
13339.00
13350.00
13344.00
13327.00
13326.00
13340.00
13358.00
13334.00
13323.00
13327.00
13328.00
13343.00
13325.00
13323.00
13316.00
13337.00
13321.00
13345.00
13336.00
13327.00
13348.00
13348.00
13330.00
13320.00
13329.00
13359.00
13343.00
13357.00
13341.00
13338.00
13343.00
13345.00
13344.00
13335.00
13325.00
13328.00
13343.00
13345.00
13341.00
13341.00
13343.00
13358.00
13362.00
13343.00
13337.00
13325.00
13357.00
13355.00
13314.00
13334.00
13337.00
13360.00
13368.00
13356.00
13324.00
13331.00
13333.00
13356.00
13331.00
13337.00
13344.00
13363.00
13347.00
13343.00
13331.00
13352.00
13342.00
13356.00
13339.00
13349.00
13347.00
13354.00
13371.00
13357.00
13336.00
13336.00
13329.00
13346.00
13320.00
13340.00
13342.00
13357.00
13357.00
13350.00
13331.00
13337.00
13351.00
13347.00
13346.00
13331.00
13319.00
13341.00
13350.00
13364.00
13353.00
13353.00
13345.00
13354.00
13355.00
13346.00
13341.00
13345.00
13366.00
13358.00
13351.00
13368.00
13357.00
13365.00
13360.00
13364.00
13337.00
13346.00
13343.00
13372.00
13352.00
13350.00
13358.00
13370.00
13379.00
13351.00
13357.00
13358.00
13389.00
13397.00
13402.00
13409.00
13425.00
13453.00
13476.00
13466.00
13472.00
13487.00
13529.00
13516.00
13531.00
13530.00
13562.00
13586.00
13602.00
13603.00
13614.00
13613.00
13655.00
13674.00
13678.00
13654.00
13685.00
13712.00
13716.00
13714.00
13707.00
13732.00
13737.00
13728.00
13738.00
13741.00
13732.00
13761.00
13775.00
13765.00
13766.00
13748.00
13753.00
13754.00
13768.00
13746.00
13747.00
13758.00
13785.00
13787.00
13762.00
13763.00
13768.00
13765.00
13758.00
13773.00
13742.00
13754.00
13770.00
13772.00
13758.00
13737.00
13751.00
13759.00
13766.00
13765.00
13753.00
13763.00
13758.00
13777.00
13774.00
13759.00
13772.00
13763.00
13769.00
13753.00
13745.00
13743.00
13749.00
13760.00
13761.00
13744.00
13742.00
13761.00
13768.00
13764.00
13754.00
13751.00
13745.00
13761.00
13744.00
13730.00
13726.00
13761.00
13761.00
13762.00
13732.00
13752.00
13754.00
13756.00
13764.00
13741.00
13745.00
13730.00
13752.00
13758.00
13758.00
13748.00
13747.00
13760.00
13745.00
13751.00
13724.00
13743.00
13751.00
13763.00
13761.00
13741.00
13738.00
13748.00
13752.00
13710.00
13738.00
13746.00
13736.00
13757.00
13760.00
13749.00
13752.00
13759.00
13748.00
13754.00
13737.00
13750.00
13744.00
13763.00
13749.00
13753.00
13748.00
13768.00
13771.00
13758.00
13737.00
13740.00
13746.00
13753.00
13751.00
13747.00
13734.00
13763.00
13778.00
13768.00
13721.00
13730.00
13757.00
13750.00
13757.00
13755.00
13736.00
13740.00
13752.00
13760.00
13742.00
13725.00
13751.00
13750.00
13755.00
13742.00
13745.00
13743.00
13744.00
13763.00
13743.00
13718.00
13739.00
13727.00
13761.00
13729.00
13708.00
13737.00
13735.00
13756.00
13752.00
13741.00
13744.00
13749.00
13767.00
13747.00
13724.00
13737.00
13727.00
13745.00
13741.00
13741.00
13744.00
13756.00
13743.00
13726.00
13733.00
13728.00
13755.00
13754.00
13740.00
13731.00
13721.00
13734.00
13748.00
13743.00
13725.00
13729.00
13737.00
13747.00
13750.00
13734.00
13721.00
13754.00
13758.00
13746.00
13726.00
13728.00
13744.00
13748.00
13753.00
13732.00
13732.00
13748.00
13764.00
13747.00
13733.00
13729.00
13725.00
13743.00
13740.00
13734.00
13726.00
13729.00
13755.00
13725.00
13730.00
13724.00
13727.00
13729.00
13735.00
13718.00
13727.00
13741.00
13755.00
13762.00
13743.00
13721.00
13718.00
13738.00
13739.00
13723.00
13713.00
13722.00
13746.00
13738.00
13731.00
13726.00
13730.00
13735.00
13743.00
13727.00
13726.00
13718.00
13724.00
13746.00
13722.00
13712.00
13726.00
13731.00
13742.00
13736.00
13702.00
13734.00
13739.00
13739.00
13747.00
13734.00
13719.00
13745.00
13736.00
13723.00
13729.00
13708.00
13724.00
13726.00
13744.00
13728.00
13727.00
13736.00
13732.00
13740.00
13722.00
13719.00
13731.00
13723.00
13734.00
13734.00
13717.00
13711.00
13732.00
13724.00
13750.00
13714.00
13720.00
13733.00
13750.00
13718.00
13712.00
13719.00
13729.00
13737.00
13736.00
13727.00
13737.00
13730.00
13729.00
13718.00
13710.00
13728.00
13735.00
13756.00
13742.00
13736.00
13723.00
13712.00
13741.00
13707.00
13715.00
13716.00
13715.00
13730.00
13742.00
13736.00
13737.00
13727.00
13727.00
13742.00
13722.00
13712.00
13713.00
13723.00
13731.00
13726.00
13728.00
13748.00
13744.00
13745.00
13729.00
13721.00
13726.00
13749.00
13737.00
13733.00
13727.00
13705.00
13735.00
13739.00
13744.00
13729.00
13735.00
13747.00
13757.00
13745.00
13734.00
13740.00
13737.00
13762.00
13739.00
13738.00
13732.00
13737.00
13752.00
13750.00
13731.00
13736.00
13745.00
13761.00
13749.00
13735.00
13731.00
13743.00
13762.00
13765.00
13742.00
13714.00
13727.00
13745.00
13754.00
13737.00
13744.00
13744.00
13766.00
13756.00
13739.00
13725.00
13727.00
13745.00
13747.00
13737.00
13727.00
13738.00
13754.00
13754.00
13732.00
13721.00
13744.00
13729.00
13764.00
13746.00
13751.00
13762.00
13756.00
13755.00
13731.00
13736.00
13743.00
13742.00
13762.00
13752.00
13739.00
13740.00
13744.00
13740.00
13746.00
13722.00
13717.00
13736.00
13741.00
13740.00
13721.00
13730.00
13741.00
13750.00
13757.00
13713.00
13735.00
13739.00
13733.00
13733.00
13741.00
13718.00
13735.00
13759.00
13742.00
13736.00
13720.00
13734.00
13745.00
13744.00
13720.00
13716.00
13727.00
13736.00
13747.00
13730.00
13722.00
13723.00
13714.00
13740.00
13763.00
13721.00
13730.00
13753.00
13743.00
13743.00
13722.00
13732.00
13732.00
13748.00
13728.00
13710.00
13705.00
13733.00
13723.00
13746.00
13741.00
13750.00
13722.00
13745.00
13736.00
13719.00
13703.00
13738.00
13738.00
13750.00
13732.00
13727.00
13733.00
13751.00
13729.00
13716.00
13719.00
13725.00
13735.00
13736.00
13731.00
13724.00
13733.00
13746.00
13728.00
13720.00
13701.00
13723.00
13737.00
13733.00
13729.00
13729.00
13740.00
13748.00
13745.00
13717.00
13730.00
13725.00
13742.00
13733.00
13738.00
13727.00
13740.00
13746.00
13761.00
13751.00
13728.00
13741.00
13743.00
13751.00
13728.00
13745.00
13745.00
13751.00
13748.00
13733.00
13730.00
13736.00
13749.00
13732.00
13736.00
13726.00
13717.00
13746.00
13745.00
13745.00
13724.00
13731.00
13747.00
13754.00
13766.00
13731.00
13725.00
13741.00
13742.00
13743.00
13745.00
13746.00
13747.00
13758.00
13742.00
13745.00
13740.00
13737.00
13743.00
13739.00
13750.00
13740.00
13742.00
13761.00
13754.00
13745.00
13735.00
13729.00
13754.00
13756.00
13737.00
13742.00
13757.00
13748.00
13755.00
13756.00
13715.00
13736.00
13742.00
13747.00
13744.00
13713.00
13752.00
13745.00
13767.00
13746.00
13737.00
13727.00
13727.00
13752.00
13729.00
13729.00
13723.00
13741.00
13760.00
13756.00
13742.00
13737.00
13737.00
13758.00
13750.00
13719.00
13730.00
13744.00
13745.00
13764.00
13737.00
13725.00
13761.00
13745.00
13739.00
13719.00
13728.00
13739.00
13754.00
13737.00
13739.00
13755.00
13748.00
13765.00
13766.00
13748.00
13734.00
13735.00
13755.00
13745.00
13746.00
13758.00
13757.00
13765.00
13774.00
13753.00
13757.00
13748.00
13752.00
13758.00
13747.00
13752.00
13746.00
13754.00
13760.00
13763.00
13756.00
13752.00
13765.00
13766.00
13764.00
13753.00
13750.00
13764.00
13773.00
13776.00
13753.00
13742.00
13754.00
13772.00
13761.00
13744.00
13742.00
13753.00
13766.00
13770.00
13759.00
13743.00
13754.00
13756.00
13764.00
13747.00
13748.00
13736.00
13753.00
13749.00
13749.00
13744.00
13752.00
13767.00
13753.00
13749.00
13759.00
13732.00
13755.00
13791.00
13777.00
13759.00
13788.00
13786.00
13827.00
13809.00
13822.00
13828.00
13846.00
13854.00
13894.00
13876.00
13898.00
13908.00
13927.00
13922.00
13918.00
13951.00
13961.00
13993.00
13988.00
14006.00
14015.00
14040.00
14053.00
14053.00
14038.00
14045.00
14072.00
14076.00
14055.00
14069.00
14075.00
14076.00
14099.00
14119.00
14103.00
14094.00
14102.00
14112.00
14112.00
14110.00
14083.00
14104.00
14087.00
14109.00
14088.00
14092.00
14102.00
14106.00
14131.00
14099.00
14088.00
14093.00
14116.00
14145.00
14124.00
14088.00
14111.00
14119.00
14132.00
14117.00
14113.00
14100.00
14121.00
14122.00
14128.00
14119.00
14129.00
14120.00
14143.00
14119.00
14122.00
14109.00
14125.00
14142.00
14120.00
14115.00
14116.00
14127.00
14135.00
14140.00
14126.00
14109.00
14120.00
14126.00
14136.00
14121.00
14103.00
14109.00
14132.00
14131.00
14126.00
14134.00
14129.00
14127.00
14102.00
14105.00
14107.00
14122.00
14123.00
14133.00
14130.00
14107.00
14103.00
14124.00
14113.00
14118.00
14095.00
14112.00
14137.00
14136.00
14134.00
14107.00
14118.00
14129.00
14137.00
14122.00
14105.00
14110.00
14106.00
14122.00
14113.00
14124.00
14129.00
14133.00
14141.00
14127.00
14116.00
14102.00
14113.00
14121.00
14123.00
14115.00
14094.00
14134.00
14121.00
14135.00
14118.00
14107.00
14101.00
14114.00
14115.00
14119.00
14108.00
14122.00
14134.00
14142.00
14129.00
14116.00
14118.00
14123.00
14110.00
14115.00
14099.00
14100.00
14128.00
14126.00
14135.00
14127.00
14118.00
14126.00
14130.00
14106.00
14109.00
14102.00
14113.00
14125.00
14125.00
14115.00
14118.00
14126.00
14143.00
14140.00
14110.00
14104.00
14102.00
14131.00
14129.00
14121.00
14117.00
14118.00
14133.00
14146.00
14121.00
14107.00
14106.00
14138.00
14134.00
14131.00
14120.00
14124.00
14137.00
14148.00
14127.00
14117.00
14127.00
14156.00
14132.00
14135.00
14134.00
14124.00
14153.00
14143.00
14142.00
14133.00
14135.00
14139.00
14143.00
14128.00
14117.00
14113.00
14133.00
14150.00
14142.00
14121.00
14122.00
14135.00
14119.00
14134.00
14112.00
14124.00
14139.00
14129.00
14137.00
14116.00
14121.00
14123.00
14134.00
14115.00
14096.00
14099.00
14131.00
14145.00
14133.00
14117.00
14127.00
14133.00
14121.00
14146.00
14115.00
14108.00
14109.00
14126.00
14142.00
14119.00
14125.00
14124.00
14140.00
14143.00
14134.00
14126.00
14098.00
14149.00
14152.00
14122.00
14113.00
14131.00
14135.00
14140.00
14125.00
14095.00
14101.00
14124.00
14141.00
14132.00
14104.00
14120.00
14136.00
14147.00
14129.00
14112.00
14121.00
14115.00
14128.00
14137.00
14098.00
14111.00
14116.00
14122.00
14129.00
14126.00
14108.00
14130.00
14127.00
14136.00
14116.00
14119.00
14106.00
14121.00
14116.00
14106.00
14098.00
14111.00
14134.00
14121.00
14120.00
14113.00
14125.00
14131.00
14130.00
14095.00
14117.00
14120.00
14126.00
14135.00
14127.00
14108.00
14112.00
14133.00
14132.00
14118.00
14115.00
14125.00
14125.00
14148.00
14130.00
14125.00
14128.00
14135.00
14154.00
14134.00
14125.00
14139.00
14162.00
14176.00
14177.00
14186.00
14192.00
14199.00
14229.00
14228.00
14210.00
14229.00
14232.00
14267.00
14258.00
14255.00
14262.00
14280.00
14289.00
14277.00
14270.00
14247.00
14220.00
14187.00
14228.00
14246.00
14243.00
14275.00
14308.00
14285.00
14253.00
14252.00
14188.00
14132.00
14153.00
14181.00
14178.00
14204.00
14194.00
14195.00
14175.00
14186.00
14200.00
14204.00
14208.00
14198.00
14169.00
14197.00
14184.00
14203.00
14182.00
14184.00
14181.00
14201.00
14220.00
14191.00
14155.00
14149.00
14192.00
14192.00
14205.00
14184.00
14172.00
14212.00
14208.00
14175.00
14175.00
14178.00
14154.00
14171.00
14169.00
14169.00
14179.00
14197.00
14211.00
14212.00
14174.00
14174.00
14167.00
14188.00
14169.00
14168.00
14160.00
14187.00
14204.00
14200.00
14182.00
14159.00
14164.00
14184.00
14177.00
14163.00
14156.00
14151.00
14158.00
14170.00
14170.00
14158.00
14168.00
14181.00
14193.00
14193.00
14164.00
14163.00
14174.00
14189.00
14187.00
14165.00
14171.00
14172.00
14188.00
14165.00
14162.00
14126.00
14164.00
14172.00
14191.00
14147.00
14176.00
14176.00
14177.00
14179.00
14143.00
14173.00
14160.00
14183.00
14176.00
14168.00
14163.00
14179.00
14190.00
14183.00
14168.00
14176.00
14182.00
14209.00
14180.00
14186.00
14164.00
14181.00
14180.00
14189.00
14194.00
14185.00
14202.00
14203.00
14212.00
14191.00
14182.00
14191.00
14217.00
14222.00
14214.00
14181.00
14193.00
14219.00
14204.00
14210.00
14190.00
14207.00
14205.00
14227.00
14228.00
14205.00
14203.00
14211.00
14223.00
14200.00
14195.00
14192.00
14212.00
14224.00
14240.00
14207.00
14203.00
14224.00
14223.00
14218.00
14203.00
14195.00
14212.00
14212.00
14228.00
14204.00
14205.00
14223.00
14230.00
14221.00
14211.00
14192.00
14207.00
14245.00
14236.00
14224.00
14202.00
14209.00
14215.00
14209.00
14220.00
14203.00
14198.00
14225.00
14224.00
14221.00
14217.00
14214.00
14234.00
14237.00
14217.00
14199.00
14195.00
14214.00
14214.00
14222.00
14202.00
14204.00
14215.00
14231.00
14230.00
14205.00
14209.00
14204.00
14222.00
14225.00
14193.00
14206.00
14208.00
14231.00
14227.00
14219.00
14213.00
14224.00
14224.00
14211.00
14221.00
14205.00
14216.00
14236.00
14234.00
14226.00
14227.00
14219.00
14233.00
14226.00
14217.00
14212.00
14229.00
14247.00
14253.00
14221.00
14209.00
14230.00
14234.00
14238.00
14228.00
14213.00
14198.00
14231.00
14228.00
14235.00
14215.00
14227.00
14250.00
14241.00
14234.00
14230.00
14225.00
14233.00
14246.00
14230.00
14228.00
14221.00
14237.00
14239.00
14245.00
14221.00
14227.00
14236.00
14245.00
14241.00
14219.00
14213.00
14226.00
14251.00
14247.00
14209.00
14209.00
14222.00
14242.00
14237.00
14210.00
14207.00
14232.00
14247.00
14249.00
14233.00
14226.00
14218.00
14247.00
14221.00
14227.00
14230.00
14222.00
14248.00
14235.00
14238.00
14207.00
14239.00
14243.00
14244.00
14245.00
14229.00
14227.00
14226.00
14230.00
14242.00
14231.00
14239.00
14240.00
14246.00
14237.00
14196.00
14233.00
14226.00
14249.00
14244.00
14224.00
14236.00
14245.00
14246.00
14230.00
14234.00
14227.00
14225.00
14227.00
14245.00
14217.00
14223.00
14245.00
14247.00
14239.00
14227.00
14217.00
14240.00
14249.00
14250.00
14227.00
14225.00
14226.00
14239.00
14252.00
14243.00
14234.00
14227.00
14249.00
14218.00
14233.00
14224.00
14229.00
14260.00
14251.00
14244.00
14231.00
14237.00
14243.00
14242.00
14228.00
14220.00
14219.00
14243.00
14255.00
14244.00
14232.00
14238.00
14255.00
14249.00
14240.00
14226.00
14238.00
14253.00
14234.00
14254.00
14237.00
14233.00
14255.00
14259.00
14227.00
14230.00
14240.00
14231.00
14248.00
14242.00
14225.00
14218.00
14252.00
14251.00
14255.00
14240.00
14237.00
14242.00
14232.00
14239.00
14237.00
14226.00
14242.00
14255.00
14241.00
14236.00
14221.00
14222.00
14237.00
14236.00
14210.00
14212.00
14230.00
14258.00
14250.00
14228.00
14219.00
14219.00
14234.00
14239.00
14209.00
14203.00
14215.00
