14396.00
14402.00
14407.00
14396.00
14387.00
14394.00
14402.00
14400.00
14399.00
14367.00
14382.00
14382.00
14405.00
14392.00
14356.00
14374.00
14387.00
14390.00
14408.00
14393.00
14385.00
14412.00
14408.00
14394.00
14390.00
14382.00
14389.00
14383.00
14384.00
14369.00
14392.00
14404.00
14417.00
14402.00
14385.00
14374.00
14381.00
14401.00
14413.00
14385.00
14351.00
14387.00
14404.00
14398.00
14382.00
14384.00
14386.00
14402.00
14395.00
14382.00
14398.00
14370.00
14389.00
14391.00
14386.00
14388.00
14395.00
14396.00
14393.00
14398.00
14370.00
14385.00
14381.00
14392.00
14388.00
14383.00
14409.00
14413.00
14419.00
14391.00
14375.00
14387.00
14392.00
14423.00
14396.00
14373.00
14405.00
14419.00
14434.00
14401.00
14397.00
14380.00
14396.00
14412.00
14395.00
14382.00
14374.00
14381.00
14397.00
14412.00
14387.00
14388.00
14389.00
14392.00
14389.00
14397.00
14382.00
14398.00
14379.00
14399.00
14374.00
14376.00
14385.00
14413.00
14393.00
14395.00
14386.00
14412.00
14418.00
14416.00
14423.00
14423.00
14434.00
14448.00
14432.00
14414.00
14412.00
14404.00
14407.00
14419.00
14404.00
14415.00
14418.00
14425.00
14375.00
14332.00
14295.00
14307.00
14323.00
14329.00
14342.00
14330.00
14339.00
14367.00
14382.00
14376.00
14392.00
14385.00
14388.00
14386.00
14395.00
14395.00
14400.00
14398.00
14437.00
14411.00
14418.00
14401.00
14416.00
14418.00
14404.00
14398.00
14415.00
14439.00
14443.00
14449.00
14430.00
14419.00
14420.00
14437.00
14426.00
14417.00
14426.00
14452.00
14460.00
14424.00
14441.00
14449.00
14452.00
14466.00
14457.00
14443.00
14452.00
14454.00
14468.00
14480.00
14457.00
14466.00
14464.00
14468.00
14464.00
14456.00
14446.00
14474.00
14466.00
14468.00
14442.00
14425.00
14419.00
14435.00
14416.00
14405.00
14361.00
14377.00
14375.00
14367.00
14362.00
14355.00
14324.00
14195.00
14206.00
14238.00
14227.00
14228.00
14224.00
14235.00
14198.00
14194.00
14181.00
14177.00
14155.00
14101.00
14075.00
14068.00
14058.00
14039.00
13987.00
13951.00
13926.00
13927.00
13872.00
13858.00
13812.00
13782.00
13773.00
13762.00
13738.00
13714.00
13688.00
13699.00
13684.00
13650.00
13622.00
13601.00
13580.00
13573.00
13544.00
13537.00
13540.00
13555.00
13575.00
13606.00
13620.00
13651.00
13684.00
13717.00
13754.00
13785.00
13790.00
13835.00
13874.00
13876.00
13904.00
13945.00
14001.00
14011.00
14047.00
14071.00
14089.00
14119.00
14147.00
14170.00
14170.00
14194.00
14213.00
14253.00
14267.00
14280.00
14290.00
14323.00
14338.00
14353.00
14347.00
14367.00
14408.00
14408.00
14423.00
14380.00
14401.00
14426.00
14441.00
14411.00
14391.00
14437.00
14461.00
14454.00
14460.00
14434.00
14447.00
14438.00
14440.00
14456.00
14446.00
14440.00
14434.00
14459.00
14458.00
14468.00
14448.00
14450.00
14430.00
14444.00
14386.00
14349.00
14356.00
14356.00
14308.00
14277.00
14233.00
14352.00
14325.00
14325.00
14331.00
14284.00
14325.00
14316.00
14323.00
14313.00
14291.00
14269.00
14265.00
14266.00
14228.00
14182.00
14160.00
14141.00
14111.00
14073.00
14059.00
14009.00
14007.00
13994.00
13970.00
13914.00
13894.00
13869.00
13878.00
13837.00
13799.00
13763.00
13769.00
13742.00
13735.00
13690.00
13656.00
13658.00
13650.00
13625.00
13603.00
13565.00
13567.00
13567.00
13548.00
13515.00
13493.00
13478.00
13498.00
13514.00
13512.00
13527.00
13550.00
13572.00
13608.00
13612.00
13630.00
13648.00
13688.00
13699.00
13725.00
13715.00
13732.00
13770.00
13840.00
13843.00
13885.00
13936.00
13966.00
14007.00
14014.00
14035.00
14048.00
14093.00
14109.00
14153.00
14159.00
14186.00
14233.00
14252.00
14275.00
14268.00
14274.00
14305.00
14333.00
14345.00
14370.00
14382.00
14353.00
14387.00
14377.00
14355.00
14337.00
14377.00
14400.00
14406.00
14390.00
14401.00
14417.00
14428.00
14429.00
14402.00
14394.00
14394.00
14407.00
14402.00
14381.00
14384.00
14402.00
14419.00
14398.00
14362.00
14272.00
14220.00
14216.00
14218.00
14157.00
14173.00
14184.00
14327.00
14362.00
14344.00
14353.00
14361.00
14339.00
14330.00
14298.00
14291.00
14285.00
14288.00
14287.00
14253.00
14225.00
14206.00
14193.00
14169.00
14114.00
14094.00
14088.00
14059.00
14064.00
14026.00
14008.00
13979.00
13939.00
13923.00
13883.00
13841.00
13822.00
13812.00
13789.00
13774.00
13767.00
13720.00
13710.00
13690.00
13646.00
13624.00
13607.00
13591.00
13578.00
13558.00
13537.00
13539.00
13548.00
13534.00
13513.00
13498.00
13484.00
13498.00
13524.00
13516.00
13529.00
13553.00
13574.00
13615.00
13611.00
13628.00
13650.00
13663.00
13693.00
13716.00
13722.00
13767.00
13797.00
13831.00
13855.00
13858.00
13881.00
13928.00
13963.00
13983.00
14009.00
14030.00
14069.00
14096.00
14099.00
14098.00
14153.00
14172.00
14198.00
14214.00
14228.00
14233.00
14249.00
14294.00
14306.00
14301.00
14304.00
14319.00
14343.00
14314.00
14301.00
14330.00
14319.00
14305.00
14349.00
14329.00
14352.00
14367.00
14389.00
14400.00
14401.00
14374.00
14399.00
14406.00
14411.00
14378.00
14387.00
14348.00
14279.00
14268.00
14203.00
14209.00
14240.00
14294.00
14336.00
14340.00
14334.00
14329.00
14338.00
14344.00
14311.00
14291.00
14304.00
14293.00
14260.00
14236.00
14188.00
14173.00
14150.00
14155.00
14096.00
14048.00
14009.00
14008.00
13991.00
13970.00
13935.00
13905.00
13901.00
13849.00
13836.00
13829.00
13804.00
13787.00
13766.00
13735.00
13692.00
13678.00
13675.00
13663.00
13653.00
13622.00
13598.00
13611.00
13600.00
13581.00
13534.00
13520.00
13512.00
13508.00
13508.00
13507.00
13503.00
13501.00
13540.00
13552.00
13555.00
13584.00
13590.00
13609.00
13641.00
13638.00
13675.00
13709.00
13729.00
13773.00
13784.00
13809.00
13839.00
13877.00
13909.00
13922.00
13948.00
13985.00
14013.00
14037.00
14073.00
14084.00
14109.00
14157.00
14152.00
14185.00
14176.00
14213.00
14238.00
14256.00
14286.00
14290.00
14296.00
14323.00
14347.00
14311.00
14339.00
14328.00
14353.00
14302.00
14335.00
14345.00
14356.00
14371.00
14397.00
14412.00
14385.00
14393.00
14393.00
14418.00
14409.00
14386.00
14358.00
14315.00
14339.00
14299.00
14324.00
14349.00
14349.00
14359.00
14325.00
14336.00
14335.00
14323.00
14350.00
14320.00
14317.00
14288.00
14286.00
14264.00
14242.00
14209.00
14168.00
14169.00
14148.00
14120.00
14073.00
14060.00
14045.00
14035.00
13998.00
13958.00
13915.00
13883.00
13854.00
13846.00
13804.00
13783.00
13787.00
13747.00
13731.00
13706.00
13669.00
13662.00
13666.00
13638.00
13624.00
13622.00
13603.00
13580.00
13577.00
13549.00
13533.00
13523.00
13537.00
13534.00
13528.00
13556.00
13566.00
13584.00
13615.00
13620.00
13621.00
13641.00
13645.00
13661.00
13682.00
13691.00
13723.00
13763.00
13786.00
13807.00
13800.00
13820.00
13858.00
13876.00
13887.00
13905.00
13943.00
13969.00
14027.00
14042.00
14057.00
14073.00
14118.00
14133.00
14149.00
14156.00
14163.00
14205.00
14239.00
14259.00
14259.00
14273.00
14298.00
14291.00
14290.00
14307.00
14305.00
14329.00
14364.00
14335.00
14347.00
14326.00
14266.00
14277.00
14307.00
14317.00
14327.00
14342.00
14374.00
14359.00
14353.00
14350.00
14332.00
14355.00
14325.00
14290.00
14315.00
14310.00
14229.00
14210.00
14234.00
14251.00
14279.00
14286.00
14320.00
14321.00
14287.00
14309.00
14337.00
14323.00
14318.00
14291.00
14296.00
14290.00
14254.00
14221.00
14178.00
14163.00
14134.00
14135.00
14074.00
14045.00
14021.00
14025.00
14005.00
13968.00
13938.00
13900.00
13873.00
13842.00
13818.00
13781.00
13759.00
13750.00
13727.00
13732.00
13707.00
13667.00
13674.00
13658.00
13637.00
13598.00
13590.00
13596.00
13601.00
13596.00
13569.00
13583.00
13594.00
13613.00
13615.00
13610.00
13615.00
13630.00
13636.00
13673.00
13668.00
13700.00
13701.00
13743.00
13758.00
13773.00
13799.00
13824.00
13852.00
13880.00
13895.00
13894.00
13936.00
13966.00
13977.00
13990.00
14011.00
14049.00
14066.00
14084.00
14114.00
14122.00
14149.00
14206.00
14235.00
14213.00
14214.00
14246.00
14298.00
14295.00
14265.00
14273.00
14301.00
14358.00
14353.00
14348.00
14338.00
14348.00
14285.00
14384.00
14401.00
14405.00
14438.00
14459.00
14455.00
14439.00
14419.00
14429.00
14442.00
14439.00
14420.00
14392.00
14405.00
14383.00
14398.00
14312.00
14338.00
14394.00
14402.00
14382.00
14337.00
14282.00
14161.00
14235.00
14284.00
14238.00
14176.00
14260.00
14281.00
14275.00
14224.00
14174.00
14164.00
14167.00
14152.00
14112.00
14083.00
14059.00
14034.00
14004.00
13977.00
13919.00
13896.00
13868.00
13840.00
13801.00
13761.00
13741.00
13738.00
13728.00
13691.00
13662.00
13653.00
13637.00
13593.00
13567.00
13564.00
13530.00
13529.00
13545.00
13527.00
13521.00
13497.00
13508.00
13534.00
13535.00
13526.00
13571.00
13605.00
13626.00
13658.00
13669.00
13665.00
13702.00
13729.00
13774.00
13785.00
13808.00
13863.00
13898.00
13910.00
13931.00
13972.00
13999.00
14033.00
14067.00
14086.00
14105.00
14129.00
14171.00
14187.00
14185.00
14200.00
14229.00
14268.00
14263.00
14256.00
14273.00
14245.00
14301.00
14324.00
14328.00
14234.00
14314.00
14348.00
14324.00
14390.00
14400.00
14402.00
14400.00
14406.00
14384.00
14383.00
14408.00
14431.00
14421.00
14415.00
14387.00
14387.00
14388.00
14414.00
14191.00
14299.00
14330.00
14335.00
14314.00
14286.00
14236.00
14344.00
14309.00
14333.00
14228.00
14294.00
14310.00
14297.00
14297.00
14287.00
14251.00
14233.00
14225.00
14215.00
14205.00
14147.00
14127.00
14110.00
14095.00
14072.00
14042.00
14007.00
13975.00
13946.00
13906.00
13850.00
13819.00
13822.00
13800.00
13779.00
13762.00
13735.00
13723.00
13707.00
13709.00
13675.00
13660.00
13653.00
13654.00
13651.00
13629.00
13610.00
13632.00
13648.00
13651.00
13653.00
13662.00
13675.00
13706.00
13727.00
13729.00
13740.00
13776.00
13813.00
13825.00
13837.00
13852.00
13881.00
13917.00
13939.00
13945.00
13976.00
13999.00
14050.00
14063.00
14073.00
14094.00
14128.00
14165.00
14174.00
14188.00
14199.00
14223.00
14263.00
14284.00
14274.00
14279.00
14270.00
14259.00
14272.00
14291.00
14319.00
14346.00
14374.00
14326.00
14322.00
14347.00
14270.00
14331.00
14358.00
14382.00
14384.00
14346.00
14351.00
14344.00
14343.00
14329.00
14308.00
14353.00
14384.00
14311.00
14290.00
14281.00
14315.00
14293.00
14280.00
14243.00
14167.00
14250.00
14258.00
14313.00
14288.00
14273.00
14292.00
14315.00
14308.00
14262.00
14290.00
14287.00
14270.00
14243.00
14215.00
14185.00
14159.00
14140.00
14115.00
14094.00
14048.00
14037.00
14004.00
13958.00
13920.00
13885.00
13864.00
13827.00
13797.00
13764.00
13730.00
13729.00
13713.00
13707.00
13664.00
13663.00
13644.00
13653.00
13623.00
13575.00
13565.00
13570.00
13564.00
13560.00
13548.00
13542.00
13591.00
13608.00
13607.00
13620.00
13649.00
13679.00
13709.00
13740.00
13744.00
13762.00
13806.00
13822.00
13849.00
13850.00
13875.00
13887.00
13940.00
13953.00
13974.00
13990.00
14042.00
14095.00
14117.00
14137.00
14143.00
14174.00
14202.00
14226.00
14238.00
14237.00
14270.00
14277.00
14306.00
14230.00
14237.00
14323.00
14361.00
14395.00
14355.00
14300.00
14323.00
14348.00
14348.00
14340.00
14363.00
14308.00
14287.00
14291.00
14276.00
14265.00
14276.00
14295.00
14300.00
14286.00
14265.00
14305.00
14318.00
14324.00
14307.00
14297.00
14251.00
14297.00
14369.00
14346.00
14316.00
14336.00
14322.00
14368.00
14345.00
14296.00
14313.00
14284.00
14280.00
14256.00
14217.00
14205.00
14195.00
14176.00
14142.00
14104.00
14081.00
14068.00
14063.00
14001.00
13977.00
13936.00
13886.00
13865.00
13835.00
13802.00
13787.00
13779.00
13741.00
13716.00
13683.00
13668.00
13670.00
13660.00
13653.00
13613.00
13595.00
13574.00
13564.00
13542.00
13527.00
13523.00
13523.00
13537.00
13562.00
13561.00
13572.00
13583.00
13615.00
13636.00
13621.00
13649.00
13673.00
13698.00
13711.00
13727.00
13742.00
13773.00
13800.00
13817.00
13829.00
13809.00
13849.00
13883.00
13914.00
13907.00
13909.00
13933.00
13976.00
13983.00
13999.00
14015.00
14049.00
14067.00
14092.00
14103.00
14109.00
14140.00
14170.00
14174.00
14172.00
14188.00
14194.00
14224.00
14237.00
14244.00
14231.00
14269.00
14275.00
14260.00
14222.00
14239.00
14167.00
14237.00
14319.00
14265.00
14279.00
14346.00
14308.00
14305.00
14327.00
14309.00
14295.00
14316.00
14321.00
14323.00
14284.00
14307.00
14330.00
14354.00
14335.00
14325.00
14333.00
14336.00
14339.00
14325.00
14328.00
14321.00
14338.00
14350.00
14346.00
14312.00
14336.00
14328.00
14343.00
14326.00
14323.00
14321.00
14336.00
14356.00
14342.00
14321.00
14312.00
14342.00
14362.00
14365.00
14366.00
14351.00
14364.00
14367.00
14369.00
14365.00
14365.00
14383.00
14396.00
14412.00
14387.00
14386.00
14376.00
14388.00
14379.00
14366.00
14370.00
14379.00
14382.00
14391.00
14379.00
14363.00
14367.00
14391.00
14380.00
14375.00
14356.00
14369.00
14389.00
14383.00
14364.00
14375.00
14385.00
14393.00
14386.00
14389.00
14371.00
14380.00
14339.00
14361.00
14328.00
14337.00
14356.00
14363.00
14362.00
14373.00
14348.00
14341.00
14353.00
14370.00
14355.00
14364.00
14329.00
14366.00
14384.00
14363.00
14354.00
14356.00
14356.00
14388.00
14378.00
14356.00
14364.00
14396.00
14388.00
14384.00
14352.00
14355.00
14383.00
14379.00
14379.00
14356.00
14373.00
14401.00
14403.00
14394.00
14399.00
14384.00
14394.00
14395.00
14392.00
14371.00
14377.00
14388.00
14395.00
14405.00
14380.00
14389.00
14398.00
14392.00
14400.00
14381.00
14371.00
14393.00
14419.00
14394.00
14381.00
14392.00
14394.00
14406.00
14396.00
14372.00
14371.00
14393.00
14410.00
14408.00
14390.00
14397.00
14396.00
14402.00
14395.00
14387.00
14379.00
14390.00
14400.00
14403.00
14386.00
14379.00
14404.00
14417.00
14421.00
14375.00
14382.00
14385.00
14396.00
14393.00
14389.00
14377.00
14393.00
14408.00
14427.00
14405.00
14392.00
14386.00
14397.00
14419.00
14398.00
14382.00
14400.00
14413.00
14416.00
14414.00
14394.00
14387.00
14413.00
14419.00
14392.00
14378.00
14385.00
14417.00
14418.00
14412.00
14395.00
14399.00
14409.00
14408.00
14406.00
14375.00
14395.00
14402.00
14418.00
14403.00
14402.00
14403.00
14412.00
14429.00
14416.00
14402.00
14402.00
14409.00
14432.00
14408.00
14392.00
14416.00
14420.00
14418.00
14399.00
14406.00
14402.00
14406.00
14424.00
14414.00
14410.00
14416.00
14430.00
14440.00
14444.00
14413.00
14422.00
14440.00
14442.00
14431.00
14433.00
14443.00
14429.00
14466.00
14447.00
14458.00
14440.00
14437.00
14440.00
14428.00
14409.00
14417.00
14440.00
14423.00
14429.00
14410.00
14407.00
14416.00
14422.00
14419.00
14407.00
14410.00
14397.00
14421.00
14414.00
14402.00
14405.00
14393.00
14387.00
14387.00
14370.00
14347.00
14365.00
14383.00
14378.00
14362.00
14342.00
14349.00
14361.00
14351.00
14331.00
14322.00
14299.00
14305.00
14295.00
14346.00
14368.00
14373.00
14388.00
14395.00
14374.00
14367.00
14368.00
14378.00
14393.00
14361.00
14371.00
14375.00
14400.00
14406.00
14393.00
14383.00
14379.00
14404.00
14413.00
14397.00
14374.00
14362.00
14400.00
14387.00
14375.00
14374.00
14378.00
14375.00
14394.00
14381.00
14363.00
14365.00
14390.00
14398.00
14398.00
14379.00
14378.00
14398.00
14408.00
14404.00
14395.00
14396.00
14396.00
14420.00
14422.00
14400.00
14410.00
14416.00
14417.00
14417.00
14413.00
14384.00
14404.00
14401.00
14417.00
14396.00
14384.00
14418.00
14423.00
14417.00
14395.00
14383.00
14388.00
14385.00
14285.00
14229.00
14263.00
14309.00
14340.00
14330.00
14336.00
14302.00
14314.00
14313.00
14304.00
14290.00
14273.00
14299.00
14317.00
14312.00
14301.00
14281.00
14305.00
14310.00
14291.00
14306.00
14288.00
14312.00
14307.00
14337.00
14331.00
14321.00
14327.00
14333.00
14338.00
14330.00
14300.00
14315.00
14329.00
14341.00
14325.00
14315.00
14325.00
14331.00
14338.00
14334.00
14315.00
14317.00
14346.00
14348.00
14346.00
14329.00
14338.00
14359.00
14348.00
14348.00
14333.00
14322.00
14336.00
14360.00
14365.00
14372.00
14365.00
14371.00
14383.00
14366.00
14351.00
14338.00
14333.00
14334.00
14280.00
14239.00
14201.00
14222.00
14231.00
14047.00
14092.00
14081.00
14036.00
14124.00
14080.00
14045.00
13976.00
14014.00
14014.00
13996.00
13968.00
13949.00
13913.00
13906.00
13887.00
13835.00
13806.00
13797.00
13775.00
13766.00
13751.00
13727.00
13721.00
13711.00
13705.00
13679.00
13649.00
13662.00
13645.00
13629.00
13623.00
13604.00
13597.00
13567.00
13582.00
13557.00
13540.00
13539.00
13551.00
13561.00
13557.00
13532.00
13571.00
13592.00
13615.00
13608.00
13613.00
13625.00
13650.00
13684.00
13688.00
13706.00
13710.00
13764.00
13771.00
13774.00
13775.00
13790.00
13809.00
13849.00
13866.00
13865.00
13863.00
13896.00
13932.00
13959.00
13965.00
13998.00
14003.00
14049.00
14058.00
14096.00
14120.00
14118.00
14167.00
14158.00
14163.00
14181.00
14193.00
14196.00
14232.00
14263.00
14282.00
14305.00
14335.00
14334.00
14319.00
14334.00
14372.00
14389.00
14369.00
14378.00
14385.00
14408.00
14415.00
14432.00
14436.00
14424.00
14423.00
14451.00
14446.00
14411.00
14393.00
14388.00
14382.00
14322.00
14279.00
14265.00
14232.00
14267.00
14275.00
14281.00
14261.00
14248.00
14280.00
14269.00
14252.00
14229.00
14203.00
14197.00
14193.00
14165.00
14144.00
14111.00
14108.00
14068.00
14052.00
14016.00
13992.00
13996.00
13956.00
13946.00
13924.00
13901.00
13877.00
13854.00
13818.00
13808.00
13797.00
13809.00
13806.00
13792.00
13780.00
13767.00
13755.00
13738.00
13726.00
13694.00
13694.00
13680.00
13683.00
13679.00
13652.00
13654.00
13644.00
13645.00
13632.00
13613.00
13608.00
13617.00
13632.00
13628.00
13626.00
13637.00
13658.00
13668.00
13692.00
13693.00
13699.00
13729.00
13742.00
13746.00
13760.00
13748.00
13767.00
13817.00
13824.00
13821.00
13838.00
13867.00
13893.00
13897.00
13918.00
13932.00
13958.00
14018.00
14029.00
14065.00
14092.00
14106.00
14159.00
14153.00
14165.00
14167.00
14158.00
14158.00
14200.00
14244.00
14291.00
14348.00
14363.00
14371.00
14362.00
14361.00
14378.00
14412.00
14403.00
14398.00
14388.00
14408.00
14441.00
14430.00
14426.00
14418.00
14428.00
14433.00
14448.00
14432.00
14401.00
14390.00
14412.00
14414.00
14378.00
14320.00
14227.00
14174.00
14243.00
14222.00
14202.00
14204.00
14211.00
14192.00
14192.00
14158.00
14137.00
14138.00
14113.00
14082.00
14053.00
14038.00
14021.00
14012.00
13994.00
13956.00
13935.00
13936.00
13900.00
13872.00
13842.00
13835.00
13836.00
13817.00
13805.00
13773.00
13762.00
13750.00
13743.00
13728.00
13709.00
13694.00
13686.00
13660.00
13671.00
13656.00
13643.00
13641.00
13628.00
13623.00
13589.00
13591.00
13589.00
13584.00
13582.00
13574.00
13593.00
13596.00
13628.00
13639.00
13627.00
13639.00
13658.00
13703.00
13704.00
13718.00
13736.00
13745.00
13733.00
13774.00
13766.00
13785.00
13804.00
13842.00
13864.00
13868.00
13872.00
13902.00
13930.00
13970.00
13966.00
14003.00
14047.00
14074.00
14091.00
14123.00
14116.00
14151.00
14174.00
14183.00
14197.00
14212.00
14235.00
14252.00
14247.00
14263.00
14307.00
14356.00
14369.00
14401.00
14383.00
14375.00
14396.00
14411.00
14435.00
14421.00
14419.00
14427.00
14441.00
14443.00
14435.00
14427.00
14427.00
14436.00
14437.00
14409.00
14413.00
14394.00
14409.00
14382.00
14298.00
14237.00
14249.00
14274.00
14278.00
14243.00
14236.00
14249.00
14245.00
14244.00
14214.00
14163.00
14159.00
14156.00
14155.00
14115.00
14089.00
14069.00
14047.00
14046.00
14042.00
14004.00
13970.00
13953.00
13956.00
13914.00
13892.00
13879.00
13846.00
13846.00
13842.00
13798.00
13793.00
13793.00
13783.00
13771.00
13743.00
13724.00
13708.00
13700.00
13704.00
13680.00
13667.00
13663.00
13662.00
13658.00
13636.00
13627.00
13608.00
13620.00
13625.00
13626.00
13615.00
13608.00
13630.00
13625.00
13619.00
13614.00
13638.00
13660.00
13652.00
13679.00
13672.00
13681.00
13693.00
13735.00
13726.00
13723.00
13738.00
13768.00
13780.00
13787.00
13803.00
13830.00
13858.00
13893.00
13913.00
13879.00
13916.00
13944.00
13974.00
13993.00
14004.00
14023.00
14072.00
14088.00
14118.00
14130.00
14134.00
14163.00
14175.00
14208.00
14195.00
14217.00
14228.00
14265.00
14295.00
14299.00
14324.00
14354.00
14380.00
14374.00
14354.00
14370.00
14399.00
14421.00
14414.00
14428.00
14414.00
14441.00
14450.00
14449.00
14438.00
14410.00
14422.00
14423.00
14404.00
14391.00
14367.00
14269.00
14296.00
14270.00
14285.00
14273.00
14280.00
14261.00
14230.00
14210.00
14175.00
14188.00
14164.00
14149.00
14102.00
14064.00
14046.00
14032.00
14007.00
13997.00
13971.00
13959.00
13944.00
13933.00
13904.00
13870.00
13849.00
13829.00
13805.00
13775.00
13770.00
13760.00
13755.00
13757.00
13747.00
13724.00
13716.00
13707.00
13704.00
13669.00
13679.00
13652.00
13664.00
13648.00
13659.00
13636.00
13618.00
13641.00
13636.00
13644.00
13640.00
13647.00
13655.00
13687.00
13695.00
13698.00
13722.00
13731.00
13759.00
13748.00
13741.00
13778.00
13797.00
13805.00
13839.00
13853.00
13861.00
13885.00
13899.00
13913.00
13906.00
13922.00
13946.00
13970.00
13995.00
14021.00
14031.00
14070.00
14097.00
14112.00
14107.00
14112.00
14138.00
14152.00
14137.00
14176.00
14183.00
14223.00
14274.00
14296.00
14304.00
14301.00
14327.00
14347.00
14354.00
14356.00
14358.00
14366.00
14413.00
14406.00
14401.00
14380.00
14395.00
14415.00
14408.00
14364.00
14376.00
14373.00
14370.00
14377.00
14344.00
14252.00
14257.00
14267.00
14238.00
14221.00
14178.00
14165.00
14143.00
14129.00
14083.00
14041.00
14029.00
14028.00
14001.00
13983.00
13933.00
13929.00
13922.00
13909.00
13864.00
13856.00
13830.00
13827.00
13807.00
13795.00
13770.00
13755.00
13752.00
13727.00
13721.00
13703.00
13697.00
13693.00
13680.00
13671.00
13641.00
13636.00
13654.00
13647.00
13640.00
13622.00
13624.00
13630.00
13644.00
13625.00
13611.00
13607.00
13621.00
13635.00
13641.00
13632.00
13632.00
13666.00
13691.00
13674.00
13678.00
13689.00
13711.00
13739.00
13737.00
13736.00
13762.00
13790.00
13823.00
13821.00
13850.00
13855.00
13897.00
13920.00
13941.00
13922.00
13955.00
14011.00
14051.00
14071.00
14085.00
14107.00
14128.00
14164.00
14158.00
14172.00
14200.00
14206.00
14228.00
14227.00
14242.00
14280.00
14316.00
14339.00
14346.00
14331.00
14324.00
14339.00
14378.00
14394.00
14411.00
14387.00
14404.00
14434.00
14438.00
14417.00
14400.00
14411.00
14404.00
14393.00
14339.00
14276.00
14264.00
14292.00
14292.00
14268.00
14244.00
14220.00
14212.00
14208.00
14177.00
14160.00
14141.00
14149.00
14123.00
14093.00
14068.00
14057.00
14037.00
14030.00
13983.00
13971.00
13955.00
13955.00
13943.00
13916.00
13890.00
13858.00
13874.00
13832.00
13820.00
13779.00
13745.00
13765.00
13753.00
13747.00
13714.00
13695.00
13707.00
13689.00
13678.00
13645.00
13643.00
13643.00
13652.00
13635.00
13621.00
13606.00
13633.00
13641.00
13603.00
13591.00
13589.00
13620.00
13640.00
13653.00
13648.00
13647.00
13682.00
13685.00
13700.00
13703.00
13697.00
13724.00
13751.00
13747.00
13771.00
13780.00
13801.00
13825.00
13856.00
13854.00
13877.00
13880.00
13916.00
13936.00
13950.00
13972.00
14011.00
14054.00
14083.00
14102.00
14109.00
14144.00
14164.00
14189.00
14204.00
14200.00
14234.00
14212.00
14246.00
14274.00
14291.00
14306.00
14346.00
14362.00
14361.00
14338.00
14377.00
14410.00
14402.00
14404.00
14395.00
14408.00
14419.00
14404.00
14413.00
14391.00
14397.00
14395.00
14390.00
14360.00
14322.00
14296.00
14284.00
14297.00
14266.00
14222.00
14216.00
14208.00
14180.00
14148.00
14119.00
14109.00
14075.00
14070.00
14074.00
14024.00
13991.00
13987.00
13975.00
13936.00
13904.00
13895.00
13893.00
13887.00
13863.00
13836.00
13820.00
13803.00
13818.00
13787.00
13778.00
13751.00
13754.00
13746.00
13723.00
13696.00
13676.00
13663.00
13657.00
13613.00
13617.00
13612.00
13596.00
13594.00
13577.00
13553.00
13534.00
13528.00
13527.00
13525.00
13503.00
13503.00
13480.00
13505.00
13522.00
13527.00
13521.00
13540.00
13556.00
13573.00
13561.00
13586.00
13582.00
13638.00
13661.00
13660.00
13674.00
13699.00
13717.00
13744.00
13729.00
13747.00
13789.00
13818.00
13847.00
13869.00
13880.00
13918.00
13956.00
13978.00
14001.00
13991.00
14030.00
14065.00
14080.00
14089.00
14084.00
14129.00
14168.00
14183.00
14197.00
14187.00
14226.00
14274.00
14309.00
14304.00
14313.00
14318.00
14370.00
14352.00
14366.00
14357.00
14363.00
14366.00
14379.00
14351.00
14337.00
14335.00
14356.00
14347.00
14318.00
14275.00
14242.00
14238.00
14218.00
14206.00
14174.00
14161.00
14130.00
14123.00
14108.00
14038.00
14036.00
14023.00
13996.00
13961.00
13941.00
13920.00
13918.00
13910.00
13882.00
13826.00
13838.00
13832.00
13812.00
13785.00
13750.00
13749.00
13734.00
13722.00
13720.00
13687.00
13649.00
13671.00
13664.00
13648.00
13638.00
13618.00
13628.00
13632.00
13602.00
13587.00
13593.00
13606.00
13604.00
13594.00
13576.00
13575.00
13589.00
13591.00
13583.00
13581.00
13579.00
13597.00
13621.00
13636.00
13620.00
13633.00
13662.00
13666.00
13665.00
13675.00
13672.00
13694.00
13692.00
13700.00
13709.00
13719.00
13766.00
13779.00
13823.00
13823.00
13840.00
13863.00
13903.00
13928.00
13941.00
13937.00
13971.00
13979.00
14015.00
14019.00
14033.00
14077.00
14111.00
14156.00
14135.00
14164.00
14155.00
14190.00
14188.00
14246.00
14257.00
14273.00
14314.00
14313.00
14318.00
14332.00
14338.00
14367.00
14388.00
14381.00
14359.00
14373.00
14378.00
14392.00
14379.00
14363.00
14347.00
14379.00
14369.00
14359.00
14342.00
14323.00
14331.00
14234.00
14232.00
14250.00
14237.00
14208.00
14224.00
14203.00
14152.00
14120.00
14096.00
14069.00
14049.00
14010.00
13994.00
13983.00
13980.00
13941.00
13915.00
13902.00
13861.00
13848.00
13828.00
13807.00
13793.00
13772.00
13764.00
13742.00
13730.00
13717.00
13727.00
13726.00
13703.00
13707.00
13677.00
13680.00
13695.00
13679.00
13650.00
13656.00
13650.00
13659.00
13666.00
13642.00
13658.00
13660.00
13683.00
13678.00
13678.00
13672.00
13688.00
13707.00
13709.00
13725.00
13717.00
13742.00
13755.00
13784.00
13782.00
13798.00
13818.00
13838.00
13855.00
13872.00
13868.00
13888.00
13932.00
13946.00
13950.00
13962.00
13992.00
14032.00
14074.00
14073.00
14086.00
14112.00
14137.00
14166.00
14143.00
14177.00
14162.00
14239.00
14294.00
14293.00
14289.00
14317.00
14343.00
14353.00
14348.00
14342.00
14332.00
14357.00
14362.00
14352.00
14333.00
14344.00
14356.00
14351.00
14351.00
14341.00
14320.00
14325.00
14291.00
14116.00
14153.00
14171.00
14184.00
14208.00
14198.00
14168.00
14144.00
14137.00
14128.00
14090.00
14062.00
14021.00
14018.00
14028.00
13973.00
13930.00
13921.00
13903.00
13890.00
13858.00
13839.00
13790.00
13801.00
13788.00
13788.00
13761.00
13748.00
13749.00
13741.00
13726.00
13696.00
13706.00
13692.00
13691.00
13672.00
13665.00
13646.00
13663.00
13647.00
13662.00
13640.00
13630.00
13637.00
13654.00
13645.00
13644.00
13648.00
13677.00
13703.00
13693.00
13719.00
13700.00
13726.00
13735.00
13759.00
13744.00
13754.00
13773.00
13783.00
13788.00
13813.00
13823.00
13852.00
13880.00
13885.00
13902.00
13900.00
13934.00
13933.00
13988.00
14009.00
14020.00
14047.00
14084.00
14096.00
14115.00
14133.00
14153.00
14186.00
14218.00
14252.00
14253.00
14290.00
14320.00
14327.00
14321.00
14326.00
14337.00
14351.00
14355.00
14366.00
14361.00
14355.00
14384.00
14391.00
14377.00
14357.00
14360.00
14365.00
14356.00
14343.00
14306.00
14272.00
14248.00
14275.00
14237.00
14203.00
14177.00
14196.00
14167.00
14114.00
14080.00
14069.00
14042.00
14031.00
14002.00
13955.00
13919.00
13924.00
13913.00
13862.00
13839.00
13835.00
13809.00
13813.00
13793.00
13742.00
13732.00
13718.00
13720.00
13690.00
13679.00
13663.00
13675.00
13667.00
13675.00
13654.00
13629.00
13651.00
13653.00
13656.00
13636.00
13616.00
13631.00
13630.00
13624.00
13606.00
13600.00
13632.00
13652.00
13639.00
13647.00
13625.00
13645.00
13672.00
13683.00
13690.00
13714.00
13716.00
13734.00
13732.00
13734.00
13728.00
13757.00
13752.00
13778.00
13768.00
13792.00
13841.00
13853.00
13868.00
13865.00
13880.00
13906.00
13951.00
13972.00
13982.00
14010.00
14037.00
14084.00
14095.00
14113.00
14129.00
14163.00
14187.00
14222.00
14226.00
14227.00
14253.00
14296.00
14324.00
14330.00
14326.00
14334.00
14373.00
14379.00
14364.00
14337.00
14353.00
14376.00
14384.00
14377.00
14368.00
14346.00
14364.00
14345.00
14337.00
14293.00
14274.00
14244.00
14249.00
14253.00
14213.00
14209.00
14189.00
14190.00
14169.00
14108.00
14100.00
14097.00
14080.00
14047.00
14024.00
13992.00
13980.00
13966.00
13963.00
13904.00
13881.00
13866.00
13849.00
13843.00
13802.00
13796.00
13774.00
13764.00
13763.00
13734.00
13704.00
13708.00
13708.00
13702.00
13667.00
13662.00
13666.00
13658.00
13673.00
13636.00
13634.00
13630.00
13635.00
13642.00
13629.00
13625.00
13633.00
13663.00
13677.00
13674.00
13672.00
13675.00
13707.00
13707.00
13705.00
13697.00
13724.00
13737.00
13747.00
13753.00
13773.00
13791.00
13812.00
13837.00
13833.00
13849.00
13851.00
13881.00
13918.00
13921.00
13949.00
13963.00
14017.00
14035.00
14038.00
14063.00
14086.00
14107.00
14143.00
14130.00
14140.00
14173.00
14210.00
14244.00
14231.00
14234.00
14245.00
14263.00
14290.00
14299.00
14289.00
14314.00
14341.00
14352.00
14348.00
14339.00
14340.00
14340.00
14347.00
14334.00
14311.00
14315.00
14318.00
14324.00
14287.00
14275.00
14258.00
14254.00
14254.00
14226.00
14190.00
14166.00
14166.00
14152.00
14126.00
14094.00
14076.00
14051.00
14046.00
14010.00
13986.00
13955.00
13950.00
13940.00
13912.00
13887.00
13855.00
13823.00
13829.00
13789.00
13776.00
13727.00
13727.00
13738.00
13712.00
13690.00
13679.00
13695.00
13673.00
13667.00
13633.00
13627.00
13619.00
13618.00
13628.00
13603.00
13584.00
13593.00
13574.00
13584.00
13580.00
13573.00
13565.00
13584.00
13580.00
13587.00
13589.00
13620.00
13630.00
13646.00
13637.00
13642.00
13646.00
13662.00
13678.00
13680.00
13683.00
13707.00
13751.00
13782.00
13763.00
13772.00
13789.00
13818.00
13831.00
13863.00
13883.00
13894.00
13932.00
13975.00
13971.00
14011.00
14046.00
14059.00
14085.00
14095.00
14097.00
14118.00
14141.00
14162.00
14178.00
14198.00
14211.00
14250.00
14276.00
14284.00
14281.00
14278.00
14306.00
14297.00
14300.00
14299.00
14302.00
14312.00
14304.00
14311.00
14263.00
14242.00
14235.00
14231.00
14218.00
14204.00
14176.00
14173.00
14173.00
14162.00
14121.00
14094.00
14082.00
14058.00
14043.00
14003.00
13994.00
13973.00
13962.00
13946.00
13899.00
13883.00
13860.00
13855.00
13813.00
13792.00
13753.00
13769.00
13761.00
13745.00
13727.00
13703.00
13694.00
13693.00
13711.00
13681.00
13647.00
13625.00
13648.00
13638.00
13638.00
13621.00
13639.00
13635.00
13640.00
13615.00
13618.00
13616.00
13631.00
13623.00
13631.00
13627.00
13643.00
13643.00
13664.00
13679.00
13682.00
13678.00
13705.00
13691.00
13716.00
13707.00
13720.00
13743.00
13762.00
13783.00
13775.00
13795.00
13815.00
13839.00
13853.00
13859.00
13875.00
13924.00
13951.00
13952.00
13960.00
13987.00
14030.00
14052.00
14056.00
14062.00
14078.00
14120.00
14159.00
14161.00
14155.00
14166.00
14161.00
14217.00
14209.00
14235.00
14234.00
14268.00
14303.00
14309.00
14307.00
14318.00
14324.00
14339.00
14330.00
14319.00
14331.00
14325.00
14337.00
14311.00
14314.00
14294.00
14298.00
14287.00
14279.00
14235.00
14229.00
14209.00
14196.00
14194.00
14158.00
14140.00
14115.00
14095.00
14087.00
14048.00
13998.00
13973.00
13966.00
13947.00
13928.00
13877.00
13881.00
13876.00
13843.00
13814.00
13790.00
13787.00
13757.00
13747.00
13739.00
13708.00
13706.00
13725.00
13725.00
13697.00
13677.00
13663.00
13675.00
13653.00
13659.00
13623.00
13642.00
13634.00
13642.00
13646.00
13641.00
13618.00
13636.00
13654.00
13638.00
13649.00
13665.00
13680.00
13712.00
13699.00
13695.00
13706.00
13717.00
13740.00
13746.00
13730.00
13745.00
13770.00
13796.00
13808.00
13813.00
13826.00
13846.00
13869.00
13884.00
13889.00
13887.00
13934.00
13943.00
13980.00
13999.00
14022.00
14063.00
14095.00
14096.00
14105.00
14102.00
14144.00
14148.00
14149.00
14166.00
14170.00
14202.00
14243.00
14255.00
14252.00
14238.00
14257.00
14268.00
14278.00
14265.00
14275.00
14271.00
14287.00
14275.00
14250.00
14238.00
14227.00
14212.00
14196.00
14171.00
14160.00
14158.00
14161.00
14139.00
14102.00
14070.00
14050.00
14024.00
14012.00
13968.00
13933.00
13912.00
13905.00
13882.00
13895.00
13848.00
13839.00
13809.00
13805.00
13780.00
13750.00
13741.00
13753.00
13725.00
13699.00
13674.00
13674.00
13673.00
13660.00
13648.00
13612.00
13609.00
13599.00
13605.00
13599.00
13592.00
13587.00
13584.00
13591.00
13577.00
13558.00
13547.00
13570.00
13591.00
13591.00
13579.00
13617.00
13638.00
13649.00
13650.00
13662.00
13651.00
13670.00
13691.00
13713.00
13696.00
13719.00
13726.00
13770.00
13783.00
13792.00
13798.00
13838.00
13861.00
13873.00
13886.00
13908.00
13956.00
13998.00
14031.00
14040.00
14047.00
14067.00
14130.00
14143.00
14111.00
14129.00
14167.00
14188.00
14219.00
14235.00
14245.00
14270.00
14297.00
14329.00
14315.00
14305.00
14330.00
14344.00
14352.00
14325.00
14312.00
14320.00
14350.00
14343.00
14326.00
14304.00
14294.00
14293.00
14273.00
14217.00
14202.00
14197.00
14195.00
14184.00
14154.00
14120.00
14101.00
14085.00
14068.00
14009.00
13984.00
13973.00
13963.00
13933.00
13907.00
13851.00
13845.00
13817.00
13788.00
13786.00
13745.00
13731.00
13730.00
13728.00
13728.00
13698.00
13689.00
13684.00
13684.00
13667.00
13648.00
13637.00
13641.00
13643.00
13636.00
13617.00
13634.00
13627.00
13641.00
13632.00
13625.00
13633.00
13659.00
13653.00
13651.00
13644.00
13656.00
13677.00
13690.00
13691.00
13687.00
13695.00
13700.00
13719.00
13731.00
13747.00
13758.00
13781.00
13819.00
13812.00
13806.00
13835.00
13865.00
13892.00
13915.00
13934.00
13942.00
13995.00
14023.00
14060.00
14060.00
14060.00
14086.00
14126.00
14163.00
14128.00
14142.00
14195.00
14240.00
14245.00
14252.00
14249.00
14293.00
14319.00
14318.00
14342.00
14323.00
14349.00
14361.00
14358.00
14371.00
14346.00
14352.00
14373.00
14356.00
14329.00
14307.00
14312.00
14324.00
14296.00
14260.00
14234.00
14231.00
14225.00
14204.00
14155.00
14126.00
14106.00
14087.00
14079.00
14039.00
14006.00
13985.00
13983.00
13956.00
13925.00
13882.00
13863.00
13852.00
13830.00
13815.00
13789.00
13779.00
13753.00
13763.00
13733.00
13706.00
13673.00
13680.00
13669.00
13649.00
13632.00
13641.00
13638.00
13634.00
13642.00
13615.00
13598.00
13625.00
13641.00
13645.00
13641.00
13626.00
13660.00
13674.00
13673.00
13664.00
13658.00
13702.00
13699.00
13706.00
13707.00
13705.00
13737.00
13748.00
13791.00
13798.00
13789.00
13820.00
13849.00
13859.00
13853.00
13888.00
13934.00
13962.00
13988.00
14016.00
14035.00
14062.00
14081.00
14087.00
14112.00
14116.00
14138.00
14172.00
14189.00
14192.00
14199.00
14199.00
14205.00
14252.00
14253.00
14259.00
14264.00
14297.00
14296.00
14290.00
14268.00
14283.00
14286.00
14301.00
14275.00
14263.00
14268.00
14275.00
14276.00
14226.00
14222.00
14218.00
14218.00
14207.00
14160.00
14139.00
14096.00
14076.00
14059.00
14021.00
13989.00
13968.00
13964.00
13956.00
13915.00
13870.00
13841.00
13826.00
13833.00
13803.00
13772.00
13741.00
13750.00
13740.00
13718.00
13668.00
13667.00
13660.00
13666.00
13646.00
13633.00
13647.00
13645.00
13653.00
13641.00
13632.00
13621.00
13621.00
13616.00
13608.00
13605.00
13613.00
13610.00
13640.00
13646.00
13641.00
13644.00
13640.00
13663.00
13665.00
13664.00
13658.00
13667.00
13696.00
13704.00
13707.00
13722.00
13747.00
13772.00
13797.00
13776.00
13801.00
13832.00
13852.00
13892.00
13911.00
13947.00
13958.00
14012.00
14045.00
14054.00
14072.00
14099.00
14135.00
14163.00
14154.00
14168.00
14203.00
14200.00
14242.00
14272.00
14263.00
14288.00
14306.00
14321.00
14314.00
14302.00
14324.00
14326.00
14341.00
14323.00
14323.00
14328.00
14337.00
14327.00
14312.00
14287.00
14287.00
14283.00
14235.00
14241.00
14201.00
14215.00
14204.00
14196.00
14164.00
14101.00
14089.00
14080.00
14065.00
14045.00
14011.00
13986.00
13969.00
13955.00
13922.00
13884.00
13882.00
13870.00
13854.00
13829.00
13796.00
13806.00
13802.00
13808.00
13788.00
13757.00
13736.00
13733.00
13714.00
13702.00
13699.00
13675.00
13670.00
13668.00
13671.00
13665.00
13657.00
13641.00
13659.00
13652.00
13643.00
13636.00
13645.00
13662.00
13656.00
13636.00
13649.00
13661.00
13668.00
13658.00
13650.00
13662.00
13676.00
13682.00
13697.00
13721.00
13723.00
13755.00
13775.00
13787.00
13788.00
13797.00
13810.00
13866.00
13852.00
13893.00
13908.00
13938.00
13974.00
14000.00
14010.00
14015.00
14028.00
14078.00
14083.00
14093.00
14100.00
14113.00
14132.00
14175.00
14189.00
14200.00
14229.00
14264.00
14264.00
14279.00
14284.00
14298.00
14331.00
14340.00
14327.00
14313.00
14318.00
14325.00
14316.00
14302.00
14282.00
14268.00
14264.00
14226.00
14184.00
14176.00
14182.00
14183.00
14168.00
14135.00
14103.00
14096.00
14093.00
14076.00
14039.00
14013.00
14009.00
14019.00
13973.00
13942.00
13893.00
13898.00
13887.00
13850.00
13841.00
13795.00
13772.00
13780.00
13777.00
13760.00
13731.00
13708.00
13700.00
13680.00
13682.00
13663.00
13646.00
13633.00
13641.00
13633.00
13607.00
13592.00
13604.00
13593.00
13588.00
13580.00
13541.00
13573.00
13573.00
13582.00
13577.00
13547.00
13586.00
13593.00
13600.00
13607.00
13604.00
13610.00
13628.00
13638.00
13649.00
13651.00
13675.00
13703.00
13715.00
13708.00
13728.00
13745.00
13766.00
13752.00
13778.00
13780.00
13832.00
13849.00
13901.00
13919.00
13927.00
13964.00
13985.00
14024.00
14025.00
14035.00
14080.00
14100.00
14121.00
14133.00
14122.00
14129.00
14178.00
14198.00
14201.00
14214.00
14234.00
14254.00
14264.00
14287.00
14297.00
14318.00
14332.00
14337.00
14337.00
14320.00
14291.00
14309.00
14301.00
14293.00
14269.00
14254.00
14248.00
14247.00
14206.00
14170.00
14168.00
14149.00
14158.00
14139.00
14101.00
14100.00
14087.00
14073.00
14052.00
14022.00
14001.00
14007.00
13983.00
13949.00
13915.00
13917.00
13903.00
13893.00
13866.00
13829.00
13817.00
13795.00
13787.00
13773.00
13743.00
13723.00
13734.00
13738.00
13712.00
13685.00
13677.00
13663.00
13650.00
13642.00
13641.00
13636.00
13620.00
13620.00
13618.00
13626.00
13609.00
13620.00
13622.00
13623.00
13612.00
13618.00
13632.00
13659.00
13668.00
13660.00
13658.00
13670.00
13690.00
13695.00
13682.00
13678.00
13695.00
13715.00
13738.00
13742.00
13746.00
13759.00
13800.00
13795.00
13795.00
13791.00
13843.00
13865.00
13906.00
13907.00
13931.00
13965.00
13988.00
14008.00
14023.00
14019.00
14041.00
14075.00
14096.00
14100.00
14115.00
14142.00
14174.00
14184.00
14182.00
14182.00
14193.00
14212.00
14233.00
14241.00
14249.00
14260.00
14276.00
14285.00
14269.00
14250.00
14266.00
14258.00
14239.00
14209.00
14203.00
14192.00
14191.00
14174.00
14140.00
14120.00
14090.00
14114.00
14102.00
14068.00
14031.00
14024.00
14033.00
14018.00
13995.00
13963.00
13938.00
13926.00
13919.00
13897.00
13848.00
13840.00
13821.00
13827.00
13793.00
13757.00
13786.00
13785.00
13779.00
13762.00
13710.00
13709.00
13716.00
13737.00
13724.00
13697.00
13697.00
13705.00
13708.00
13687.00
13682.00
13655.00
13665.00
13674.00
13674.00
13659.00
13644.00
13672.00
13685.00
13674.00
13673.00
13681.00
13693.00
13696.00
13694.00
13695.00
13704.00
13710.00
13744.00
13745.00
13753.00
13753.00
13775.00
13777.00
13798.00
13809.00
13819.00
13832.00
13863.00
13882.00
13887.00
13896.00
13925.00
13947.00
13973.00
13973.00
13988.00
13998.00
14031.00
14046.00
14060.00
14076.00
14091.00
14117.00
14130.00
14114.00
14124.00
14147.00
14158.00
14182.00
14167.00
14167.00
14172.00
14192.00
14201.00
14198.00
14194.00
14203.00
14246.00
14217.00
14217.00
14199.00
14200.00
14230.00
14238.00
14228.00
14192.00
14179.00
14175.00
14168.00
14151.00
14118.00
14105.00
14090.00
14109.00
14076.00
14058.00
14056.00
14049.00
14037.00
14018.00
14008.00
13996.00
14009.00
14026.00
14006.00
13959.00
13968.00
13993.00
13983.00
13977.00
13952.00
13924.00
13916.00
13926.00
13916.00
13904.00
13894.00
13888.00
13900.00
13872.00
13853.00
13818.00
13815.00
13789.00
13777.00
13775.00
13762.00
13780.00
13770.00
13754.00
13720.00
13699.00
13680.00
13695.00
13676.00
13687.00
13677.00
13679.00
13692.00
13693.00
13683.00
13666.00
13662.00
13684.00
13689.00
13675.00
13675.00
13705.00
13693.00
13700.00
13711.00
13669.00
13696.00
13736.00
13721.00
13743.00
13731.00
13736.00
13771.00
13805.00
13816.00
13808.00
13822.00
13849.00
13873.00
13883.00
13890.00
13911.00
13952.00
13980.00
14000.00
14006.00
14033.00
14059.00
14074.00
14089.00
14059.00
14069.00
14107.00
14116.00
14115.00
14103.00
14123.00
14125.00
14147.00
14135.00
14113.00
14109.00
14114.00
14106.00
14085.00
14055.00
14045.00
14028.00
14016.00
13989.00
13986.00
13967.00
13954.00
13955.00
13936.00
13883.00
13872.00
13888.00
13878.00
13864.00
13840.00
13813.00
13805.00
13799.00
13792.00
13773.00
13757.00
13735.00
13739.00
13729.00
13706.00
13701.00
13698.00
13685.00
13685.00
13662.00
13635.00
13646.00
13657.00
13662.00
13645.00
13629.00
13639.00
13625.00
13639.00
13629.00
13622.00
13623.00
13640.00
13636.00
13641.00
13641.00
13662.00
13675.00
13688.00
13686.00
13677.00
13690.00
13720.00
13722.00
13721.00
13724.00
13749.00
13785.00
13808.00
13806.00
13799.00
13821.00
13851.00
13881.00
13864.00
13888.00
13915.00
13934.00
13987.00
13988.00
13983.00
14020.00
14030.00
14056.00
14052.00
14051.00
14079.00
14116.00
14114.00
14115.00
14129.00
14128.00
14144.00
14153.00
14127.00
14138.00
14141.00
14145.00
14151.00
14135.00
14118.00
14117.00
14120.00
14119.00
14093.00
14050.00
14041.00
14024.00
14018.00
13983.00
13976.00
13950.00
13958.00
13963.00
13923.00
13891.00
13879.00
13873.00
13869.00
13851.00
13814.00
13803.00
13797.00
13801.00
13785.00
13753.00
13724.00
13724.00
13719.00
13726.00
13697.00
13676.00
13710.00
13689.00
13694.00
13662.00
13634.00
13651.00
13655.00
13626.00
13630.00
13608.00
13604.00
13625.00
13612.00
13613.00
13598.00
13607.00
13601.00
13595.00
13606.00
13577.00
13608.00
13602.00
13630.00
13613.00
13632.00
13644.00
13668.00
13657.00
13655.00
13650.00
13657.00
13674.00
13702.00
13688.00
13709.00
13716.00
13738.00
13743.00
13738.00
13748.00
13777.00
13807.00
13822.00
13826.00
13842.00
13857.00
13895.00
13938.00
13954.00
13964.00
13991.00
14035.00
14038.00
14066.00
14063.00
14075.00
14085.00
14120.00
14125.00
14106.00
14120.00
14147.00
14146.00
14158.00
14143.00
14139.00
14169.00
14174.00
14162.00
14132.00
14134.00
14117.00
14125.00
14103.00
14076.00
14053.00
14059.00
14037.00
14017.00
13988.00
13977.00
13971.00
13955.00
13952.00
13906.00
13882.00
13865.00
13864.00
13855.00
13828.00
13811.00
13815.00
13800.00
13785.00
13760.00
13745.00
13721.00
13743.00
13718.00
13697.00
13685.00
13690.00
13688.00
13685.00
13672.00
13642.00
13631.00
13637.00
13629.00
13616.00
13606.00
13606.00
13607.00
13619.00
13578.00
13581.00
13563.00
13575.00
13569.00
13570.00
13540.00
13561.00
13586.00
13598.00
13591.00
13588.00
13595.00
13606.00
13620.00
13604.00
13605.00
13621.00
13654.00
13658.00
13655.00
13663.00
13670.00
13690.00
13702.00
13712.00
13714.00
13721.00
13751.00
13754.00
13778.00
13787.00
13812.00
13839.00
13858.00
13870.00
13897.00
13925.00
13958.00
14000.00
14009.00
14044.00
14032.00
14064.00
14095.00
14124.00
14116.00
14115.00
14144.00
14170.00
14175.00
14182.00
14201.00
14230.00
14246.00
14227.00
14236.00
14246.00
14252.00
14279.00
14271.00
14260.00
14261.00
14261.00
14266.00
14244.00
14214.00
14180.00
14190.00
14188.00
14166.00
14140.00
14144.00
14118.00
14135.00
14135.00
14081.00
14059.00
14036.00
14024.00
13982.00
13947.00
13908.00
13922.00
13900.00
13871.00
13832.00
13807.00
13792.00
13763.00
13761.00
13734.00
13699.00
13706.00
13707.00
13697.00
13679.00
13652.00
13650.00
13651.00
13658.00
13630.00
13595.00
13606.00
13620.00
13608.00
13600.00
13582.00
13583.00
13590.00
13591.00
13576.00
13556.00
13549.00
13573.00
13591.00
13576.00
13562.00
13575.00
13592.00
13590.00
13598.00
13590.00
13605.00
13610.00
13633.00
13628.00
13627.00
13633.00
13629.00
13655.00
13665.00
13649.00
13653.00
13676.00
13693.00
13717.00
13698.00
13734.00
13749.00
13770.00
13785.00
13790.00
13809.00
13839.00
13859.00
13874.00
13916.00
13930.00
13957.00
13999.00
14010.00
14018.00
14026.00
14063.00
14067.00
14097.00
14103.00
14112.00
14126.00
14165.00
14181.00
14178.00
14186.00
14197.00
14238.00
14273.00
14284.00
14270.00
14281.00
14307.00
14302.00
14283.00
14274.00
14277.00
14281.00
14271.00
14250.00
14220.00
14202.00
14212.00
14215.00
14187.00
14191.00
14160.00
14164.00
14150.00
14135.00
14098.00
14074.00
14090.00
14081.00
14055.00
14024.00
14000.00
13992.00
13983.00
13952.00
13899.00
13884.00
13876.00
13848.00
13830.00
13783.00
13782.00
13805.00
13779.00
13754.00
13717.00
13705.00
13704.00
13723.00
13705.00
13700.00
13687.00
13689.00
13680.00
13666.00
13645.00
13631.00
13635.00
13647.00
13635.00
13611.00
13612.00
13626.00
13623.00
13611.00
13593.00
13587.00
13580.00
13610.00
13589.00
13591.00
13590.00
13587.00
13608.00
13619.00
13603.00
13612.00
13611.00
13624.00
13635.00
13625.00
13635.00
13631.00
13660.00
13662.00
13665.00
13671.00
13692.00
13695.00
13692.00
13688.00
13716.00
13747.00
13767.00
13773.00
13786.00
13790.00
13806.00
13828.00
13846.00
13859.00
13875.00
13893.00
13918.00
13942.00
13964.00
13931.00
13983.00
14023.00
14026.00
14018.00
14025.00
14045.00
14074.00
14083.00
14094.00
14100.00
14121.00
14154.00
14160.00
14158.00
14138.00
14174.00
14179.00
14196.00
14197.00
14189.00
14203.00
14210.00
14232.00
14222.00
14197.00
14196.00
14198.00
14208.00
14188.00
14178.00
14159.00
14183.00
14176.00
14154.00
14124.00
14102.00
14100.00
14099.00
14060.00
14027.00
14013.00
14037.00
14011.00
13988.00
13966.00
13952.00
13953.00
13934.00
13929.00
13888.00
13847.00
13852.00
13820.00
13809.00
13783.00
13766.00
13753.00
13758.00
13744.00
13725.00
13709.00
13701.00
13708.00
13678.00
13681.00
13668.00
13655.00
13651.00
13630.00
13626.00
13611.00
13601.00
13583.00
13604.00
13594.00
13588.00
13594.00
13598.00
13585.00
13580.00
13569.00
13573.00
13581.00
13570.00
13568.00
13585.00
13593.00
13619.00
13616.00
13615.00
13619.00
13618.00
13643.00
13651.00
13640.00
13644.00
13656.00
13691.00
13704.00
13724.00
13737.00
13754.00
13788.00
13807.00
13826.00
13829.00
13861.00
13912.00
13936.00
13952.00
13940.00
13976.00
13990.00
14029.00
14036.00
14028.00
14034.00
14088.00
14114.00
14126.00
14121.00
14155.00
14185.00
14228.00
14240.00
14245.00
14242.00
14278.00
14293.00
14285.00
14274.00
14286.00
14298.00
14308.00
14313.00
14275.00
14283.00
14279.00
14261.00
14255.00
14228.00
14220.00
14217.00
14242.00
14202.00
14171.00
14144.00
14147.00
14120.00
14093.00
14062.00
14023.00
14020.00
14019.00
14006.00
13972.00
13942.00
13935.00
13917.00
13901.00
13866.00
13836.00
13813.00
13823.00
13806.00
13783.00
13761.00
13751.00
13752.00
13724.00
13685.00
13680.00
13668.00
13671.00
13660.00
13635.00
13627.00
13637.00
13641.00
13637.00
13613.00
13607.00
13582.00
13609.00
13599.00
13585.00
13575.00
13576.00
13568.00
13595.00
13568.00
13566.00
13580.00
13585.00
13601.00
13574.00
13595.00
13603.00
13639.00
13632.00
13644.00
13643.00
13654.00
13672.00
13677.00
13689.00
13683.00
13691.00
13697.00
13729.00
13746.00
13747.00
13744.00
13781.00
13800.00
13804.00
13813.00
13827.00
13847.00
13866.00
13887.00
13886.00
13926.00
13943.00
13968.00
13978.00
13977.00
14010.00
14022.00
14070.00
14064.00
14078.00
14103.00
14124.00
14138.00
14137.00
14138.00
14159.00
14172.00
14204.00
14218.00
14222.00
14238.00
14240.00
14275.00
14291.00
14285.00
14270.00
14272.00
14277.00
14266.00
14250.00
14225.00
14191.00
14210.00
14177.00
14185.00
14153.00
14150.00
14147.00
14120.00
14096.00
14059.00
14043.00
14015.00
13984.00
13959.00
13938.00
13920.00
13930.00
13920.00
13884.00
13851.00
13838.00
13817.00
13817.00
13793.00
13763.00
13759.00
13768.00
13751.00
13722.00
13704.00
13705.00
13701.00
13697.00
13674.00
13660.00
13655.00
13654.00
13670.00
13664.00
13640.00
13630.00
13644.00
13635.00
13621.00
13610.00
13619.00
13637.00
13638.00
13628.00
13604.00
13639.00
13634.00
13640.00
13643.00
13632.00
13637.00
13649.00
13654.00
13658.00
13653.00
13671.00
13689.00
13696.00
13691.00
13709.00
13705.00
13727.00
13742.00
13768.00
13763.00
13783.00
13813.00
13837.00
13859.00
13873.00
13873.00
13930.00
13964.00
13990.00
13980.00
14010.00
14040.00
14073.00
14073.00
14061.00
14096.00
14104.00
14119.00
14141.00
14113.00
14129.00
14153.00
14189.00
14190.00
14186.00
14195.00
14215.00
14239.00
14241.00
14259.00
14231.00
14249.00
14241.00
14279.00
14247.00
14213.00
14214.00
14203.00
14177.00
14172.00
14126.00
14128.00
14157.00
14145.00
14111.00
14093.00
14077.00
14063.00
14039.00
14009.00
13958.00
13959.00
13938.00
13931.00
13900.00
13872.00
13866.00
13865.00
13847.00
13810.00
13783.00
13775.00
13765.00
13757.00
13723.00
13711.00
13723.00
13705.00
13728.00
13695.00
13665.00
13662.00
13665.00
13657.00
13645.00
13638.00
13622.00
13622.00
13614.00
13618.00
13594.00
13595.00
13590.00
13600.00
13573.00
13572.00
13569.00
13581.00
13579.00
13583.00
13574.00
13584.00
13584.00
13594.00
13604.00
13599.00
13603.00
13627.00
13630.00
13654.00
13664.00
13665.00
13677.00
13698.00
13689.00
13696.00
13688.00
13716.00
13742.00
13751.00
13754.00
13743.00
13795.00
13823.00
13844.00
13852.00
13882.00
13892.00
13946.00
13975.00
13985.00
14008.00
14036.00
14056.00
14069.00
14073.00
14086.00
14104.00
14123.00
14133.00
14136.00
14144.00
14197.00
14240.00
14249.00
14266.00
14259.00
14286.00
14291.00
14291.00
14299.00
14274.00
14283.00
14287.00
14272.00
14278.00
14254.00
14235.00
14226.00
14214.00
14184.00
14164.00
14152.00
14159.00
14145.00
14136.00
14109.00
14099.00
14078.00
14057.00
14047.00
14000.00
14008.00
13990.00
13978.00
13952.00
13920.00
13896.00
13872.00
13870.00
13849.00
13805.00
13793.00
13777.00
13787.00
13769.00
13756.00
13732.00
13744.00
13743.00
13727.00
13690.00
13692.00
13674.00
13684.00
13679.00
13673.00
13661.00
13661.00
13667.00
13651.00
13632.00
13619.00
13638.00
13665.00
13638.00
13624.00
13638.00
13648.00
13668.00
13671.00
13675.00
13655.00
13684.00
13698.00
13724.00
13713.00
13702.00
13711.00
13737.00
13753.00
13752.00
13757.00
13768.00
13775.00
13813.00
13823.00
13830.00
13857.00
13887.00
13888.00
13908.00
13921.00
13951.00
13978.00
14021.00
14028.00
14051.00
14057.00
14107.00
14117.00
14137.00
14142.00
14154.00
14180.00
14210.00
14213.00
14209.00
14230.00
14245.00
14262.00
14262.00
14252.00
14244.00
14285.00
14296.00
14304.00
14288.00
14293.00
14306.00
14316.00
14297.00
14261.00
14258.00
14267.00
14259.00
14245.00
14214.00
14208.00
14218.00
14216.00
14207.00
14172.00
14165.00
14155.00
14142.00
14123.00
14070.00
14047.00
14053.00
14039.00
14012.00
13978.00
13945.00
13963.00
13955.00
13927.00
13891.00
13844.00
13856.00
13849.00
13823.00
13808.00
13788.00
13790.00
13783.00
13780.00
13759.00
13725.00
13728.00
13714.00
13710.00
13685.00
13692.00
13690.00
13699.00
13688.00
13671.00
13659.00
13658.00
13664.00
13663.00
13650.00
13651.00
13665.00
13675.00
13696.00
13680.00
13665.00
13676.00
13700.00
13702.00
13693.00
13703.00
13701.00
13700.00
13728.00
13731.00
13727.00
13751.00
13777.00
13786.00
13793.00
13785.00
13798.00
13818.00
13867.00
13871.00
13895.00
13913.00
13938.00
13970.00
13963.00
13992.00
14010.00
14035.00
14045.00
14063.00
14058.00
14080.00
14105.00
14116.00
14130.00
14123.00
14119.00
14137.00
14159.00
14181.00
14163.00
14184.00
14206.00
14234.00
14256.00
14226.00
14255.00
14261.00
14301.00
14297.00
14277.00
14270.00
14283.00
14291.00
14294.00
14285.00
14259.00
14255.00
14249.00
14244.00
14212.00
14205.00
14198.00
14190.00
14190.00
14171.00
14133.00
14129.00
14123.00
14118.00
14082.00
14074.00
14043.00
14035.00
14022.00
14006.00
13972.00
13973.00
13981.00
13959.00
13929.00
13897.00
13888.00
13881.00
13864.00
13849.00
13832.00
13813.00
13813.00
13810.00
13772.00
13746.00
13750.00
13730.00
13716.00
13711.00
13694.00
13688.00
13696.00
13671.00
13667.00
13640.00
13629.00
13632.00
13636.00
13632.00
13630.00
13615.00
13617.00
13614.00
13606.00
13598.00
13573.00
13603.00
13604.00
13594.00
13586.00
13582.00
13585.00
13601.00
13581.00
13565.00
13576.00
13584.00
13599.00
13592.00
13599.00
13584.00
13600.00
13623.00
13644.00
13634.00
13633.00
13651.00
13659.00
13640.00
13645.00
13659.00
13665.00
13685.00
13709.00
13707.00
13709.00
13736.00
13756.00
13762.00
13769.00
13777.00
13803.00
13822.00
13846.00
13855.00
13873.00
13892.00
13920.00
13952.00
13951.00
13971.00
13980.00
14012.00
14017.00
14039.00
14047.00
14065.00
14083.00
14112.00
14118.00
14103.00
14106.00
14144.00
14141.00
14155.00
14158.00
14171.00
14191.00
14201.00
14202.00
14197.00
14206.00
14217.00
14219.00
14194.00
14174.00
14165.00
14171.00
14178.00
14165.00
14143.00
14125.00
14122.00
14141.00
14114.00
14077.00
14064.00
14050.00
14055.00
14039.00
14013.00
13991.00
13992.00
13979.00
13963.00
13940.00
13902.00
13897.00
13888.00
13860.00
13847.00
13829.00
13795.00
13788.00
13776.00
13769.00
13738.00
13720.00
13727.00
13710.00
13716.00
13699.00
13708.00
13697.00
13676.00
13663.00
13637.00
13627.00
13645.00
13619.00
13636.00
13613.00
13592.00
13612.00
13596.00
13573.00
13560.00
13559.00
13557.00
13573.00
13563.00
13546.00
13549.00
13542.00
13552.00
13535.00
13531.00
13536.00
13561.00
13572.00
13568.00
13583.00
13579.00
13587.00
13597.00
13610.00
13615.00
13585.00
13633.00
13642.00
13639.00
13654.00
13656.00
13673.00
13693.00
13684.00
13690.00
13678.00
13702.00
13719.00
13734.00
13718.00
13744.00
13763.00
13787.00
13805.00
13828.00
13832.00
13863.00
13873.00
13897.00
13928.00
13931.00
13956.00
13989.00
13997.00
13998.00
14014.00
14040.00
14044.00
14066.00
14065.00
14070.00
14090.00
14120.00
14123.00
14127.00
14123.00
14136.00
14158.00
14169.00
14176.00
14165.00
14159.00
14200.00
14204.00
14206.00
14197.00
14195.00
14213.00
14210.00
14195.00
14183.00
14160.00
14188.00
14186.00
14167.00
14131.00
14132.00
14101.00
14122.00
14083.00
14054.00
14015.00
14031.00
14019.00
13997.00
13970.00
13957.00
13945.00
13940.00
13923.00
13884.00
13871.00
13869.00
13855.00
13843.00
13823.00
13806.00
13805.00
13811.00
13785.00
13743.00
13750.00
13733.00
13727.00
13725.00
13705.00
13680.00
13686.00
13686.00
13662.00
13661.00
13642.00
13647.00
13616.00
13631.00
13631.00
13615.00
13636.00
13630.00
13629.00
13629.00
13576.00
13595.00
13610.00
13595.00
13585.00
13580.00
13572.00
13605.00
13614.00
13628.00
13610.00
13610.00
13620.00
13643.00
13643.00
13624.00
13653.00
13673.00
13692.00
13689.00
13682.00
13696.00
13718.00
13729.00
13733.00
13729.00
13738.00
13767.00
13781.00
13798.00
13825.00
13837.00
13870.00
13891.00
13892.00
13901.00
13923.00
13948.00
13989.00
13999.00
13991.00
14006.00
14045.00
14056.00
14073.00
14082.00
14077.00
14098.00
14129.00
14161.00
14147.00
14155.00
14175.00
14196.00
14206.00
14208.00
14204.00
14222.00
14243.00
14247.00
14233.00
14233.00
14248.00
14270.00
14259.00
14225.00
14211.00
14223.00
14215.00
14234.00
14199.00
14169.00
14177.00
14191.00
14182.00
14147.00
14122.00
14105.00
14101.00
14084.00
14069.00
14035.00
14029.00
14007.00
14003.00
13974.00
13934.00
13904.00
13904.00
13896.00
13877.00
13839.00
13815.00
13801.00
13804.00
13777.00
13770.00
13752.00
13746.00
13753.00
13729.00
13707.00
13695.00
13696.00
13695.00
13709.00
13678.00
13662.00
13655.00
13669.00
13635.00
13644.00
13607.00
13621.00
13627.00
13629.00
13614.00
13594.00
13607.00
13615.00
13610.00
13603.00
13595.00
13615.00
13621.00
13633.00
13619.00
13633.00
13634.00
13654.00
13659.00
13661.00
13632.00
13646.00
13679.00
13685.00
13680.00
13688.00
13707.00
13703.00
13731.00
13716.00
13739.00
13760.00
13776.00
13817.00
13824.00
13822.00
13831.00
13878.00
13918.00
13929.00
13931.00
13937.00
13965.00
13996.00
14027.00
14018.00
14048.00
14058.00
14077.00
14096.00
14092.00
14092.00
14129.00
14136.00
14133.00
14148.00
14150.00
14164.00
14182.00
14186.00
14197.00
14186.00
14192.00
14204.00
14201.00
14174.00
14168.00
14179.00
14195.00
14200.00
14164.00
14173.00
14178.00
14170.00
14155.00
14126.00
14088.00
14090.00
14099.00
14064.00
14025.00
14026.00
13994.00
14005.00
13987.00
13960.00
13928.00
13910.00
13909.00
13887.00
13888.00
13862.00
13850.00
13839.00
13835.00
13821.00
13786.00
13755.00
13771.00
13756.00
13755.00
13723.00
13728.00
13726.00
13722.00
13718.00
13674.00
13668.00
13667.00
13659.00
13651.00
13630.00
13639.00
13650.00
13654.00
13634.00
13601.00
13612.00
13610.00
13611.00
13600.00
13583.00
13578.00
13587.00
13600.00
13601.00
13604.00
13607.00
13616.00
13632.00
13646.00
13633.00
13634.00
13654.00
13675.00
13684.00
13686.00
13688.00
13706.00
13714.00
13731.00
13725.00
13721.00
13743.00
13751.00
13768.00
13796.00
13805.00
13830.00
13839.00
13868.00
13865.00
13881.00
13901.00
13919.00
13930.00
13939.00
13934.00
13957.00
13996.00
14002.00
13995.00
14012.00
14039.00
14045.00
14081.00
14094.00
14095.00
14108.00
14113.00
14140.00
14141.00
14140.00
14152.00
14182.00
14191.00
14193.00
14187.00
14188.00
14206.00
14225.00
14219.00
14202.00
14158.00
14176.00
14189.00
14164.00
14119.00
14121.00
14115.00
14104.00
14098.00
14082.00
14074.00
14047.00
14054.00
14018.00
13976.00
13934.00
13916.00
13905.00
13895.00
13871.00
13846.00
13843.00
13845.00
13813.00
13777.00
13743.00
13777.00
13752.00
13732.00
13715.00
13689.00
13692.00
13696.00
13691.00
13673.00
13648.00
13654.00
13655.00
13632.00
13651.00
13611.00
13627.00
13628.00
13636.00
13623.00
13602.00
13582.00
13586.00
13586.00
13579.00
13580.00
13563.00
13562.00
13568.00
13540.00
13554.00
13537.00
13544.00
13568.00
13544.00
13529.00
13519.00
13542.00
13563.00
13561.00
13568.00
13579.00
13586.00
13600.00
13609.00
13588.00
13608.00
13623.00
13631.00
13646.00
13632.00
13628.00
13635.00
13654.00
13661.00
13643.00
13668.00
13674.00
13704.00
13721.00
13714.00
13728.00
13744.00
13774.00
13778.00
13793.00
13804.00
13822.00
13854.00
13884.00
13897.00
13894.00
13923.00
13936.00
13969.00
13964.00
13941.00
13977.00
14003.00
14013.00
14029.00
14040.00
14056.00
14085.00
14092.00
14093.00
14082.00
14099.00
14116.00
14131.00
14117.00
14131.00
14133.00
14153.00
14165.00
14169.00
14168.00
14160.00
14190.00
14187.00
14175.00
14167.00
14172.00
14196.00
14201.00
14193.00
14165.00
14168.00
14171.00
14159.00
14157.00
14119.00
14117.00
14108.00
14113.00
14100.00
14059.00
14055.00
14038.00
14038.00
14004.00
13996.00
13959.00
13952.00
13959.00
13958.00
13925.00
13908.00
13896.00
13874.00
13861.00
13826.00
13781.00
13783.00
13796.00
13795.00
13779.00
13754.00
13739.00
13737.00
13733.00
13712.00
13702.00
13701.00
13702.00
13690.00
13673.00
13660.00
13668.00
13674.00
13663.00
13667.00
13635.00
13630.00
13625.00
13642.00
13628.00
13606.00
13600.00
13621.00
13627.00
13606.00
13588.00
13578.00
13593.00
13595.00
13579.00
13574.00
13567.00
13582.00
13592.00
13599.00
13591.00
13605.00
13627.00
13616.00
13647.00
13637.00
13637.00
13648.00
13684.00
13679.00
13686.00
13684.00
13700.00
13727.00
13728.00
13742.00
13741.00
13772.00
13787.00
13824.00
13847.00
13866.00
13869.00
13911.00
13937.00
13943.00
13934.00
13978.00
14007.00
14020.00
14027.00
14051.00
14078.00
14107.00
14121.00
14110.00
14118.00
14120.00
14149.00
14183.00
14183.00
14176.00
14194.00
14195.00
14221.00
14214.00
14196.00
14200.00
14166.00
14179.00
14173.00
14147.00
14138.00
14149.00
14150.00
14131.00
14108.00
14105.00
14102.00
14101.00
14086.00
14046.00
14038.00
14028.00
14031.00
14008.00
13977.00
13939.00
13941.00
13932.00
13928.00
13896.00
13859.00
13888.00
13871.00
13858.00
13828.00
13793.00
13790.00
13788.00
13765.00
13741.00
13734.00
13739.00
13727.00
13722.00
13705.00
13677.00
13687.00
13689.00
13676.00
13660.00
13630.00
13640.00
13634.00
13641.00
13637.00
13627.00
13619.00
13610.00
13609.00
13586.00
13572.00
13577.00
13559.00
13579.00
13522.00
13541.00
13546.00
13546.00
13555.00
13540.00
13526.00
13525.00
13553.00
13557.00
13568.00
13539.00
13568.00
13584.00
13608.00
13610.00
13623.00
13625.00
13647.00
13630.00
13648.00
13649.00
13657.00
13683.00
13684.00
13676.00
13690.00
13696.00
13686.00
13728.00
13720.00
13700.00
13728.00
13771.00
13803.00
13787.00
13807.00
13819.00
13840.00
13863.00
13882.00
13878.00
13905.00
13933.00
13969.00
13982.00
13980.00
13992.00
14028.00
14026.00
14052.00
14057.00
14073.00
14098.00
14130.00
14128.00
14146.00
14146.00
14160.00
14188.00
14198.00
14186.00
14184.00
14171.00
14210.00
14209.00
14205.00
14194.00
14200.00
14215.00
14212.00
14197.00
14168.00
14151.00
14162.00
14156.00
14104.00
14103.00
14098.00
14109.00
14108.00
14083.00
14058.00
14042.00
14042.00
14021.00
14007.00
13947.00
13941.00
13931.00
13923.00
13908.00
13890.00
13862.00
13867.00
13853.00
13808.00
13801.00
13771.00
13768.00
13788.00
13757.00
13718.00
13718.00
13712.00
13707.00
13705.00
13693.00
13668.00
13654.00
13666.00
13662.00
13650.00
13626.00
13629.00
13636.00
13624.00
13603.00
13596.00
13580.00
13588.00
13589.00
13575.00
13553.00
13560.00
13550.00
13523.00
13519.00
13497.00
13496.00
13487.00
13472.00
13465.00
13470.00
13480.00
13498.00
13496.00
13502.00
13506.00
13523.00
13544.00
13561.00
13563.00
13563.00
13581.00
13612.00
13609.00
13615.00
13596.00
13612.00
13632.00
13642.00
13650.00
13645.00
13676.00
13697.00
13705.00
13715.00
13707.00
13737.00
13761.00
13772.00
13778.00
13795.00
13822.00
13846.00
13900.00
13920.00
13916.00
13933.00
13949.00
13972.00
13993.00
13991.00
14000.00
14017.00
14044.00
14038.00
14076.00
14089.00
14114.00
14128.00
14112.00
14117.00
14124.00
14133.00
14159.00
14169.00
14164.00
14186.00
14210.00
14200.00
14224.00
14211.00
14224.00
14227.00
14225.00
14236.00
14216.00
14225.00
14204.00
14210.00
14189.00
14145.00
14122.00
14123.00
14118.00
14122.00
14078.00
14087.00
14079.00
14086.00
14088.00
14045.00
14026.00
14027.00
14026.00
14003.00
13987.00
13977.00
13962.00
13964.00
13952.00
13942.00
13916.00
13910.00
13899.00
13874.00
13841.00
13816.00
13781.00
13804.00
13776.00
13760.00
13735.00
13714.00
13725.00
13711.00
13692.00
13690.00
13670.00
13692.00
13670.00
13658.00
13643.00
13630.00
13629.00
13630.00
13601.00
13583.00
13594.00
13597.00
13596.00
13577.00
13569.00
13551.00
13565.00
13556.00
13550.00
13526.00
13526.00
13546.00
13536.00
13515.00
13523.00
13537.00
13550.00
13553.00
13543.00
13536.00
13544.00
13564.00
13586.00
13601.00
13601.00
13598.00
13641.00
13636.00
13644.00
13640.00
13627.00
13658.00
13661.00
13689.00
13675.00
13703.00
13726.00
13745.00
13762.00
13751.00
13769.00
13792.00
13827.00
13856.00
13882.00
13905.00
13928.00
13948.00
13985.00
13977.00
13972.00
14002.00
14038.00
14062.00
14039.00
14056.00
14059.00
14101.00
14120.00
14120.00
14127.00
14128.00
14147.00
14153.00
14158.00
14135.00
14158.00
14181.00
14185.00
14184.00
14167.00
14177.00
14188.00
14178.00
14187.00
14160.00
14184.00
14203.00
14210.00
14205.00
14197.00
14166.00
14160.00
14169.00
14168.00
14137.00
14116.00
14112.00
14108.00
14098.00
14072.00
14060.00
14037.00
14044.00
14014.00
13974.00
13961.00
13944.00
13953.00
13924.00
13902.00
13899.00
13906.00
13901.00
13889.00
13852.00
13828.00
13823.00
13798.00
13782.00
13762.00
13744.00
13761.00
13745.00
13748.00
13725.00
13708.00
13696.00
13696.00
13697.00
13676.00
13661.00
13670.00
13649.00
13665.00
13655.00
13650.00
13626.00
13640.00
13639.00
13614.00
13618.00
13604.00
13626.00
13598.00
13600.00
13558.00
13581.00
13600.00
13592.00
13583.00
13580.00
13555.00
13561.00
13565.00
13556.00
13538.00
13544.00
13549.00
13570.00
13560.00
13547.00
13543.00
13559.00
13559.00
13551.00
13554.00
13576.00
13595.00
13602.00
13592.00
13602.00
13583.00
13603.00
13614.00
13611.00
13607.00
13615.00
13616.00
13633.00
13648.00
13640.00
13648.00
13647.00
13658.00
13652.00
13652.00
13660.00
13661.00
13673.00
13707.00
13698.00
13685.00
13692.00
13707.00
13729.00
13705.00
13710.00
13715.00
13729.00
13749.00
13752.00
13743.00
13768.00
13783.00
13797.00
13777.00
13773.00
13785.00
13804.00
13824.00
13819.00
13839.00
13846.00
13862.00
13877.00
13860.00
13859.00
13871.00
13900.00
13909.00
13901.00
13910.00
13922.00
13941.00
13955.00
13940.00
13952.00
13949.00
13951.00
13980.00
13961.00
13966.00
13965.00
14001.00
14006.00
13998.00
13984.00
13997.00
14003.00
14008.00
13995.00
14007.00
14004.00
14019.00
14031.00
14021.00
13996.00
14026.00
14036.00
14059.00
14063.00
14049.00
14040.00
14068.00
14091.00
14098.00
14091.00
14060.00
14075.00
14093.00
14099.00
14083.00
14077.00
14097.00
14124.00
14120.00
14101.00
14101.00
14100.00
14113.00
14108.00
14107.00
14081.00
14102.00
14106.00
14123.00
14111.00
14099.00
14115.00
14123.00
14122.00
14108.00
14096.00
14106.00
14130.00
14140.00
14118.00
14106.00
14122.00
14115.00
14124.00
14122.00
