20784.00
20821.00
20808.00
20828.00
20798.00
20794.00
20809.00
20815.00
20807.00
20792.00
20797.00
20798.00
20800.00
20816.00
20806.00
20789.00
20774.00
20806.00
20822.00
20822.00
20814.00
20813.00
20828.00
20823.00
20811.00
20814.00
20831.00
20840.00
20822.00
20830.00
20803.00
20811.00
20830.00
20855.00
20822.00
20807.00
20798.00
20815.00
20823.00
20833.00
20817.00
20809.00
20837.00
20833.00
20822.00
20818.00
20810.00
20814.00
20833.00
20832.00
20819.00
20824.00
20839.00
20860.00
20843.00
20827.00
20821.00
20822.00
20833.00
20826.00
20808.00
20799.00
20809.00
20849.00
20823.00
20820.00
20827.00
20804.00
20799.00
20820.00
20794.00
20780.00
20826.00
20813.00
20793.00
20797.00
20792.00
20808.00
20824.00
20810.00
20792.00
20793.00
20780.00
20791.00
20807.00
20798.00
20805.00
20802.00
20824.00
20827.00
20788.00
20794.00
20800.00
20792.00
20810.00
20785.00
20767.00
20792.00
20807.00
20823.00
20808.00
20776.00
20781.00
20809.00
20802.00
20799.00
20776.00
20775.00
20798.00
20834.00
20844.00
20807.00
20820.00
20808.00
20816.00
20801.00
20777.00
20789.00
20788.00
20790.00
20804.00
20802.00
20810.00
20815.00
20803.00
20808.00
20784.00
20806.00
20804.00
20807.00
20806.00
20791.00
20781.00
20809.00
20831.00
20820.00
20804.00
20802.00
20807.00
20822.00
20820.00
20826.00
20805.00
20791.00
20834.00
20818.00
20805.00
20787.00
20793.00
20806.00
20835.00
20815.00
20816.00
20814.00
20823.00
20827.00
20810.00
20804.00
20793.00
20808.00
20821.00
20825.00
20800.00
20801.00
20838.00
20834.00
20853.00
20817.00
20820.00
20810.00
20829.00
20812.00
20803.00
20820.00
20804.00
20842.00
20838.00
20793.00
20799.00
20814.00
20800.00
20821.00
20813.00
20809.00
20809.00
20811.00
20811.00
20809.00
20801.00
20798.00
20795.00
20807.00
20787.00
20785.00
20795.00
20827.00
20817.00
20807.00
20821.00
20818.00
20813.00
20807.00
20797.00
20782.00
20802.00
20828.00
20829.00
20824.00
20805.00
20812.00
20797.00
20817.00
20813.00
20803.00
20814.00
20811.00
20818.00
20836.00
20800.00
20810.00
20809.00
20825.00
20797.00
20793.00
20816.00
20786.00
20824.00
20834.00
20826.00
20808.00
20812.00
20814.00
20808.00
20788.00
20800.00
20811.00
20805.00
20824.00
20819.00
20811.00
20819.00
20832.00
20822.00
20798.00
20814.00
20803.00
20841.00
20824.00
20812.00
20789.00
20834.00
20825.00
20820.00
20789.00
20792.00
20779.00
20800.00
20793.00
20769.00
20792.00
20818.00
20833.00
20833.00
20799.00
20804.00
20828.00
20819.00
20827.00
20807.00
20779.00
20806.00
20822.00
20816.00
20800.00
20806.00
20809.00
20806.00
20824.00
20813.00
20794.00
20799.00
20825.00
20827.00
20828.00
20825.00
20848.00
20854.00
20870.00
20857.00
20845.00
20843.00
20853.00
20847.00
20853.00
20820.00
20824.00
20841.00
20854.00
20850.00
20844.00
20833.00
20844.00
20835.00
20837.00
20809.00
20823.00
20836.00
20848.00
20851.00
20819.00
20817.00
20835.00
20853.00
20838.00
20804.00
20812.00
20822.00
20831.00
20834.00
20822.00
20822.00
20837.00
20824.00
20827.00
20818.00
20816.00
20827.00
20839.00
20833.00
20837.00
20825.00
20837.00
20844.00
20857.00
20828.00
20811.00
20794.00
20829.00
20833.00
20813.00
20826.00
20805.00
20821.00
20822.00
20827.00
20804.00
20814.00
20850.00
20826.00
20837.00
20809.00
20812.00
20830.00
20828.00
20801.00
20821.00
20808.00
20832.00
20840.00
20818.00
20796.00
20819.00
20813.00
20829.00
20823.00
20820.00
20823.00
20821.00
20821.00
20833.00
20806.00
20803.00
20848.00
20821.00
20841.00
20825.00
20804.00
20833.00
20831.00
20837.00
20811.00
20829.00
20826.00
20850.00
20839.00
20820.00
20826.00
20817.00
20842.00
20838.00
20833.00
20816.00
20831.00
20812.00
20837.00
20805.00
20802.00
20801.00
20833.00
20824.00
20816.00
20787.00
20810.00
20814.00
20829.00
20814.00
20814.00
20834.00
20825.00
20812.00
20831.00
20806.00
20799.00
20808.00
20819.00
20822.00
20780.00
20812.00
20824.00
20796.00
20802.00
20792.00
20806.00
20833.00
20823.00
20827.00
20780.00
20817.00
20808.00
20808.00
20811.00
20800.00
20798.00
20801.00
20821.00
20821.00
20824.00
20801.00
20831.00
20836.00
20834.00
20820.00
20810.00
20831.00
20842.00
20852.00
20826.00
20826.00
20858.00
20850.00
20837.00
20846.00
20814.00
20828.00
20853.00
20844.00
20836.00
20824.00
20829.00
20863.00
20867.00
20853.00
20818.00
20828.00
20843.00
20837.00
20836.00
20807.00
20826.00
20850.00
20825.00
20826.00
20815.00
20824.00
20818.00
20840.00
20842.00
20825.00
20826.00
20844.00
20838.00
20832.00
20806.00
20808.00
20842.00
20813.00
20811.00
20829.00
20824.00
20854.00
20836.00
20827.00
20794.00
20817.00
20830.00
20825.00
20814.00
20820.00
20809.00
20814.00
20841.00
20831.00
20812.00
20811.00
20818.00
20815.00
20832.00
20828.00
20825.00
20850.00
20871.00
20860.00
20838.00
20834.00
20845.00
20848.00
20844.00
20838.00
20838.00
20854.00
20869.00
20878.00
20837.00
20830.00
20837.00
20858.00
20874.00
20855.00
20848.00
20868.00
20873.00
20875.00
20862.00
20874.00
20865.00
20859.00
20901.00
20885.00
20855.00
20862.00
20879.00
20889.00
20902.00
20861.00
20859.00
20901.00
20873.00
20871.00
20884.00
20864.00
20891.00
20860.00
20883.00
20846.00
20869.00
20888.00
20873.00
20886.00
20854.00
20858.00
20862.00
20894.00
20864.00
20853.00
20831.00
20861.00
20883.00
20868.00
20845.00
20839.00
20844.00
20861.00
20867.00
20849.00
20856.00
20878.00
20876.00
20872.00
20852.00
20859.00
20860.00
20881.00
20873.00
20872.00
20861.00
20876.00
20864.00
20870.00
20882.00
20862.00
20870.00
20888.00
20891.00
20868.00
20854.00
20876.00
20893.00
20902.00
20889.00
20872.00
20878.00
20881.00
20899.00
20886.00
20860.00
20850.00
20874.00
20889.00
20906.00
20874.00
20877.00
20898.00
20909.00
20878.00
20863.00
20888.00
20879.00
20918.00
20897.00
20892.00
20893.00
20905.00
20906.00
20893.00
20879.00
20893.00
20899.00
20916.00
20894.00
20885.00
20883.00
20901.00
20920.00
20913.00
20891.00
20877.00
20884.00
20905.00
20910.00
20907.00
20892.00
20905.00
20910.00
20918.00
20912.00
20898.00
20881.00
20893.00
20892.00
20870.00
20884.00
20891.00
20891.00
20899.00
20884.00
20870.00
20892.00
20886.00
20872.00
20881.00
20877.00
20879.00
20909.00
20912.00
20861.00
20849.00
20862.00
20889.00
20896.00
20892.00
20867.00
20873.00
20888.00
20892.00
20885.00
20865.00
20887.00
20897.00
20887.00
20889.00
20875.00
20853.00
20892.00
20890.00
20877.00
20883.00
20879.00
20880.00
20878.00
20866.00
20858.00
20859.00
20869.00
20887.00
20882.00
20833.00
20855.00
20870.00
20891.00
20882.00
20828.00
20865.00
20837.00
20849.00
20847.00
20840.00
20832.00
20833.00
20857.00
20846.00
20848.00
20832.00
20842.00
20873.00
20864.00
20825.00
20821.00
20847.00
20850.00
20867.00
20849.00
20830.00
20823.00
20846.00
20834.00
20836.00
20810.00
20810.00
20849.00
20856.00
20838.00
20823.00
20828.00
20834.00
20839.00
20830.00
20812.00
20831.00
20824.00
20843.00
20841.00
20837.00
20827.00
20860.00
20838.00
20844.00
20819.00
20813.00
20843.00
20878.00
20838.00
20827.00
20848.00
20848.00
20861.00
20852.00
20813.00
20812.00
20848.00
20866.00
20832.00
20834.00
20805.00
20821.00
20857.00
20855.00
20813.00
20822.00
20827.00
20856.00
20849.00
20845.00
20855.00
20854.00
20848.00
20825.00
20840.00
20816.00
20832.00
20817.00
20826.00
20805.00
20816.00
20813.00
20843.00
20867.00
20829.00
20800.00
20840.00
20841.00
20845.00
20817.00
20814.00
20806.00
20808.00
20839.00
20811.00
20839.00
20811.00
20822.00
20846.00
20840.00
20816.00
20879.00
20859.00
20829.00
20847.00
20844.00
20827.00
20839.00
20867.00
20858.00
20826.00
20830.00
20852.00
20860.00
20867.00
20833.00
20823.00
20818.00
20853.00
20815.00
20824.00
20821.00
20844.00
20830.00
20825.00
20820.00
20829.00
20817.00
20846.00
20839.00
20817.00
20837.00
20855.00
20846.00
20819.00
20848.00
20859.00
20823.00
20838.00
20851.00
20831.00
20830.00
20830.00
20852.00
20863.00
20844.00
20818.00
20855.00
20843.00
20850.00
20826.00
20831.00
20831.00
20840.00
20863.00
20838.00
20843.00
20838.00
20855.00
20837.00
20829.00
20810.00
20793.00
20837.00
20845.00
20835.00
20834.00
20851.00
20883.00
20889.00
20874.00
20850.00
20834.00
20847.00
20859.00
20831.00
20836.00
20837.00
20836.00
20842.00
20850.00
20827.00
20829.00
20845.00
20837.00
20814.00
20812.00
20821.00
20841.00
20851.00
20859.00
20833.00
20854.00
20836.00
20839.00
20847.00
20843.00
20833.00
20868.00
20881.00
20869.00
20845.00
20836.00
20846.00
20853.00
20851.00
20830.00
20831.00
20854.00
20878.00
20863.00
20848.00
20835.00
20832.00
20847.00
20866.00
20867.00
20839.00
20855.00
20866.00
20892.00
20865.00
20845.00
20871.00
20830.00
20865.00
20847.00
20830.00
20841.00
20835.00
20871.00
20853.00
20847.00
20862.00
20855.00
20858.00
20874.00
20854.00
20879.00
20839.00
20867.00
20862.00
20841.00
20859.00
20871.00
20851.00
20842.00
20826.00
20845.00
20842.00
20864.00
20874.00
20834.00
20841.00
20870.00
20908.00
20870.00
20853.00
20841.00
20841.00
20873.00
20844.00
20836.00
20849.00
20855.00
20894.00
20863.00
20850.00
20854.00
20839.00
20873.00
20873.00
20850.00
20857.00
20844.00
20886.00
20888.00
20881.00
20877.00
20872.00
20879.00
20871.00
20850.00
20849.00
20871.00
20870.00
20877.00
20858.00
20855.00
20850.00
20871.00
20871.00
20864.00
20859.00
20880.00
20893.00
20908.00
20876.00
20882.00
20887.00
20892.00
20891.00
20881.00
20845.00
20872.00
20864.00
20892.00
20881.00
20871.00
20881.00
20894.00
20896.00
20883.00
20856.00
20863.00
20892.00
20904.00
20896.00
20885.00
20887.00
20885.00
20891.00
20886.00
20850.00
20854.00
20870.00
20861.00
20882.00
20862.00
20871.00
20869.00
20863.00
20864.00
20872.00
20868.00
20860.00
20883.00
20881.00
20871.00
20859.00
20881.00
20896.00
20866.00
20863.00
20854.00
20857.00
20863.00
20874.00
20850.00
20850.00
20859.00
20864.00
20895.00
20872.00
20845.00
20863.00
20866.00
20875.00
20861.00
20853.00
20879.00
20868.00
20853.00
20894.00
20843.00
20859.00
20864.00
20868.00
20856.00
20840.00
20844.00
20855.00
20862.00
20860.00
20868.00
20865.00
20882.00
20885.00
20880.00
20867.00
20868.00
20872.00
20871.00
20887.00
20877.00
20864.00
20879.00
20885.00
20892.00
20878.00
20863.00
20863.00
20882.00
20884.00
20870.00
20875.00
20859.00
20879.00
20887.00
20848.00
20859.00
20862.00
20869.00
20892.00
20881.00
20871.00
20839.00
20859.00
20853.00
20843.00
20845.00
20844.00
20855.00
20859.00
20865.00
20845.00
20856.00
20865.00
20881.00
20864.00
20842.00
20833.00
20874.00
20845.00
20872.00
20841.00
20834.00
20844.00
20849.00
20844.00
20843.00
20844.00
20842.00
20843.00
20838.00
20824.00
20849.00
20840.00
20845.00
20852.00
20825.00
20822.00
20835.00
20843.00
20868.00
20812.00
20836.00
20856.00
20849.00
20854.00
20840.00
20826.00
20833.00
20838.00
20848.00
20855.00
20843.00
20852.00
20875.00
20884.00
20874.00
20841.00
20813.00
20866.00
20864.00
20853.00
20826.00
20856.00
20867.00
20875.00
20870.00
20867.00
20852.00
20877.00
20893.00
20892.00
20864.00
20875.00
20905.00
20921.00
20903.00
20867.00
20855.00
20883.00
20883.00
20892.00
20874.00
20864.00
20882.00
20885.00
20883.00
20880.00
20881.00
20878.00
20896.00
20874.00
20876.00
20854.00
20850.00
20890.00
20882.00
20876.00
20879.00
20883.00
20896.00
20897.00
20857.00
20863.00
20871.00
20884.00
20875.00
20857.00
20862.00
20880.00
20882.00
20862.00
20871.00
20861.00
20861.00
20847.00
20876.00
20876.00
20844.00
20875.00
20882.00
20882.00
20889.00
20857.00
20868.00
20868.00
20894.00
20851.00
20845.00
20860.00
20886.00
20888.00
20857.00
20857.00
20853.00
20844.00
20885.00
20867.00
20852.00
20860.00
20880.00
20880.00
20877.00
20831.00
20874.00
20878.00
20874.00
20878.00
20861.00
20864.00
20846.00
20887.00
20857.00
20866.00
20869.00
20882.00
20886.00
20862.00
20859.00
20859.00
20874.00
20905.00
20892.00
20880.00
20833.00
20835.00
20863.00
20885.00
20864.00
20817.00
20831.00
20841.00
20855.00
20849.00
20865.00
20868.00
20877.00
20860.00
20850.00
20828.00
20853.00
20865.00
20859.00
20860.00
20871.00
20871.00
20903.00
20886.00
20895.00
20875.00
20873.00
20884.00
20906.00
20878.00
20871.00
20881.00
20886.00
20881.00
20868.00
20878.00
20869.00
20872.00
20877.00
20903.00
20886.00
20904.00
20901.00
20916.00
20903.00
20861.00
20862.00
20889.00
20901.00
20893.00
20876.00
20885.00
20920.00
20936.00
20926.00
20920.00
20965.00
20971.00
20993.00
20983.00
20965.00
20977.00
20985.00
21021.00
21050.00
21070.00
21063.00
21085.00
21104.00
21091.00
21070.00
21053.00
21084.00
21093.00
21080.00
21055.00
21045.00
21054.00
21046.00
21034.00
20988.00
20954.00
20953.00
20953.00
20948.00
20920.00
20905.00
20901.00
20910.00
20888.00
20862.00
20864.00
20827.00
20867.00
20860.00
20830.00
20837.00
20813.00
20867.00
20837.00
20837.00
20823.00
20829.00
20828.00
20827.00
20842.00
20807.00
20816.00
20815.00
20840.00
20854.00
20845.00
20836.00
20829.00
20855.00
20825.00
20829.00
20829.00
20827.00
20854.00
20868.00
20862.00
20843.00
20830.00
20862.00
20836.00
20848.00
20814.00
20832.00
20833.00
20859.00
20850.00
20832.00
20855.00
20860.00
20865.00
20830.00
20838.00
20862.00
20851.00
20873.00
20830.00
20838.00
20855.00
20885.00
20852.00
20868.00
20845.00
20859.00
20865.00
20858.00
20847.00
20843.00
20857.00
20870.00
20863.00
20845.00
20840.00
20850.00
20863.00
20859.00
20854.00
20851.00
20845.00
20859.00
20857.00
20847.00
20838.00
20839.00
20824.00
20851.00
20863.00
20854.00
20840.00
20865.00
20871.00
20864.00
20853.00
20837.00
20862.00
20862.00
20851.00
20839.00
20821.00
20831.00
20848.00
20865.00
20845.00
20839.00
20853.00
20858.00
20848.00
20837.00
20821.00
20845.00
20846.00
20858.00
20857.00
20865.00
20847.00
20859.00
20855.00
20855.00
20843.00
20819.00
20854.00
20857.00
20845.00
20845.00
20858.00
20849.00
20862.00
20855.00
20842.00
20852.00
20859.00
20872.00
20861.00
20862.00
20865.00
20871.00
20861.00
20855.00
20848.00
20828.00
20870.00
20870.00
20857.00
20865.00
20855.00
20869.00
20855.00
20881.00
20847.00
20848.00
20833.00
20852.00
20857.00
20838.00
20843.00
20858.00
20847.00
20829.00
20831.00
20834.00
20843.00
20838.00
20856.00
20853.00
20849.00
20856.00
20874.00
20873.00
20849.00
20841.00
20861.00
20845.00
20848.00
20847.00
20832.00
20830.00
20865.00
20871.00
20850.00
20836.00
20851.00
20856.00
20847.00
20847.00
20817.00
20832.00
20856.00
20860.00
20856.00
20853.00
20844.00
20862.00
20841.00
20845.00
20853.00
20821.00
20836.00
20860.00
20851.00
20834.00
20845.00
20834.00
20871.00
20838.00
20831.00
20830.00
20850.00
20864.00
20875.00
20851.00
20860.00
20845.00
20861.00
20873.00
20840.00
20836.00
20853.00
20864.00
20860.00
20854.00
20864.00
20847.00
20856.00
20864.00
20847.00
20816.00
20842.00
20857.00
20844.00
20845.00
20830.00
20852.00
20851.00
20853.00
20827.00
20830.00
20822.00
20852.00
20825.00
20850.00
20819.00
20837.00
20879.00
20875.00
20848.00
20844.00
20853.00
20856.00
20883.00
20854.00
20837.00
20840.00
20849.00
20855.00
20842.00
20853.00
20826.00
20852.00
20859.00
20857.00
20855.00
20869.00
20896.00
20880.00
20883.00
20865.00
20875.00
20863.00
20881.00
20867.00
20839.00
20855.00
20866.00
20878.00
20873.00
20850.00
20862.00
20862.00
20867.00
20867.00
20848.00
20848.00
20844.00
20874.00
20860.00
20839.00
20834.00
20841.00
20850.00
20848.00
20842.00
20829.00
20856.00
20874.00
20871.00
20851.00
20848.00
20857.00
20876.00
20854.00
20862.00
20841.00
20856.00
20862.00
20842.00
20858.00
20849.00
20846.00
20873.00
20857.00
20845.00
20830.00
20842.00
20857.00
20874.00
20857.00
20856.00
20839.00
20871.00
20880.00
20872.00
20842.00
20851.00
20868.00
20879.00
20861.00
20848.00
20858.00
20870.00
20870.00
20875.00
20868.00
20865.00
20900.00
20883.00
20870.00
20878.00
20856.00
20895.00
20908.00
20896.00
20872.00
20851.00
20875.00
20881.00
20888.00
20874.00
20891.00
20890.00
20928.00
20897.00
20889.00
20845.00
20871.00
20893.00
20877.00
20888.00
20860.00
20868.00
20877.00
20884.00
20883.00
20885.00
20896.00
20887.00
20879.00
20855.00
20850.00
20853.00
20880.00
20861.00
20871.00
20868.00
20856.00
20880.00
20891.00
20873.00
20859.00
20864.00
20902.00
20893.00
20884.00
20886.00
20880.00
20885.00
20886.00
20889.00
20854.00
20862.00
20875.00
20869.00
20867.00
20841.00
20856.00
20886.00
20900.00
20899.00
20874.00
20870.00
20869.00
20873.00
20876.00
20860.00
20866.00
20897.00
20879.00
20894.00
20878.00
20867.00
20877.00
20854.00
20881.00
20874.00
20871.00
20866.00
20869.00
20855.00
20846.00
20854.00
20856.00
20874.00
20858.00
20859.00
20869.00
20884.00
20877.00
20888.00
20875.00
20864.00
20872.00
20875.00
20881.00
20869.00
20874.00
20875.00
20897.00
20895.00
20910.00
20848.00
20863.00
20899.00
20884.00
20855.00
20845.00
20841.00
20843.00
20851.00
20881.00
20852.00
20871.00
20876.00
20883.00
20853.00
20834.00
20853.00
20878.00
20892.00
20879.00
20872.00
20851.00
20884.00
20894.00
20863.00
20845.00
20870.00
20861.00
20899.00
20918.00
20895.00
20898.00
20881.00
20902.00
20880.00
20864.00
20853.00
20872.00
20864.00
20868.00
20855.00
20862.00
20854.00
20855.00
20880.00
20897.00
20869.00
20867.00
20888.00
20875.00
20875.00
20856.00
20890.00
20904.00
20869.00
20849.00
20827.00
20826.00
20839.00
20825.00
20832.00
20800.00
20796.00
20788.00
20768.00
20717.00
20693.00
20679.00
20652.00
20646.00
20615.00
20586.00
20605.00
20582.00
20556.00
20523.00
20494.00
20493.00
20501.00
20491.00
20467.00
20448.00
20449.00
20457.00
20470.00
20461.00
20439.00
20436.00
20436.00
20447.00
20433.00
20417.00
20422.00
20414.00
20429.00
20445.00
20437.00
20421.00
20437.00
20450.00
20450.00
20412.00
20420.00
20419.00
20447.00
20440.00
20444.00
20443.00
20448.00
20450.00
20445.00
20431.00
20413.00
20437.00
20447.00
20440.00
20445.00
20442.00
20440.00
20460.00
20453.00
20432.00
20422.00
20442.00
20431.00
20438.00
20423.00
20421.00
20422.00
20442.00
20437.00
20449.00
20429.00
20429.00
20444.00
20439.00
20439.00
20438.00
20441.00
20472.00
20474.00
20459.00
20452.00
20449.00
20466.00
20475.00
20469.00
20464.00
20448.00
20457.00
20482.00
20461.00
20473.00
20474.00
20465.00
20494.00
20489.00
20456.00
20465.00
20473.00
20490.00
20492.00
20480.00
20471.00
20447.00
20482.00
20479.00
20453.00
20450.00
20464.00
20468.00
20486.00
20482.00
20491.00
20512.00
20504.00
20506.00
20479.00
20479.00
20494.00
20499.00
20488.00
20521.00
20496.00
20513.00
20520.00
20498.00
20491.00
20475.00
20484.00
20494.00
20491.00
20480.00
20489.00
20484.00
20493.00
20496.00
20492.00
20476.00
20476.00
20485.00
20495.00
20474.00
20481.00
20476.00
20507.00
20523.00
20501.00
20497.00
20487.00
20489.00
20509.00
20494.00
20486.00
20491.00
20488.00
20504.00
20491.00
20499.00
20488.00
20504.00
20523.00
20523.00
20489.00
20498.00
20493.00
20513.00
20496.00
20505.00
20488.00
20507.00
20505.00
20502.00
20467.00
20484.00
20460.00
20502.00
20490.00
20495.00
20482.00
20511.00
20502.00
20501.00
20506.00
20485.00
20485.00
20508.00
20503.00
20486.00
20463.00
20492.00
20530.00
20506.00
20483.00
20496.00
20470.00
20489.00
20499.00
20476.00
20469.00
20492.00
20499.00
20525.00
20509.00
20466.00
20477.00
20483.00
20495.00
20492.00
20465.00
20478.00
20486.00
20488.00
20489.00
20472.00
20468.00
20473.00
20479.00
20488.00
20475.00
20492.00
20488.00
20508.00
20517.00
20509.00
20484.00
20526.00
20519.00
20510.00
20504.00
20478.00
20499.00
20511.00
20502.00
20513.00
20479.00
20510.00
20514.00
20498.00
20474.00
20477.00
20496.00
20498.00
20506.00
20511.00
20482.00
20507.00
20512.00
20499.00
20510.00
20510.00
20516.00
20526.00
20514.00
20493.00
20497.00
20493.00
20502.00
20508.00
20497.00
20489.00
20499.00
20522.00
20535.00
20525.00
20501.00
20503.00
20510.00
20521.00
20492.00
20473.00
20485.00
20514.00
20506.00
20500.00
20519.00
20506.00
20518.00
20517.00
20530.00
20510.00
20522.00
20501.00
20519.00
20511.00
20488.00
20506.00
20514.00
20540.00
20507.00
20494.00
20479.00
20489.00
20518.00
20528.00
20517.00
20496.00
20508.00
20515.00
20514.00
20480.00
20508.00
20501.00
20515.00
20511.00
20493.00
20517.00
20518.00
20516.00
20508.00
20519.00
20504.00
20510.00
20524.00
20523.00
20526.00
20510.00
20525.00
20540.00
20540.00
20499.00
20502.00
20519.00
20514.00
20530.00
20531.00
20526.00
20499.00
20557.00
20537.00
20518.00
20519.00
20506.00
20524.00
20524.00
20522.00
20520.00
20521.00
20536.00
20559.00
20540.00
20534.00
20510.00
20544.00
20521.00
20519.00
20501.00
20527.00
20549.00
20549.00
20537.00
20524.00
20527.00
20548.00
20550.00
20524.00
20505.00
20545.00
20518.00
20535.00
20534.00
20525.00
20526.00
20536.00
20540.00
20540.00
20518.00
20531.00
20509.00
20542.00
20545.00
20540.00
20515.00
20546.00
20546.00
20547.00
20519.00
20508.00
20514.00
20536.00
20530.00
20533.00
20525.00
20532.00
20545.00
20543.00
20540.00
20512.00
20526.00
20538.00
20525.00
20541.00
20533.00
20539.00
20559.00
20553.00
20546.00
20532.00
20533.00
20561.00
20546.00
20545.00
20517.00
20545.00
20520.00
20544.00
20530.00
20526.00
20529.00
20548.00
20561.00
20540.00
20510.00
20519.00
20527.00
20535.00
20520.00
20493.00
20498.00
20525.00
20536.00
20533.00
20517.00
20533.00
20524.00
20550.00
20525.00
20531.00
20528.00
20538.00
20541.00
20527.00
20523.00
20511.00
20525.00
20565.00
20553.00
20528.00
20514.00
20516.00
20549.00
20545.00
20517.00
20525.00
20514.00
20544.00
20524.00
20524.00
20532.00
20523.00
20543.00
20554.00
20523.00
20502.00
20509.00
20505.00
20515.00
20500.00
20472.00
20458.00
20436.00
20433.00
20396.00
20372.00
20350.00
20353.00
20337.00
20317.00
20306.00
20296.00
20289.00
20299.00
20259.00
20232.00
20227.00
20218.00
20239.00
20224.00
20226.00
20225.00
20238.00
20227.00
20242.00
20224.00
20216.00
20223.00
20231.00
20228.00
20204.00
20210.00
20239.00
20247.00
20246.00
20232.00
20226.00
20251.00
20259.00
20238.00
20237.00
20250.00
20254.00
20268.00
20285.00
20263.00
20268.00
20264.00
20283.00
20283.00
20255.00
20248.00
20268.00
20277.00
20291.00
20258.00
20248.00
20259.00
20271.00
20267.00
20271.00
20247.00
20264.00
20265.00
20278.00
20266.00
20263.00
20272.00
20294.00
20287.00
20275.00
20286.00
20278.00
20271.00
20290.00
20281.00
20276.00
20279.00
20298.00
20298.00
20309.00
20285.00
20280.00
20294.00
20296.00
20307.00
20287.00
20288.00
20284.00
20307.00
20299.00
20290.00
20280.00
20296.00
20300.00
20301.00
20291.00
20297.00
20299.00
20313.00
20310.00
20302.00
20286.00
20311.00
20313.00
20307.00
20292.00
20310.00
20323.00
20339.00
20308.00
20307.00
20314.00
20303.00
20323.00
20331.00
20302.00
20304.00
20317.00
20312.00
20326.00
20332.00
20306.00
20314.00
20329.00
20333.00
20322.00
20306.00
20332.00
20339.00
20342.00
20335.00
20340.00
20319.00
20328.00
20319.00
20312.00
20302.00
20299.00
20325.00
20331.00
20347.00
20311.00
20306.00
20343.00
20347.00
20333.00
20332.00
20327.00
20348.00
20319.00
20316.00
20317.00
20316.00
20338.00
20341.00
20325.00
20318.00
20320.00
20336.00
20333.00
20318.00
20326.00
20336.00
20326.00
20332.00
20353.00
20319.00
20318.00
20323.00
20323.00
20333.00
20329.00
20318.00
20341.00
20349.00
20342.00
20331.00
20331.00
20317.00
20338.00
20330.00
20323.00
20327.00
20344.00
20355.00
20340.00
20316.00
20322.00
20320.00
20330.00
20323.00
20315.00
20293.00
20326.00
20333.00
20372.00
20336.00
20334.00
20331.00
20360.00
20357.00
20349.00
20344.00
20335.00
20347.00
20349.00
20338.00
20328.00
20316.00
20328.00
20340.00
20324.00
20318.00
20322.00
20346.00
20363.00
20340.00
20332.00
20334.00
20324.00
20370.00
20348.00
20318.00
20321.00
20331.00
20358.00
20361.00
20347.00
20346.00
20358.00
20353.00
20339.00
20337.00
20321.00
20335.00
20343.00
20359.00
20343.00
20352.00
20346.00
20356.00
20369.00
20352.00
20348.00
20350.00
20347.00
20347.00
20349.00
20343.00
20338.00
20361.00
20355.00
20341.00
20322.00
20352.00
20343.00
20360.00
20364.00
20324.00
20338.00
20354.00
20355.00
20342.00
20334.00
20338.00
20338.00
20369.00
20366.00
20327.00
20334.00
20371.00
20369.00
20368.00
20344.00
20361.00
20363.00
20375.00
20357.00
20347.00
20341.00
20351.00
20365.00
20364.00
20343.00
20343.00
20366.00
20373.00
20366.00
20350.00
20339.00
20343.00
20386.00
20376.00
20347.00
20348.00
20361.00
20367.00
20362.00
20365.00
20357.00
20374.00
20398.00
20383.00
20378.00
20383.00
20368.00
20379.00
20363.00
20378.00
20368.00
20353.00
20398.00
20373.00
20375.00
20370.00
20376.00
20385.00
20387.00
20386.00
20377.00
20378.00
20373.00
20372.00
20378.00
20373.00
20354.00
20376.00
20391.00
20372.00
20362.00
20374.00
20388.00
20357.00
20378.00
20358.00
20355.00
20386.00
20391.00
20373.00
20351.00
20373.00
20389.00
20376.00
20380.00
20367.00
20379.00
20389.00
20380.00
20379.00
20350.00
20359.00
20367.00
20382.00
20364.00
20355.00
20356.00
20372.00
20398.00
20391.00
20391.00
20375.00
20384.00
20410.00
20380.00
20386.00
20361.00
20376.00
20385.00
20377.00
20384.00
20381.00
20381.00
20383.00
20375.00
20352.00
20361.00
20375.00
20367.00
20378.00
20370.00
20370.00
20371.00
20383.00
20362.00
20380.00
20366.00
20386.00
20387.00
20398.00
20399.00
20373.00
20371.00
20385.00
20376.00
20382.00
20355.00
20362.00
20382.00
20397.00
20382.00
20382.00
20354.00
20385.00
20385.00
20378.00
20357.00
20352.00
20358.00
20389.00
20373.00
20370.00
20367.00
20362.00
20373.00
20367.00
20359.00
20339.00
20369.00
20372.00
20361.00
20346.00
20348.00
20359.00
20367.00
20380.00
20349.00
20347.00
20345.00
20377.00
20388.00
20364.00
20362.00
20360.00
20372.00
20366.00
20358.00
20349.00
20353.00
20368.00
20357.00
20360.00
20332.00
20362.00
20366.00
20356.00
20364.00
20330.00
20327.00
20344.00
20341.00
20352.00
20346.00
20343.00
20348.00
20344.00
20350.00
20344.00
20333.00
20337.00
20337.00
20362.00
20357.00
20356.00
20350.00
20359.00
20355.00
20350.00
20335.00
20342.00
20361.00
20334.00
20349.00
20349.00
20367.00
20374.00
20372.00
20365.00
20373.00
20384.00
20376.00
20376.00
20347.00
20361.00
20328.00
20345.00
20332.00
20306.00
20275.00
20260.00
20278.00
20250.00
20223.00
20188.00
20192.00
20188.00
20184.00
20171.00
20150.00
20131.00
20130.00
20123.00
20132.00
20113.00
20138.00
20161.00
20164.00
20157.00
20163.00
20147.00
20171.00
20160.00
20158.00
20165.00
20167.00
20175.00
20182.00
20190.00
20167.00
20193.00
20191.00
20196.00
20194.00
20189.00
20190.00
20193.00
20187.00
20181.00
20205.00
20171.00
20202.00
20210.00
20201.00
20162.00
20177.00
20180.00
20179.00
20192.00
20184.00
20204.00
20209.00
20218.00
20204.00
20188.00
20180.00
20186.00
20205.00
20189.00
20196.00
20178.00
20203.00
20216.00
20220.00
20196.00
20186.00
20214.00
20212.00
20185.00
20195.00
20171.00
20184.00
20199.00
20218.00
20206.00
20189.00
20194.00
20214.00
20196.00
20199.00
20204.00
20198.00
20190.00
20224.00
20208.00
20213.00
20198.00
20201.00
20203.00
20200.00
20216.00
20190.00
20203.00
20210.00
20221.00
20210.00
20221.00
20219.00
20219.00
20223.00
20186.00
20209.00
20219.00
20233.00
20217.00
20195.00
20193.00
20199.00
20216.00
20214.00
20191.00
20205.00
20208.00
20237.00
20242.00
20223.00
20227.00
20243.00
20246.00
20258.00
20262.00
20232.00
20239.00
20244.00
20253.00
20245.00
20216.00
20238.00
20253.00
20262.00
20248.00
20244.00
20229.00
20246.00
20264.00
20260.00
20253.00
20250.00
20268.00
20251.00
20242.00
20233.00
20225.00
20234.00
20222.00
20243.00
20226.00
20235.00
20218.00
20251.00
20245.00
20239.00
20233.00
20254.00
20242.00
20267.00
20246.00
20225.00
20250.00
20269.00
20245.00
20262.00
20222.00
20254.00
20250.00
20232.00
20224.00
20242.00
20244.00
20237.00
20258.00
20242.00
20225.00
20217.00
20244.00
20223.00
20230.00
20217.00
20220.00
20199.00
20246.00
20238.00
20210.00
20210.00
20229.00
20223.00
20215.00
20197.00
20210.00
20227.00
20229.00
20216.00
20193.00
20199.00
20222.00
20221.00
20209.00
20195.00
20201.00
20204.00
20229.00
20250.00
20231.00
20207.00
20230.00
20253.00
20240.00
20221.00
20213.00
20248.00
20243.00
20207.00
20210.00
20222.00
20237.00
20233.00
20238.00
20222.00
20227.00
20233.00
20251.00
20232.00
20239.00
20226.00
20225.00
20245.00
20242.00
20248.00
20226.00
20248.00
20234.00
20240.00
20244.00
20232.00
20252.00
20246.00
20264.00
20238.00
20247.00
20225.00
20254.00
20246.00
20233.00
20236.00
20222.00
20266.00
20248.00
20258.00
20239.00
20225.00
20252.00
20252.00
20241.00
20236.00
20235.00
20240.00
20256.00
20250.00
20220.00
20247.00
20231.00
20239.00
20244.00
20224.00
20249.00
20260.00
20249.00
20254.00
20237.00
20235.00
20241.00
20237.00
20256.00
20235.00
20249.00
20259.00
20259.00
20250.00
20268.00
20267.00
20253.00
20268.00
20257.00
20235.00
20250.00
20246.00
20267.00
20254.00
20224.00
20251.00
20245.00
20275.00
20271.00
20238.00
20260.00
20265.00
20258.00
20262.00
20243.00
20265.00
20276.00
20289.00
20305.00
20278.00
20271.00
20263.00
20270.00
20285.00
20269.00
20256.00
20260.00
20242.00
20249.00
20259.00
20252.00
20247.00
20254.00
20295.00
20271.00
20249.00
20251.00
20270.00
20279.00
20252.00
20239.00
20248.00
20240.00
20277.00
20269.00
20253.00
20253.00
20255.00
20268.00
20279.00
20251.00
20241.00
20245.00
20244.00
20231.00
20233.00
20227.00
20238.00
20255.00
20258.00
20239.00
20248.00
20250.00
20262.00
20264.00
20265.00
20234.00
20278.00
20260.00
20264.00
20241.00
20225.00
20224.00
20248.00
20244.00
20260.00
20212.00
20229.00
20275.00
20266.00
20241.00
20216.00
20232.00
20249.00
20249.00
20228.00
20236.00
20237.00
20237.00
20253.00
20244.00
20223.00
20226.00
20256.00
20236.00
20238.00
20225.00
20240.00
20253.00
20268.00
20254.00
20218.00
20247.00
20263.00
20239.00
20257.00
20243.00
20206.00
20254.00
20255.00
20249.00
20248.00
20264.00
20256.00
20259.00
20258.00
20259.00
20236.00
20263.00
20264.00
20260.00
20245.00
20276.00
20268.00
20264.00
20257.00
20257.00
20259.00
20235.00
20256.00
20234.00
20249.00
20218.00
20247.00
20257.00
20248.00
20239.00
20232.00
20231.00
20227.00
20227.00
20235.00
20214.00
20222.00
20257.00
20260.00
20260.00
20254.00
20242.00
20228.00
20255.00
20237.00
20257.00
20240.00
20235.00
20266.00
20241.00
20224.00
20216.00
20245.00
20243.00
20258.00
20225.00
20250.00
20227.00
20251.00
20239.00
20246.00
20249.00
20248.00
20237.00
20245.00
20241.00
20233.00
20230.00
20235.00
20223.00
20214.00
20216.00
20239.00
20233.00
20241.00
20230.00
20214.00
20212.00
20226.00
20238.00
20224.00
20225.00
20252.00
20253.00
20237.00
20232.00
20245.00
20235.00
20257.00
20256.00
20237.00
20232.00
20239.00
20259.00
20251.00
20219.00
20226.00
20222.00
20243.00
20258.00
20257.00
20242.00
20233.00
20256.00
20282.00
20275.00
20258.00
20239.00
20262.00
20262.00
20245.00
20250.00
20245.00
20239.00
20282.00
20263.00
20230.00
20237.00
20242.00
20258.00
20256.00
20233.00
20221.00
20247.00
20279.00
20251.00
20220.00
20237.00
20222.00
20256.00
20264.00
20247.00
20232.00
20244.00
20284.00
20274.00
20279.00
20239.00
20266.00
20273.00
20269.00
20266.00
20272.00
20311.00
20308.00
20332.00
20335.00
20347.00
20398.00
20413.00
20426.00
20449.00
20437.00
20487.00
20517.00
20517.00
20519.00
20531.00
20556.00
20565.00
20574.00
20581.00
20569.00
20561.00
20597.00
20590.00
20602.00
20591.00
20589.00
20593.00
20589.00
20588.00
20564.00
20582.00
20570.00
20596.00
20579.00
20598.00
20594.00
20611.00
20591.00
20613.00
20583.00
20592.00
20615.00
20603.00
20622.00
20607.00
20589.00
20622.00
20623.00
20637.00
20595.00
20596.00
20616.00
20640.00
20612.00
20593.00
20578.00
20616.00
20611.00
20602.00
20623.00
20614.00
20605.00
20620.00
20594.00
20595.00
20567.00
20611.00
20637.00
20637.00
20636.00
20623.00
20625.00
20641.00
20644.00
20609.00
20612.00
20623.00
20623.00
20646.00
20622.00
20612.00
20601.00
20623.00
20608.00
20616.00
20600.00
20596.00
20612.00
20629.00
20618.00
20592.00
20625.00
20621.00
20599.00
20600.00
20580.00
20581.00
20586.00
20587.00
20590.00
20589.00
20623.00
20632.00
20647.00
20620.00
20628.00
20624.00
20605.00
20649.00
20631.00
20635.00
20633.00
20634.00
20646.00
20628.00
20615.00
20612.00
20643.00
20651.00
20629.00
20628.00
20656.00
20635.00
20664.00
20655.00
20618.00
20625.00
20655.00
20640.00
20653.00
20639.00
20612.00
20624.00
20618.00
20602.00
20639.00
20624.00
20629.00
20641.00
20614.00
20628.00
20591.00
20601.00
20610.00
20630.00
20616.00
20612.00
20634.00
20623.00
20625.00
20623.00
20609.00
20613.00
20616.00
20620.00
20594.00
20577.00
20615.00
20609.00
20605.00
20610.00
20588.00
20620.00
20648.00
20633.00
20642.00
20644.00
20622.00
20610.00
20616.00
20626.00
20645.00
20613.00
20625.00
20613.00
20611.00
20605.00
20608.00
20630.00
20623.00
20621.00
20617.00
20621.00
20619.00
20633.00
20602.00
20610.00
20608.00
20631.00
20640.00
20642.00
20610.00
20614.00
20619.00
20609.00
20630.00
20602.00
20599.00
20626.00
20627.00
20615.00
20606.00
20608.00
20631.00
20627.00
20631.00
20627.00
20628.00
20639.00
20644.00
20625.00
20625.00
20610.00
20602.00
20636.00
20612.00
20598.00
20593.00
20600.00
20607.00
20623.00
20612.00
20580.00
20591.00
20628.00
20596.00
20600.00
20580.00
20598.00
20610.00
20608.00
20597.00
20601.00
20588.00
20611.00
20611.00
20594.00
20565.00
20598.00
20611.00
20603.00
20602.00
20621.00
20606.00
20627.00
20608.00
20606.00
20599.00
20587.00
20599.00
20617.00
20621.00
20608.00
20622.00
20614.00
20630.00
20624.00
20601.00
20585.00
20605.00
20610.00
20626.00
20625.00
20610.00
20639.00
20665.00
20602.00
20607.00
20610.00
20620.00
20646.00
20640.00
20623.00
20633.00
20655.00
20635.00
20635.00
20597.00
20617.00
20620.00
20645.00
20626.00
20615.00
20595.00
20624.00
20637.00
20647.00
20637.00
20596.00
20626.00
20634.00
20632.00
20604.00
20590.00
20604.00
20629.00
20632.00
20625.00
20599.00
20605.00
20605.00
20599.00
20602.00
20593.00
20624.00
20653.00
20633.00
20633.00
20621.00
20610.00
20630.00
20624.00
20626.00
20609.00
20622.00
20623.00
20635.00
20604.00
20587.00
20592.00
20608.00
20635.00
20632.00
20618.00
20599.00
20589.00
20603.00
20588.00
20604.00
20586.00
20619.00
20589.00
20606.00
20571.00
20587.00
20574.00
20590.00
20608.00
20588.00
20597.00
20618.00
20622.00
20598.00
20601.00
20596.00
20607.00
20632.00
20613.00
20623.00
20603.00
20606.00
20616.00
20620.00
20602.00
20586.00
20611.00
20608.00
20618.00
20607.00
20629.00
20646.00
20633.00
20657.00
20625.00
20624.00
20620.00
20636.00
20634.00
20622.00
20620.00
20608.00
20624.00
20647.00
20633.00
20627.00
20638.00
20641.00
20645.00
20649.00
20632.00
20638.00
20630.00
20641.00
20657.00
20642.00
20647.00
20657.00
20656.00
20662.00
20642.00
20644.00
20636.00
20656.00
20644.00
20621.00
20624.00
20648.00
20660.00
20639.00
20634.00
20623.00
20632.00
20636.00
20657.00
20609.00
20642.00
20643.00
20652.00
20627.00
20640.00
20609.00
20620.00
20635.00
20612.00
20605.00
20602.00
20652.00
20632.00
20645.00
20643.00
20635.00
20645.00
20657.00
20638.00
20608.00
20627.00
20631.00
20624.00
20613.00
20629.00
20644.00
20633.00
20651.00
20629.00
20608.00
20611.00
20613.00
20619.00
20633.00
20620.00
20624.00
20611.00
20640.00
20624.00
20614.00
20598.00
20612.00
20633.00
20632.00
20630.00
20634.00
20648.00
20645.00
20628.00
20589.00
20589.00
20618.00
20629.00
20650.00
20625.00
20633.00
20624.00
20649.00
20650.00
20653.00
20636.00
20646.00
20681.00
20726.00
20730.00
20766.00
20781.00
20827.00
20872.00
20888.00
20890.00
20904.00
20915.00
20943.00
20945.00
20936.00
20960.00
20960.00
20993.00
20975.00
20999.00
20986.00
21013.00
21029.00
21011.00
20997.00
21023.00
21026.00
21058.00
21043.00
21054.00
21040.00
21050.00
21047.00
21054.00
21042.00
21057.00
21069.00
21064.00
21053.00
21051.00
21055.00
21071.00
21067.00
21070.00
21068.00
21059.00
21071.00
21077.00
21054.00
21032.00
21053.00
21078.00
21090.00
21079.00
21054.00
21047.00
21045.00
21065.00
21073.00
21066.00
21038.00
21050.00
21059.00
21062.00
21052.00
21017.00
21040.00
21061.00
21100.00
21087.00
21081.00
21096.00
21102.00
21100.00
21094.00
21082.00
21080.00
21096.00
21095.00
21073.00
21085.00
21079.00
21076.00
21090.00
21094.00
21084.00
21084.00
21084.00
21102.00
21092.00
21091.00
21083.00
21108.00
21112.00
21130.00
21104.00
21090.00
21099.00
21134.00
21112.00
21116.00
21106.00
21125.00
21148.00
21122.00
21097.00
21121.00
21108.00
21119.00
21131.00
21091.00
21107.00
21121.00
21146.00
21116.00
21126.00
21101.00
21137.00
21141.00
21126.00
21102.00
21112.00
21088.00
21126.00
21134.00
21151.00
21144.00
21171.00
21162.00
21155.00
21131.00
21117.00
21148.00
21153.00
21138.00
21119.00
21107.00
21131.00
21121.00
21138.00
21144.00
21129.00
21121.00
21143.00
21155.00
21156.00
21135.00
21127.00
21144.00
21166.00
21141.00
21098.00
21142.00
21151.00
21127.00
21130.00
21124.00
21140.00
21141.00
21126.00
21149.00
21123.00
21137.00
21143.00
21147.00
21138.00
21096.00
21144.00
21137.00
21151.00
21139.00
21134.00
21117.00
21163.00
21145.00
21118.00
21113.00
21129.00
21121.00
21135.00
21141.00
21125.00
21113.00
21134.00
21145.00
21111.00
21100.00
21105.00
21126.00
21127.00
21125.00
21100.00
21097.00
21130.00
21127.00
21121.00
21109.00
21115.00
21134.00
21128.00
21137.00
21123.00
21117.00
21125.00
21140.00
21114.00
21111.00
21118.00
21119.00
21123.00
21110.00
21108.00
21128.00
21124.00
21137.00
21123.00
21134.00
21122.00
21131.00
21136.00
21132.00
21090.00
21091.00
21118.00
21110.00
21109.00
21107.00
21104.00
21110.00
21112.00
21119.00
21094.00
21111.00
21128.00
21107.00
21153.00
21132.00
21104.00
21118.00
21127.00
21107.00
21137.00
21105.00
21132.00
21149.00
21155.00
21134.00
21120.00
21130.00
21141.00
21147.00
21118.00
21127.00
21150.00
21157.00
21170.00
21145.00
21115.00
21128.00
21144.00
21151.00
21150.00
21116.00
21129.00
21126.00
21138.00
21132.00
21117.00
21116.00
21138.00
21147.00
21135.00
21151.00
21133.00
21156.00
21149.00
21148.00
21140.00
21132.00
21142.00
21126.00
21112.00
21110.00
21102.00
21140.00
21123.00
21128.00
21141.00
21123.00
21131.00
21134.00
21128.00
21121.00
21114.00
21129.00
21129.00
21128.00
21119.00
21107.00
21135.00
21158.00
21171.00
21119.00
21122.00
21138.00
21138.00
21140.00
21113.00
21124.00
21129.00
21165.00
21145.00
21116.00
21110.00
21119.00
21133.00
21138.00
21122.00
21112.00
21125.00
21150.00
21145.00
21137.00
21124.00
21138.00
21122.00
21154.00
21137.00
21105.00
21111.00
21132.00
21112.00
21109.00
21118.00
21100.00
21140.00
21125.00
21122.00
21107.00
21118.00
21116.00
21132.00
21121.00
21095.00
21109.00
21126.00
21143.00
21125.00
21121.00
21104.00
21126.00
21125.00
21138.00
21118.00
21125.00
21146.00
21143.00
21172.00
21130.00
21121.00
21129.00
21143.00
21137.00
21107.00
21126.00
21123.00
21162.00
21142.00
21125.00
21127.00
21111.00
21152.00
21132.00
21107.00
21103.00
21127.00
21142.00
21144.00
21106.00
21134.00
21130.00
21153.00
21140.00
21126.00
21129.00
21133.00
21151.00
21125.00
21094.00
21125.00
21132.00
21149.00
21138.00
21131.00
21094.00
21102.00
21126.00
21132.00
21125.00
21143.00
21146.00
21154.00
21136.00
21139.00
21128.00
21092.00
21120.00
21135.00
21130.00
21108.00
21124.00
21133.00
21127.00
21138.00
21112.00
21124.00
21150.00
21121.00
21118.00
21148.00
21143.00
21190.00
21194.00
21165.00
21132.00
21133.00
21151.00
21150.00
21149.00
21122.00
21150.00
21155.00
21147.00
21166.00
21135.00
21129.00
21126.00
21135.00
21136.00
21142.00
21117.00
21154.00
21160.00
21157.00
21143.00
21129.00
21148.00
21151.00
21164.00
21143.00
21160.00
21157.00
21167.00
21129.00
21128.00
21156.00
21144.00
21169.00
21181.00
21151.00
21170.00
21159.00
21189.00
21160.00
21170.00
21168.00
21171.00
21184.00
21164.00
21145.00
21121.00
21140.00
21150.00
21185.00
21171.00
21160.00
21164.00
21173.00
21174.00
21137.00
21123.00
21156.00
21156.00
21171.00
21153.00
21149.00
21146.00
21165.00
21150.00
21148.00
21124.00
21119.00
21139.00
21154.00
21160.00
21149.00
21136.00
21163.00
21156.00
21168.00
21143.00
21162.00
21154.00
21158.00
21156.00
21152.00
21181.00
21191.00
21195.00
21195.00
21180.00
21183.00
21229.00
21212.00
21202.00
21219.00
21258.00
21273.00
21274.00
21250.00
21276.00
21228.00
21235.00
21237.00
21244.00
21257.00
21266.00
21284.00
21306.00
21299.00
21257.00
21277.00
21263.00
21274.00
21253.00
21258.00
21241.00
21257.00
21280.00
21278.00
21255.00
21282.00
21291.00
21303.00
21290.00
21287.00
21275.00
21269.00
21259.00
21242.00
21261.00
21279.00
21287.00
21310.00
21302.00
21286.00
21288.00
21284.00
21298.00
21272.00
21271.00
21273.00
21258.00
21285.00
21280.00
21283.00
21267.00
21264.00
21271.00
21280.00
21285.00
21289.00
21268.00
21300.00
21284.00
21268.00
21286.00
21277.00
21308.00
21281.00
21257.00
21260.00
21262.00
21288.00
21284.00
21262.00
21275.00
21262.00
21276.00
21287.00
21256.00
21264.00
21259.00
21248.00
21261.00
21262.00
21247.00
21260.00
21269.00
21262.00
21257.00
21263.00
21252.00
21279.00
21280.00
21265.00
21267.00
21258.00
21275.00
21307.00
21315.00
21246.00
21240.00
21257.00
21261.00
21271.00
21263.00
21230.00
21288.00
21274.00
21308.00
21271.00
21252.00
21251.00
21254.00
21273.00
21266.00
21258.00
21239.00
21268.00
21250.00
21232.00
21215.00
21245.00
21242.00
21244.00
21230.00
21246.00
21257.00
21279.00
21274.00
21271.00
21274.00
21281.00
21298.00
21305.00
21275.00
21259.00
21246.00
21268.00
21289.00
21258.00
21234.00
21265.00
21281.00
21288.00
21251.00
21236.00
21249.00
21260.00
21297.00
21267.00
21259.00
21264.00
21270.00
21291.00
21282.00
21230.00
21272.00
21259.00
21277.00
21256.00
21260.00
21254.00
21231.00
21253.00
21258.00
21266.00
21274.00
21267.00
21286.00
21283.00
21269.00
21273.00
21283.00
21289.00
21282.00
21244.00
21267.00
21275.00
21284.00
21270.00
21272.00
21245.00
21283.00
21292.00
21253.00
21234.00
21257.00
21237.00
21263.00
21259.00
21265.00
21249.00
21235.00
21253.00
21274.00
21238.00
21256.00
21287.00
21273.00
21268.00
21240.00
21237.00
21253.00
21267.00
21268.00
21252.00
21242.00
21253.00
21251.00
21276.00
21254.00
21224.00
21257.00
21269.00
21260.00
21259.00
21230.00
21262.00
21246.00
21268.00
21249.00
21252.00
21262.00
21270.00
21280.00
21274.00
21263.00
21231.00
21269.00
21283.00
21250.00
21258.00
21273.00
21267.00
21268.00
21254.00
21240.00
21250.00
21273.00
21286.00
21256.00
21255.00
21252.00
21257.00
21282.00
21278.00
21259.00
21267.00
21274.00
21276.00
21279.00
21246.00
21240.00
21266.00
21278.00
21293.00
21279.00
21272.00
21296.00
21285.00
21294.00
21275.00
21298.00
21298.00
21312.00
21327.00
21287.00
21297.00
21317.00
21315.00
21300.00
21277.00
21259.00
21281.00
21293.00
21279.00
21260.00
21257.00
21273.00
21280.00
21305.00
21257.00
21259.00
21262.00
21266.00
21282.00
21260.00
21278.00
21275.00
21296.00
21298.00
21290.00
21273.00
21275.00
21301.00
21291.00
21273.00
21268.00
21291.00
21274.00
21307.00
21273.00
21273.00
21271.00
21268.00
21311.00
21299.00
21265.00
21269.00
21292.00
21296.00
21288.00
21281.00
21266.00
21302.00
21305.00
21261.00
21280.00
21284.00
21248.00
21309.00
21299.00
21297.00
21291.00
21300.00
21314.00
21301.00
21288.00
21291.00
21290.00
21273.00
21290.00
21280.00
21269.00
21300.00
21312.00
21295.00
21279.00
21293.00
21294.00
21286.00
21287.00
21304.00
21275.00
21292.00
21304.00
21297.00
21283.00
21276.00
21289.00
21283.00
21286.00
21300.00
21304.00
21305.00
21329.00
21316.00
21282.00
21275.00
21335.00
21329.00
21327.00
21307.00
21305.00
21324.00
21302.00
21338.00
21320.00
21313.00
21320.00
21324.00
21329.00
21328.00
21298.00
21321.00
21315.00
21329.00
21310.00
21333.00
21338.00
21360.00
21343.00
21346.00
21322.00
21335.00
21343.00
21354.00
21330.00
21328.00
21314.00
21331.00
21338.00
21337.00
21318.00
21318.00
21302.00
21312.00
21317.00
21353.00
21332.00
21334.00
21353.00
21359.00
21307.00
21309.00
21314.00
21355.00
21323.00
21314.00
21316.00
21333.00
21350.00
21331.00
21319.00
21305.00
21297.00
21322.00
21316.00
21297.00
21303.00
21328.00
21344.00
21349.00
21354.00
21342.00
21309.00
21344.00
21316.00
21324.00
21342.00
21350.00
21362.00
21381.00
21340.00
21328.00
21315.00
21354.00
21330.00
