43078.00
43113.00
43142.00
43112.00
43050.00
43048.00
43097.00
43138.00
43110.00
43072.00
43067.00
43100.00
43140.00
43115.00
43062.00
43056.00
43095.00
43145.00
43107.00
43054.00
43030.00
43085.00
43138.00
43110.00
43068.00
43057.00
43090.00
43152.00
43122.00
43080.00
43071.00
43092.00
43141.00
43118.00
43056.00
43047.00
43089.00
43150.00
43124.00
43066.00
43045.00
43078.00
43130.00
43116.00
43059.00
43049.00
43078.00
43134.00
43127.00
43076.00
43064.00
43085.00
43122.00
43124.00
43084.00
43052.00
43062.00
43122.00
43127.00
43097.00
43068.00
43083.00
43135.00
43136.00
43094.00
43053.00
43063.00
43130.00
43143.00
43081.00
43052.00
43080.00
43140.00
43145.00
43103.00
43056.00
43092.00
43118.00
43133.00
43083.00
43051.00
43051.00
43128.00
43143.00
43121.00
43070.00
43084.00
43108.00
43158.00
43117.00
43066.00
43078.00
43124.00
43146.00
43117.00
43079.00
43078.00
43127.00
43148.00
43129.00
43076.00
43068.00
43116.00
43153.00
43131.00
43080.00
43065.00
43114.00
43165.00
43131.00
43074.00
43065.00
43100.00
43159.00
43117.00
43075.00
43047.00
43091.00
43143.00
43131.00
43100.00
43069.00
43093.00
43149.00
43130.00
43075.00
43076.00
43086.00
43153.00
43133.00
43084.00
43070.00
43105.00
43167.00
43131.00
43083.00
43060.00
43073.00
43135.00
43145.00
43089.00
43062.00
43086.00
43126.00
43140.00
43076.00
43042.00
43080.00
43134.00
43139.00
43102.00
43069.00
43073.00
43108.00
43147.00
43103.00
43073.00
43071.00
43133.00
43138.00
43116.00
43065.00
43090.00
43130.00
43155.00
43118.00
43057.00
43071.00
43127.00
43126.00
43106.00
43059.00
43061.00
43099.00
43150.00
43118.00
43063.00
43079.00
43118.00
43154.00
43134.00
43066.00
43088.00
43115.00
43155.00
43132.00
43082.00
43073.00
43125.00
43166.00
43139.00
43075.00
43069.00
43125.00
43160.00
43144.00
43077.00
43060.00
43107.00
43167.00
43144.00
43077.00
43084.00
43088.00
43161.00
43145.00
43082.00
43059.00
43077.00
43133.00
43135.00
43083.00
43052.00
43080.00
43124.00
43121.00
43094.00
43046.00
43084.00
43137.00
43112.00
43071.00
43044.00
43082.00
43132.00
43129.00
43085.00
43052.00
43072.00
43120.00
43129.00
43075.00
43028.00
43064.00
43126.00
43138.00
43100.00
43046.00
43076.00
43125.00
43134.00
43100.00
43047.00
43064.00
43107.00
43136.00
43105.00
43061.00
43070.00
43107.00
43133.00
43119.00
43074.00
43059.00
43103.00
43139.00
43109.00
43053.00
43050.00
43096.00
43135.00
43105.00
43052.00
43049.00
43093.00
43135.00
43094.00
43072.00
43048.00
43070.00
43134.00
43102.00
43051.00
43052.00
43086.00
43152.00
43114.00
43070.00
43054.00
43080.00
43143.00
43113.00
43080.00
43051.00
43080.00
43149.00
43125.00
43073.00
43062.00
43080.00
43136.00
43123.00
43065.00
43057.00
43060.00
43136.00
43118.00
43087.00
43052.00
43080.00
43129.00
43133.00
43087.00
43046.00
43066.00
43124.00
43119.00
43087.00
43045.00
43060.00
43103.00
43124.00
43088.00
43046.00
43062.00
43125.00
43147.00
43097.00
43065.00
43077.00
43109.00
43130.00
43106.00
43047.00
43067.00
43122.00
43146.00
43110.00
43058.00
43061.00
43100.00
43136.00
43103.00
43041.00
43045.00
43097.00
43134.00
43121.00
43043.00
43056.00
43097.00
43129.00
43099.00
43050.00
43032.00
43093.00
43130.00
43110.00
43071.00
43055.00
43094.00
43139.00
43115.00
43065.00
43037.00
43065.00
43127.00
43121.00
43077.00
43048.00
43076.00
43130.00
43109.00
43064.00
43040.00
43067.00
43122.00
43117.00
43079.00
43040.00
43087.00
43136.00
43134.00
43088.00
43044.00
43059.00
43114.00
43123.00
43091.00
43053.00
43069.00
43116.00
43130.00
43103.00
43045.00
43056.00
43118.00
43127.00
43088.00
43055.00
43059.00
43117.00
43122.00
43085.00
43037.00
43051.00
43097.00
43114.00
43092.00
43034.00
43038.00
43095.00
43114.00
43107.00
43028.00
43041.00
43117.00
43126.00
43103.00
43048.00
43049.00
43092.00
43129.00
43106.00
43072.00
43072.00
43101.00
43143.00
43119.00
43054.00
43040.00
43061.00
43124.00
43116.00
43054.00
43033.00
43077.00
43120.00
43120.00
43068.00
43037.00
43071.00
43139.00
43128.00
43069.00
43043.00
43081.00
43127.00
43101.00
43059.00
43042.00
43067.00
43128.00
43111.00
43082.00
43015.00
43068.00
43108.00
43116.00
43081.00
43043.00
43063.00
43121.00
43149.00
43098.00
43046.00
43075.00
43119.00
43128.00
43090.00
43047.00
43056.00
43106.00
43130.00
43099.00
43042.00
43036.00
43096.00
43136.00
43073.00
43038.00
43055.00
43089.00
43119.00
43098.00
43045.00
43019.00
43091.00
43109.00
43110.00
43021.00
43039.00
43084.00
43122.00
43099.00
43037.00
43030.00
43072.00
43131.00
43128.00
43041.00
43037.00
43084.00
43130.00
43112.00
43048.00
43048.00
43065.00
43128.00
43126.00
43069.00
43043.00
43066.00
43115.00
43102.00
43075.00
43026.00
43055.00
43130.00
43123.00
43063.00
43024.00
43060.00
43112.00
43115.00
43076.00
43034.00
43046.00
43100.00
43107.00
43076.00
43031.00
43036.00
43112.00
43124.00
43091.00
43047.00
43056.00
43096.00
43126.00
43084.00
43048.00
43068.00
43102.00
43118.00
43079.00
43045.00
43057.00
43101.00
43134.00
43105.00
43061.00
43048.00
43084.00
43135.00
43098.00
43063.00
43060.00
43105.00
43137.00
43114.00
43061.00
43057.00
43086.00
43130.00
43114.00
43060.00
43047.00
43078.00
43128.00
43092.00
43054.00
43034.00
43073.00
43118.00
43113.00
43057.00
43046.00
43081.00
43131.00
43133.00
43062.00
43042.00
43067.00
43128.00
43120.00
43054.00
43023.00
43050.00
43111.00
43114.00
43062.00
43060.00
43066.00
43128.00
43122.00
43065.00
43035.00
43050.00
43123.00
43107.00
43085.00
43047.00
43039.00
43090.00
43130.00
43090.00
43045.00
43054.00
43092.00
43125.00
43080.00
43029.00
43041.00
43104.00
43146.00
43114.00
43050.00
43052.00
43095.00
43140.00
43092.00
43068.00
43055.00
43105.00
43144.00
43107.00
43063.00
43051.00
43101.00
43110.00
43103.00
43056.00
43027.00
43082.00
43121.00
43096.00
43054.00
43021.00
43073.00
43123.00
43092.00
43052.00
43047.00
43069.00
43128.00
43113.00
43064.00
43034.00
43051.00
43132.00
43106.00
43070.00
43014.00
43041.00
43108.00
43117.00
43065.00
43045.00
43058.00
43117.00
43126.00
43064.00
43030.00
43069.00
43110.00
43112.00
43074.00
43024.00
43066.00
43121.00
43123.00
43089.00
43040.00
43061.00
43124.00
43127.00
43085.00
43037.00
43035.00
43098.00
43120.00
43086.00
43026.00
43037.00
43075.00
43107.00
43075.00
43029.00
43025.00
43077.00
43118.00
43095.00
43032.00
43030.00
43065.00
43115.00
43094.00
43044.00
43018.00
43078.00
43104.00
43090.00
43020.00
43025.00
43050.00
43106.00
43077.00
43057.00
43019.00
43053.00
43118.00
43085.00
43046.00
43021.00
43063.00
43107.00
43088.00
43050.00
43021.00
43039.00
43107.00
43094.00
43066.00
43025.00
43053.00
43119.00
43102.00
43081.00
43044.00
43030.00
43105.00
43104.00
43074.00
43046.00
43048.00
43106.00
43124.00
43074.00
43043.00
43048.00
43092.00
43112.00
43077.00
43046.00
43054.00
43095.00
43119.00
43090.00
43023.00
43040.00
43084.00
43132.00
43085.00
43023.00
43026.00
43078.00
43126.00
43082.00
43030.00
43025.00
43064.00
43102.00
43101.00
43039.00
43019.00
43072.00
43126.00
43083.00
43049.00
43034.00
43079.00
43118.00
43090.00
43038.00
43004.00
43045.00
43117.00
43090.00
43034.00
43020.00
43049.00
43095.00
43095.00
43034.00
43026.00
43027.00
43099.00
43088.00
43053.00
43030.00
43050.00
43108.00
43096.00
43065.00
43037.00
43051.00
43092.00
43100.00
43060.00
43023.00
43055.00
43109.00
43123.00
43064.00
43029.00
43041.00
43088.00
43122.00
43070.00
43024.00
43027.00
43079.00
43114.00
43072.00
43015.00
43030.00
43075.00
43108.00
43079.00
43028.00
43022.00
43072.00
43107.00
43089.00
43038.00
43031.00
43053.00
43135.00
43079.00
43029.00
43009.00
43075.00
43120.00
43106.00
43056.00
43037.00
43065.00
43118.00
43094.00
43049.00
43018.00
43066.00
43112.00
43107.00
43061.00
43035.00
43052.00
43108.00
43097.00
43053.00
43031.00
43051.00
43105.00
43092.00
43048.00
43014.00
43057.00
43110.00
43110.00
43060.00
43029.00
43024.00
43092.00
43118.00
43084.00
43055.00
43043.00
43094.00
43119.00
43067.00
43043.00
43037.00
43092.00
43112.00
43073.00
43043.00
43050.00
43093.00
43113.00
43082.00
43054.00
43039.00
43082.00
43128.00
43099.00
43053.00
43045.00
43080.00
43126.00
43096.00
43059.00
43052.00
43075.00
43119.00
43097.00
43060.00
43038.00
43077.00
43111.00
43089.00
43042.00
43024.00
43046.00
43112.00
43092.00
43055.00
43027.00
43068.00
43125.00
43096.00
43046.00
43047.00
43053.00
43125.00
43120.00
43068.00
43040.00
43054.00
43105.00
43108.00
43057.00
43041.00
43061.00
43112.00
43119.00
43070.00
43022.00
43051.00
43097.00
43111.00
43085.00
43040.00
43045.00
43098.00
43118.00
43085.00
43040.00
43060.00
43111.00
43132.00
43094.00
43046.00
43064.00
43091.00
43126.00
43090.00
43047.00
43044.00
43084.00
43127.00
43088.00
43046.00
43043.00
43092.00
43127.00
43071.00
43036.00
43052.00
43083.00
43124.00
43102.00
43051.00
43043.00
43077.00
43129.00
43103.00
43047.00
43017.00
43067.00
43125.00
43100.00
43053.00
43039.00
43060.00
43116.00
43123.00
43070.00
43034.00
43058.00
43117.00
43111.00
43079.00
43042.00
43067.00
43119.00
43120.00
43068.00
43031.00
43049.00
43123.00
43114.00
43082.00
43044.00
43051.00
43104.00
43107.00
43090.00
43040.00
43057.00
43101.00
43128.00
43093.00
43025.00
43025.00
43084.00
43110.00
43061.00
43026.00
43028.00
43090.00
43111.00
43080.00
43045.00
43029.00
43085.00
43120.00
43085.00
43045.00
43024.00
43083.00
43126.00
43094.00
43046.00
43038.00
43070.00
43120.00
43099.00
43053.00
43029.00
43084.00
43128.00
43095.00
43046.00
43020.00
43066.00
43139.00
43113.00
43057.00
43028.00
43045.00
43119.00
43092.00
43043.00
43024.00
43039.00
43095.00
43092.00
43073.00
43030.00
43065.00
43111.00
43117.00
43058.00
43028.00
43051.00
43092.00
43104.00
43053.00
43006.00
43024.00
43087.00
43105.00
43050.00
43016.00
43047.00
43080.00
43104.00
43061.00
43021.00
43026.00
43071.00
43095.00
43059.00
43021.00
43018.00
43057.00
43093.00
43071.00
43020.00
43012.00
43054.00
43090.00
43069.00
43022.00
43020.00
43077.00
43105.00
43080.00
43031.00
43032.00
43075.00
43109.00
43093.00
43028.00
43036.00
43055.00
43122.00
43079.00
43032.00
43011.00
43035.00
43096.00
43081.00
43042.00
43023.00
43055.00
43092.00
43084.00
43038.00
43022.00
43056.00
43104.00
43079.00
43048.00
43011.00
43044.00
43076.00
43092.00
43053.00
43016.00
43040.00
43091.00
43107.00
43065.00
43022.00
43051.00
43088.00
43111.00
43084.00
43031.00
43037.00
43088.00
43095.00
43071.00
43038.00
43034.00
43079.00
43109.00
43093.00
43029.00
43033.00
43091.00
43109.00
43091.00
43039.00
43040.00
43075.00
43108.00
43086.00
43031.00
43031.00
43064.00
43129.00
43075.00
43036.00
43022.00
43061.00
43112.00
43100.00
43040.00
43010.00
43059.00
43113.00
43101.00
43056.00
43035.00
43065.00
43114.00
43100.00
43037.00
43023.00
43040.00
43115.00
43089.00
43056.00
43029.00
43052.00
43124.00
43086.00
43051.00
43038.00
43053.00
43100.00
43106.00
43054.00
43026.00
43038.00
43099.00
43108.00
43061.00
43010.00
43030.00
43096.00
43099.00
43068.00
43024.00
43043.00
43096.00
43105.00
43079.00
43022.00
43020.00
43101.00
43112.00
43079.00
43027.00
43029.00
43095.00
43119.00
43085.00
43038.00
43030.00
43075.00
43117.00
43089.00
43027.00
43017.00
43071.00
43093.00
43078.00
43024.00
43040.00
43078.00
43132.00
43088.00
43045.00
43019.00
43062.00
43119.00
43089.00
43043.00
43025.00
43052.00
43109.00
43084.00
43038.00
43026.00
43054.00
43100.00
43090.00
43042.00
43008.00
43049.00
43116.00
43102.00
43066.00
43005.00
43046.00
43090.00
43096.00
43039.00
43011.00
43038.00
43090.00
43096.00
43037.00
43009.00
43033.00
43084.00
43084.00
43046.00
42986.00
43028.00
43087.00
43113.00
43074.00
43017.00
43042.00
43085.00
43121.00
43073.00
43013.00
43028.00
43081.00
43108.00
43062.00
43021.00
43013.00
43081.00
43103.00
43071.00
43020.00
43040.00
43074.00
43116.00
43072.00
43044.00
43026.00
43071.00
43107.00
43097.00
43033.00
43030.00
43078.00
43103.00
43076.00
43031.00
43009.00
43050.00
43102.00
43102.00
43038.00
43019.00
43060.00
43102.00
43088.00
43025.00
43013.00
43045.00
43085.00
43072.00
43035.00
43010.00
43036.00
43093.00
43093.00
43048.00
43016.00
43025.00
43078.00
43087.00
43047.00
43023.00
43047.00
43096.00
43107.00
43053.00
43009.00
43031.00
43088.00
43107.00
43062.00
43027.00
43052.00
43087.00
43098.00
43056.00
43021.00
43050.00
43092.00
43113.00
43089.00
43048.00
43051.00
43132.00
43162.00
43146.00
43111.00
43114.00
43163.00
43204.00
43184.00
43166.00
43162.00
43250.00
43305.00
43292.00
43282.00
43308.00
43394.00
43452.00
43470.00
43488.00
43526.00
43580.00
43697.00
43725.00
43744.00
43808.00
43893.00
43998.00
44037.00
44070.00
44123.00
44246.00
44355.00
44420.00
44469.00
44529.00
44629.00
44762.00
44832.00
44856.00
44907.00
45010.00
45138.00
45207.00
45239.00
45272.00
45340.00
45454.00
45502.00
45513.00
45535.00
45586.00
45663.00
45688.00
45670.00
45653.00
45680.00
45766.00
45791.00
45755.00
45717.00
45727.00
45794.00
45806.00
45774.00
45735.00
45767.00
45799.00
45833.00
45793.00
45748.00
45750.00
45803.00
45833.00
45785.00
45745.00
45750.00
45793.00
45834.00
45813.00
45752.00
45770.00
45811.00
45853.00
45819.00
45785.00
45780.00
45818.00
45860.00
45838.00
45797.00
45802.00
45820.00
45870.00
45856.00
45813.00
45794.00
45835.00
45877.00
45857.00
45821.00
45818.00
45855.00
45896.00
45882.00
45821.00
45812.00
45847.00
45903.00
45887.00
45835.00
45811.00
45839.00
45897.00
45887.00
45847.00
45844.00
45841.00
45896.00
45890.00
45839.00
45816.00
45830.00
45898.00
45908.00
45862.00
45819.00
45839.00
45896.00
45886.00
45844.00
45838.00
45841.00
45885.00
45899.00
45863.00
45837.00
45842.00
45901.00
45903.00
45889.00
45845.00
45845.00
45893.00
45895.00
45860.00
45834.00
45839.00
45879.00
45913.00
45892.00
45832.00
45839.00
45890.00
45920.00
45881.00
45830.00
45850.00
45872.00
45906.00
45903.00
45852.00
45843.00
45884.00
45912.00
45896.00
45847.00
45845.00
45869.00
45933.00
45897.00
45852.00
45839.00
45891.00
45932.00
45913.00
45872.00
45847.00
45875.00
45925.00
45918.00
45874.00
45850.00
45887.00
45936.00
45913.00
45875.00
45858.00
45889.00
45926.00
45917.00
45875.00
45863.00
45882.00
45939.00
45925.00
45885.00
45839.00
45884.00
45929.00
45921.00
45891.00
45849.00
45883.00
45916.00
45933.00
45870.00
45845.00
45871.00
45930.00
45921.00
45903.00
45875.00
45878.00
45942.00
45943.00
45914.00
45858.00
45876.00
45924.00
45945.00
45914.00
45870.00
45869.00
45931.00
45942.00
45911.00
45874.00
45875.00
45923.00
45955.00
45920.00
45874.00
45873.00
45921.00
45938.00
45908.00
45860.00
45878.00
45902.00
45951.00
45926.00
45878.00
45882.00
45912.00
45963.00
45945.00
45872.00
45869.00
45910.00
45950.00
45932.00
45894.00
45877.00
45922.00
45958.00
45933.00
45888.00
45876.00
45902.00
45952.00
45943.00
45900.00
45875.00
45899.00
45938.00
45935.00
45888.00
45870.00
45896.00
45954.00
45955.00
45902.00
45874.00
45896.00
45951.00
45950.00
45897.00
45862.00
45880.00
45935.00
45949.00
45919.00
45881.00
45890.00
45941.00
45952.00
45893.00
45861.00
45860.00
45930.00
45926.00
45907.00
45870.00
45862.00
45926.00
45940.00
45909.00
45872.00
45881.00
45913.00
45939.00
45922.00
45859.00
45866.00
45925.00
45957.00
45918.00
45856.00
45872.00
45911.00
45960.00
45907.00
45882.00
45876.00
45911.00
45947.00
45911.00
45863.00
45859.00
45904.00
45929.00
45919.00
45870.00
45871.00
45905.00
45948.00
45923.00
45876.00
45871.00
45916.00
45959.00
45927.00
45874.00
45857.00
45909.00
45948.00
45935.00
45900.00
45869.00
45886.00
45935.00
45920.00
45873.00
45850.00
45880.00
45918.00
45904.00
45883.00
45843.00
45876.00
45940.00
45927.00
45890.00
45847.00
45874.00
45926.00
45934.00
45878.00
45851.00
45881.00
45924.00
45921.00
45883.00
45839.00
45860.00
45908.00
45907.00
45877.00
45827.00
45859.00
45894.00
45906.00
45867.00
45831.00
45837.00
45896.00
45903.00
45874.00
45825.00
45819.00
45885.00
45885.00
45847.00
45828.00
45826.00
45861.00
45898.00
45867.00
45825.00
45822.00
45870.00
45903.00
45874.00
45802.00
45815.00
45860.00
45890.00
45863.00
45803.00
45800.00
45849.00
45869.00
45848.00
45789.00
45797.00
45827.00
45848.00
45823.00
45770.00
45791.00
45807.00
45868.00
45834.00
45803.00
45780.00
45806.00
45863.00
45845.00
45809.00
45772.00
45803.00
45859.00
45852.00
45799.00
45780.00
45793.00
45857.00
45847.00
45811.00
45800.00
45813.00
45864.00
45849.00
45807.00
45792.00
45809.00
45848.00
45873.00
45824.00
45789.00
45827.00
45874.00
45857.00
45820.00
45792.00
45807.00
45885.00
45865.00
45840.00
45799.00
45814.00
45859.00
45883.00
45835.00
45798.00
45818.00
45874.00
45870.00
45848.00
45798.00
45817.00
45862.00
45873.00
45826.00
45807.00
45812.00
45862.00
45876.00
45848.00
45798.00
45812.00
45865.00
45879.00
45850.00
45808.00
45798.00
45860.00
45896.00
45862.00
45806.00
45818.00
45856.00
45900.00
45883.00
45835.00
45832.00
45875.00
45900.00
45880.00
45835.00
45839.00
45901.00
45956.00
45945.00
45945.00
45961.00
46043.00
46118.00
46133.00
46150.00
46180.00
46249.00
46335.00
46371.00
46377.00
46409.00
46508.00
46623.00
46678.00
46705.00
46744.00
46800.00
46901.00
46944.00
46952.00
46998.00
47079.00
47161.00
47189.00
47180.00
47194.00
47260.00
47350.00
47362.00
47356.00
47332.00
47391.00
47468.00
47462.00
47416.00
47398.00
47415.00
47486.00
47486.00
47438.00
47401.00
47416.00
47469.00
47463.00
47420.00
47384.00
47396.00
47462.00
47477.00
47436.00
47380.00
47400.00
47463.00
47469.00
47439.00
47392.00
47390.00
47460.00
47492.00
47433.00
47394.00
47412.00
47465.00
47478.00
47430.00
47385.00
47393.00
47449.00
47466.00
47424.00
47384.00
47373.00
47435.00
47468.00
47440.00
47394.00
47382.00
47450.00
47477.00
47456.00
47395.00
47401.00
47428.00
47477.00
47469.00
47417.00
47401.00
47445.00
47494.00
47463.00
47415.00
47405.00
47445.00
47492.00
47477.00
47416.00
47402.00
47441.00
47497.00
47473.00
47415.00
47412.00
47431.00
47493.00
47465.00
47433.00
47407.00
47420.00
47496.00
47483.00
47426.00
47410.00
47430.00
47493.00
47483.00
47435.00
47407.00
47438.00
47502.00
47481.00
47439.00
47412.00
47442.00
47492.00
47490.00
47436.00
47411.00
47426.00
47484.00
47478.00
47435.00
47403.00
47414.00
47471.00
47486.00
47447.00
47401.00
47425.00
47484.00
47496.00
47442.00
47412.00
47430.00
47479.00
47487.00
47451.00
47411.00
47425.00
47465.00
47491.00
47456.00
47420.00
47440.00
47483.00
47511.00
47479.00
47422.00
47450.00
47489.00
47506.00
47482.00
47446.00
47447.00
47488.00
47528.00
47492.00
47432.00
47435.00
47479.00
47523.00
47479.00
47430.00
47434.00
47498.00
47516.00
47485.00
47437.00
47432.00
47485.00
47527.00
47510.00
47453.00
47425.00
47514.00
47538.00
47524.00
47467.00
47458.00
47498.00
47546.00
47517.00
47487.00
47459.00
47513.00
47553.00
47536.00
47483.00
47462.00
47508.00
47555.00
47553.00
47481.00
47458.00
47505.00
47559.00
47538.00
47479.00
47463.00
47491.00
47552.00
47546.00
47494.00
47472.00
47490.00
47541.00
47546.00
47482.00
47457.00
47489.00
47547.00
47538.00
47498.00
47453.00
47475.00
47542.00
47543.00
47489.00
47452.00
47495.00
47538.00
47531.00
47498.00
47451.00
47485.00
47547.00
47542.00
47503.00
47464.00
47464.00
47539.00
47552.00
47512.00
47458.00
47487.00
47537.00
47568.00
47511.00
47474.00
47484.00
47527.00
47564.00
47527.00
47478.00
47485.00
47537.00
47553.00
47513.00
47479.00
47480.00
47535.00
47557.00
47535.00
47492.00
47484.00
47543.00
47566.00
47548.00
47486.00
47486.00
47529.00
47591.00
47544.00
47508.00
47493.00
47532.00
47577.00
47545.00
47506.00
47491.00
47523.00
47582.00
47544.00
47508.00
47487.00
47532.00
47568.00
47561.00
47497.00
47477.00
47531.00
47586.00
47556.00
47503.00
47483.00
47517.00
47577.00
47557.00
47503.00
47472.00
47518.00
47566.00
47539.00
47485.00
47474.00
47500.00
47571.00
47551.00
47487.00
47465.00
47496.00
47556.00
47528.00
47483.00
47446.00
47481.00
47548.00
47535.00
47473.00
47448.00
47478.00
47536.00
47544.00
47485.00
47434.00
47460.00
47528.00
47541.00
47485.00
47463.00
47474.00
47517.00
47518.00
47492.00
47439.00
47466.00
47518.00
47530.00
47485.00
47447.00
47454.00
47502.00
47517.00
47490.00
47451.00
47458.00
47525.00
47529.00
47500.00
47444.00
47453.00
47503.00
47531.00
47481.00
47442.00
47449.00
47508.00
47532.00
47495.00
47426.00
47451.00
47511.00
47530.00
47475.00
47449.00
47449.00
47496.00
47527.00
47502.00
47448.00
47459.00
47513.00
47546.00
47512.00
47452.00
47445.00
47499.00
47539.00
47515.00
47448.00
47455.00
47500.00
47546.00
47510.00
47455.00
47452.00
47499.00
47541.00
47517.00
47468.00
47445.00
47486.00
47538.00
47518.00
47467.00
47456.00
47495.00
47540.00
47525.00
47476.00
47447.00
47491.00
47533.00
47507.00
47464.00
47455.00
47493.00
47551.00
47534.00
47465.00
47451.00
47486.00
47532.00
47533.00
47475.00
47462.00
47493.00
47549.00
47536.00
47510.00
47458.00
47476.00
47567.00
47555.00
47501.00
47474.00
47486.00
47537.00
47555.00
47498.00
47469.00
47489.00
47536.00
47550.00
47510.00
47466.00
47467.00
47554.00
47551.00
47508.00
47463.00
47481.00
47549.00
47559.00
47501.00
47472.00
47487.00
47544.00
47556.00
47519.00
47470.00
47492.00
47547.00
47561.00
47511.00
47472.00
47478.00
47528.00
47567.00
47523.00
47481.00
47478.00
47541.00
47570.00
47520.00
47470.00
47476.00
47518.00
47547.00
47531.00
47474.00
47473.00
47522.00
47551.00
47525.00
47475.00
47473.00
47515.00
47557.00
47529.00
47485.00
47480.00
47524.00
47571.00
47544.00
47486.00
47484.00
47517.00
47568.00
47559.00
47484.00
47492.00
47525.00
47574.00
47548.00
47501.00
47477.00
47515.00
47570.00
47544.00
47499.00
47485.00
47536.00
47598.00
47584.00
47541.00
47537.00
47605.00
47699.00
47720.00
47705.00
47718.00
47802.00
47888.00
47936.00
47924.00
47955.00
48021.00
48136.00
48184.00
48161.00
48191.00
48257.00
48380.00
48419.00
48416.00
48416.00
48488.00
48583.00
48634.00
48599.00
48612.00
48649.00
48747.00
48789.00
48758.00
48750.00
48785.00
48874.00
48909.00
48872.00
48837.00
48863.00
48939.00
48947.00
48903.00
48868.00
48904.00
48976.00
49004.00
48956.00
48914.00
48941.00
49016.00
49030.00
48980.00
48938.00
48964.00
49009.00
49044.00
48992.00
48939.00
48944.00
49006.00
49029.00
48992.00
48933.00
48909.00
48990.00
49028.00
48978.00
48913.00
48914.00
48962.00
49007.00
48971.00
48901.00
48918.00
48959.00
49027.00
48965.00
48908.00
48917.00
48970.00
49019.00
48996.00
48933.00
48913.00
48954.00
49014.00
48988.00
48922.00
48917.00
48966.00
49010.00
48987.00
48924.00
48911.00
48950.00
49008.00
48990.00
48924.00
48912.00
48944.00
49022.00
48994.00
48935.00
48901.00
48942.00
49013.00
48986.00
48933.00
48911.00
48949.00
49013.00
48996.00
48931.00
48892.00
48929.00
48990.00
48972.00
48942.00
48899.00
48929.00
48976.00
48979.00
48930.00
48895.00
48908.00
48980.00
48972.00
48913.00
48871.00
48903.00
48972.00
48964.00
48929.00
48862.00
48886.00
48940.00
48956.00
48887.00
48846.00
48851.00
48900.00
48929.00
48867.00
48813.00
48836.00
48887.00
48913.00
48849.00
48794.00
48826.00
48879.00
48914.00
48880.00
48817.00
48818.00
48877.00
48906.00
48869.00
48815.00
48809.00
48888.00
48912.00
48877.00
48810.00
48822.00
48878.00
48910.00
48894.00
48816.00
48846.00
48872.00
48931.00
48900.00
48851.00
48831.00
48884.00
48927.00
48910.00
48833.00
48819.00
48871.00
48925.00
48902.00
48849.00
48833.00
48862.00
48940.00
48919.00
48838.00
48832.00
48872.00
48918.00
48905.00
48835.00
48823.00
48875.00
48932.00
48912.00
48860.00
48818.00
48862.00
48939.00
48925.00
48865.00
48835.00
48862.00
48951.00
48913.00
48864.00
48838.00
48869.00
48934.00
48913.00
48866.00
48831.00
48885.00
48913.00
48919.00
48862.00
48829.00
48840.00
48914.00
48916.00
48853.00
48821.00
48818.00
48908.00
48920.00
48858.00
48819.00
48848.00
48907.00
48907.00
48872.00
48819.00
48838.00
48904.00
48919.00
48876.00
48813.00
48822.00
48894.00
48912.00
48874.00
48830.00
48833.00
48892.00
48914.00
48899.00
48827.00
48822.00
48900.00
48941.00
48888.00
48835.00
48814.00
48890.00
48928.00
48891.00
48845.00
48843.00
48879.00
48930.00
48904.00
48855.00
48840.00
48905.00
48933.00
48901.00
48834.00
48829.00
48880.00
48928.00
48905.00
48836.00
48828.00
48872.00
48923.00
48917.00
48837.00
48842.00
48859.00
48921.00
48905.00
48858.00
48823.00
48872.00
48934.00
48904.00
48848.00
48817.00
48856.00
48906.00
48911.00
48850.00
48821.00
48852.00
48915.00
48912.00
48855.00
48826.00
48842.00
48918.00
48922.00
48868.00
48813.00
48840.00
48921.00
48922.00
48861.00
48820.00
48844.00
48898.00
48915.00
48863.00
48809.00
48841.00
48895.00
48926.00
48873.00
48828.00
48834.00
48883.00
48921.00
48869.00
48812.00
48831.00
48877.00
48902.00
48874.00
48815.00
48811.00
48870.00
48903.00
48853.00
48813.00
48798.00
48859.00
48912.00
48862.00
48825.00
48811.00
48857.00
48903.00
48864.00
48814.00
48804.00
48861.00
48913.00
48864.00
48821.00
48796.00
48864.00
48920.00
48891.00
48825.00
48814.00
48840.00
48915.00
48880.00
48817.00
48804.00
48844.00
48916.00
48886.00
48832.00
48806.00
48849.00
48907.00
48888.00
48838.00
48810.00
48836.00
48920.00
48899.00
48856.00
48808.00
48831.00
48920.00
48916.00
48876.00
48816.00
48841.00
48920.00
48922.00
48890.00
48835.00
48840.00
48911.00
48912.00
48866.00
48813.00
48837.00
48904.00
48914.00
48871.00
48820.00
48846.00
48892.00
48927.00
48877.00
48828.00
48837.00
48885.00
48905.00
48871.00
48823.00
48823.00
48880.00
48922.00
48886.00
48820.00
48841.00
48894.00
48916.00
48884.00
48847.00
48819.00
48884.00
48931.00
48905.00
48827.00
48813.00
48864.00
48895.00
48880.00
48815.00
48806.00
48858.00
48916.00
48882.00
48841.00
48802.00
48861.00
48905.00
48877.00
48834.00
48812.00
48853.00
48922.00
48898.00
48842.00
48824.00
48864.00
48912.00
48917.00
48856.00
48825.00
48858.00
48922.00
48906.00
48865.00
48811.00
48835.00
48888.00
48908.00
48881.00
48815.00
48846.00
48915.00
48907.00
48863.00
48804.00
48838.00
48894.00
48904.00
48867.00
48802.00
48817.00
48873.00
48903.00
48852.00
48800.00
48829.00
48879.00
48903.00
48865.00
48800.00
48814.00
48868.00
48906.00
48847.00
48810.00
48799.00
48855.00
48884.00
48843.00
48787.00
48788.00
48854.00
48889.00
48873.00
48812.00
48842.00
48912.00
49000.00
49021.00
49015.00
49067.00
49124.00
49250.00
49261.00
49250.00
49302.00
49407.00
49514.00
49510.00
49444.00
49441.00
49492.00
49569.00
49557.00
49523.00
49519.00
49530.00
49605.00
49601.00
49547.00
49510.00
49528.00
49593.00
49606.00
49562.00
49498.00
49535.00
49567.00
49576.00
49531.00
49481.00
49502.00
49561.00
49565.00
49515.00
49472.00
49491.00
49546.00
49560.00
49523.00
49489.00
49494.00
49570.00
49589.00
49562.00
49482.00
49522.00
49572.00
49613.00
49577.00
49503.00
49491.00
49559.00
49622.00
49560.00
49505.00
49494.00
49558.00
49594.00
49556.00
49492.00
49473.00
49544.00
49584.00
49550.00
49492.00
49482.00
49527.00
49582.00
49558.00
49484.00
49480.00
49532.00
49589.00
49564.00
49501.00
49498.00
49525.00
49591.00
49568.00
49511.00
49496.00
49539.00
49594.00
49554.00
49508.00
49490.00
49520.00
49579.00
49562.00
49500.00
49458.00
49489.00
49548.00
49539.00
49501.00
49438.00
49463.00
49533.00
49531.00
49475.00
49427.00
49448.00
49513.00
49514.00
49463.00
49401.00
49428.00
49491.00
49514.00
49462.00
49397.00
49417.00
49479.00
49511.00
49460.00
49395.00
49402.00
49452.00
49489.00
49427.00
49381.00
49380.00
49428.00
49464.00
49436.00
49359.00
49369.00
49409.00
49470.00
49421.00
49369.00
49341.00
49398.00
49450.00
49424.00
49354.00
49330.00
49382.00
49425.00
49417.00
49354.00
49339.00
49389.00
49451.00
49420.00
49348.00
49335.00
49374.00
49432.00
49409.00
49359.00
49303.00
49357.00
49420.00
49420.00
49349.00
49313.00
49327.00
49400.00
49394.00
49353.00
49286.00
49311.00
49395.00
49374.00
49333.00
49293.00
49311.00
49364.00
49378.00
49333.00
49287.00
49297.00
49353.00
49386.00
49328.00
49279.00
49281.00
49358.00
49365.00
49324.00
49276.00
49272.00
49324.00
49368.00
49319.00
49266.00
49267.00
49315.00
49354.00
49322.00
49264.00
49257.00
49314.00
49364.00
49329.00
49268.00
49259.00
49329.00
49357.00
49338.00
49277.00
49265.00
49303.00
49356.00
49340.00
49287.00
49259.00
49311.00
49375.00
49348.00
49285.00
49246.00
49294.00
49366.00
49347.00
49297.00
49248.00
49287.00
49357.00
49340.00
49295.00
49256.00
49287.00
49356.00
49349.00
49286.00
49265.00
49273.00
49348.00
49350.00
49305.00
49263.00
49274.00
49333.00
49356.00
49297.00
49248.00
49269.00
49339.00
49339.00
49317.00
49257.00
49256.00
49328.00
49357.00
49312.00
49262.00
49280.00
49330.00
49367.00
49331.00
49278.00
49271.00
49333.00
49363.00
49334.00
49284.00
49295.00
49363.00
49414.00
49408.00
49349.00
49350.00
49394.00
49458.00
49441.00
49364.00
49360.00
49411.00
49462.00
49443.00
49390.00
49360.00
49401.00
49469.00
49450.00
49386.00
49350.00
49389.00
49458.00
49453.00
49404.00
49350.00
49394.00
49457.00
49453.00
49420.00
49348.00
49383.00
49450.00
49461.00
49422.00
49364.00
49377.00
49447.00
49450.00
49415.00
49362.00
49371.00
49446.00
49444.00
49414.00
49348.00
49367.00
49426.00
49447.00
49401.00
49330.00
49348.00
49411.00
49429.00
49400.00
49337.00
49341.00
49415.00
49434.00
49405.00
49350.00
49342.00
49407.00
49443.00
49401.00
49343.00
49337.00
49402.00
49430.00
49413.00
49336.00
49334.00
49380.00
49435.00
49402.00
49352.00
49331.00
49374.00
49432.00
49417.00
49350.00
49317.00
49350.00
49428.00
49423.00
49355.00
49335.00
49366.00
49429.00
49423.00
49359.00
49344.00
49377.00
49420.00
49424.00
49373.00
49338.00
49351.00
49416.00
49425.00
49376.00
49339.00
49349.00
49406.00
49428.00
49387.00
49332.00
49366.00
49430.00
49439.00
49390.00
49348.00
49348.00
49408.00
49430.00
49393.00
49343.00
49333.00
49401.00
49431.00
49400.00
49329.00
49344.00
49390.00
49447.00
49407.00
49347.00
49345.00
49401.00
49456.00
49415.00
49361.00
49344.00
49399.00
49452.00
49414.00
49360.00
49339.00
49389.00
49439.00
49416.00
49348.00
49321.00
49372.00
49432.00
49406.00
49342.00
49311.00
49364.00
49428.00
49421.00
49358.00
49321.00
49352.00
49427.00
49420.00
49366.00
49322.00
49349.00
49423.00
49428.00
49372.00
49338.00
49350.00
49421.00
49442.00
49382.00
49352.00
49356.00
49436.00
49443.00
49413.00
49358.00
49369.00
49436.00
49456.00
49420.00
49355.00
49373.00
49416.00
49439.00
49402.00
49318.00
49348.00
49402.00
49428.00
49386.00
49319.00
49346.00
49392.00
49435.00
49390.00
49353.00
49331.00
49385.00
49428.00
49398.00
49349.00
49336.00
49382.00
49444.00
49425.00
49358.00
49353.00
49394.00
49468.00
49455.00
49402.00
49375.00
49419.00
49486.00
49468.00
49392.00
49370.00
49400.00
49468.00
49460.00
49401.00
49362.00
49393.00
49449.00
49432.00
49363.00
49308.00
49327.00
49372.00
49329.00
49236.00
49129.00
49089.00
49077.00
49018.00
48912.00
48818.00
48780.00
48781.00
48694.00
48537.00
48412.00
48344.00
48334.00
48273.00
48140.00
48017.00
47938.00
47930.00
47877.00
47797.00
47703.00
47658.00
47682.00
47698.00
47648.00
47577.00
47557.00
47607.00
47618.00
47556.00
47497.00
47484.00
47512.00
47540.00
47514.00
47450.00
47425.00
47466.00
47498.00
47471.00
47406.00
47369.00
47417.00
47466.00
47424.00
47376.00
47351.00
47370.00
47429.00
47398.00
47347.00
47313.00
47347.00
47414.00
47398.00
47353.00
47317.00
47349.00
47401.00
47383.00
47354.00
47311.00
47351.00
47392.00
47396.00
47347.00
47335.00
47343.00
47410.00
47406.00
47360.00
47323.00
47323.00
47408.00
47418.00
47353.00
47333.00
47350.00
47406.00
47421.00
47395.00
47345.00
47355.00
47433.00
47433.00
47414.00
47355.00
47387.00
47451.00
47473.00
47453.00
47391.00
47388.00
47443.00
47486.00
47458.00
47414.00
47403.00
47458.00
47481.00
47443.00
47410.00
47390.00
47438.00
47470.00
47447.00
47391.00
47379.00
47417.00
47477.00
47451.00
47398.00
47369.00
47411.00
47459.00
47445.00
47408.00
47368.00
47405.00
47454.00
47433.00
47395.00
47357.00
47396.00
47460.00
47434.00
47382.00
47355.00
47385.00
47450.00
47444.00
47381.00
47364.00
47384.00
47442.00
47450.00
47398.00
47355.00
47385.00
47465.00
47442.00
47399.00
47365.00
47380.00
47433.00
47445.00
47398.00
47354.00
47375.00
47411.00
47434.00
47380.00
47335.00
47364.00
47415.00
47442.00
47401.00
47339.00
47349.00
47398.00
47445.00
47412.00
47351.00
47356.00
47392.00
47430.00
47402.00
47335.00
47336.00
47378.00
47429.00
47386.00
47323.00
47325.00
47384.00
47428.00
47393.00
47334.00
47325.00
47369.00
47421.00
47390.00
47354.00
47335.00
47366.00
47418.00
47402.00
47345.00
47339.00
47363.00
47416.00
47401.00
47329.00
47324.00
47366.00
47420.00
47407.00
47350.00
47328.00
47365.00
47434.00
47430.00
47370.00
47339.00
47358.00
47428.00
47422.00
47361.00
47332.00
47356.00
47422.00
47421.00
47379.00
47343.00
47360.00
47420.00
47450.00
47381.00
47351.00
47370.00
47425.00
47443.00
47403.00
47337.00
47356.00
47423.00
47430.00
47380.00
47337.00
47346.00
47409.00
47435.00
47398.00
47339.00
47347.00
47402.00
47441.00
47394.00
47336.00
47354.00
47394.00
47434.00
47399.00
47363.00
47347.00
47397.00
47435.00
47398.00
47361.00
47343.00
47394.00
47435.00
47424.00
47357.00
47350.00
47383.00
47438.00
47418.00
47348.00
47334.00
47402.00
47429.00
47399.00
47356.00
47332.00
47379.00
47436.00
47411.00
47360.00
47341.00
47368.00
47430.00
47411.00
47365.00
47326.00
47389.00
47443.00
47421.00
47373.00
47342.00
47364.00
47434.00
47427.00
47378.00
47342.00
47350.00
47416.00
47430.00
47389.00
47349.00
47360.00
47421.00
47422.00
47399.00
47353.00
47360.00
47429.00
47439.00
47401.00
47349.00
47365.00
47431.00
47442.00
47410.00
47354.00
47354.00
47417.00
47459.00
47412.00
47358.00
47362.00
47419.00
47442.00
47384.00
47351.00
47344.00
47410.00
47440.00
47410.00
47341.00
47343.00
47393.00
47434.00
47404.00
47347.00
47340.00
47379.00
47433.00
47416.00
47353.00
47336.00
47379.00
47426.00
47411.00
47348.00
47333.00
47357.00
47420.00
47411.00
47354.00
47325.00
47377.00
47419.00
47420.00
47355.00
47332.00
47369.00
47421.00
47421.00
47362.00
47335.00
47365.00
47424.00
47415.00
47375.00
47329.00
47359.00
47436.00
47417.00
47365.00
47343.00
47346.00
47404.00
47402.00
47370.00
47346.00
47361.00
47401.00
47412.00
47380.00
47330.00
47348.00
47415.00
47424.00
47389.00
47337.00
47354.00
47406.00
47436.00
47401.00
47354.00
47350.00
47425.00
47429.00
47400.00
47340.00
47359.00
47396.00
47433.00
47401.00
47344.00
47341.00
47408.00
47425.00
47402.00
47345.00
47341.00
47393.00
47440.00
47403.00
47344.00
47337.00
47391.00
47435.00
47417.00
47360.00
47331.00
47366.00
47431.00
47410.00
47370.00
47344.00
47387.00
47442.00
47421.00
47371.00
47343.00
47380.00
47446.00
47438.00
47367.00
47351.00
47379.00
47431.00
47424.00
47375.00
47358.00
47381.00
47432.00
47427.00
47364.00
47329.00
47363.00
47431.00
47431.00
47378.00
47335.00
47354.00
47423.00
47426.00
47369.00
47324.00
47347.00
47425.00
47422.00
47376.00
47331.00
47345.00
47409.00
47421.00
47380.00
47338.00
47338.00
47398.00
47425.00
47375.00
47338.00
47330.00
47395.00
47435.00
47383.00
47334.00
47341.00
47408.00
47443.00
47399.00
47339.00
47333.00
47382.00
47427.00
47401.00
47338.00
47330.00
47381.00
47436.00
47414.00
47345.00
47337.00
47387.00
47428.00
47400.00
47334.00
47323.00
47385.00
47430.00
47399.00
47351.00
47328.00
47361.00
47409.00
47381.00
47318.00
47289.00
47304.00
47337.00
47297.00
47210.00
47141.00
47139.00
47140.00
47064.00
46933.00
46807.00
46760.00
46717.00
46607.00
46441.00
46325.00
46254.00
46238.00
46159.00
46037.00
45935.00
45901.00
45904.00
45839.00
45719.00
45628.00
45599.00
45586.00
45530.00
45428.00
45316.00
45266.00
45257.00
45242.00
45164.00
45072.00
45054.00
45080.00
45104.00
45060.00
45001.00
44993.00
45022.00
45054.00
45019.00
44976.00
44978.00
45025.00
45048.00
45016.00
44976.00
44989.00
45023.00
45065.00
45034.00
44987.00
44984.00
45019.00
45055.00
45043.00
44985.00
44982.00
45015.00
45064.00
45031.00
44975.00
44975.00
45005.00
45049.00
45034.00
44985.00
44959.00
44989.00
45043.00
45021.00
44970.00
44954.00
44991.00
45029.00
45027.00
44979.00
44950.00
44991.00
45022.00
45042.00
44976.00
44961.00
44994.00
45029.00
45032.00
45002.00
44962.00
44980.00
45040.00
45044.00
45007.00
44961.00
44987.00
45038.00
45054.00
45008.00
44973.00
44981.00
45046.00
45053.00
45007.00
44975.00
44994.00
45050.00
45067.00
45032.00
45001.00
44996.00
45051.00
45063.00
45037.00
44981.00
45005.00
45037.00
45064.00
45046.00
44975.00
44990.00
45026.00
45058.00
45026.00
44976.00
44992.00
45037.00
45051.00
45036.00
44973.00
44972.00
45010.00
45052.00
45034.00
44966.00
44976.00
45017.00
45070.00
45036.00
44988.00
44977.00
45015.00
45049.00
45029.00
44996.00
44982.00
45010.00
45043.00
45040.00
44984.00
44962.00
45013.00
45055.00
45031.00
44974.00
44963.00
44994.00
45046.00
45036.00
44989.00
44967.00
44989.00
45031.00
45044.00
45004.00
44961.00
44995.00
45018.00
45028.00
44993.00
44966.00
44992.00
45044.00
45049.00
45004.00
44970.00
44993.00
45028.00
45056.00
45021.00
44961.00
44976.00
45029.00
45034.00
45013.00
44989.00
44976.00
45032.00
45048.00
45011.00
44968.00
44973.00
45008.00
45038.00
45026.00
44981.00
44995.00
45040.00
45076.00
45044.00
45020.00
45029.00
45079.00
45115.00
45079.00
45037.00
45041.00
45082.00
45126.00
45100.00
45046.00
45034.00
45085.00
45129.00
45121.00
45053.00
45047.00
45078.00
45117.00
45105.00
45047.00
45042.00
45072.00
45108.00
45098.00
45038.00
45024.00
45065.00
45119.00
45106.00
45051.00
45032.00
45057.00
45109.00
45102.00
45068.00
45050.00
45058.00
45123.00
45108.00
45082.00
45051.00
45076.00
45114.00
45134.00
45086.00
45039.00
45074.00
45127.00
45125.00
45087.00
45049.00
45065.00
45115.00
45122.00
45084.00
45049.00
45052.00
45114.00
45119.00
45103.00
45061.00
45056.00
45095.00
45114.00
45092.00
45038.00
45046.00
45084.00
45127.00
45106.00
45043.00
45044.00
45081.00
45110.00
45084.00
45046.00
45022.00
45078.00
45115.00
45094.00
45046.00
45042.00
45068.00
45120.00
45081.00
45044.00
45025.00
45063.00
45121.00
45090.00
45033.00
45034.00
45057.00
45114.00
45085.00
45052.00
45042.00
45067.00
45119.00
45102.00
45056.00
45037.00
45082.00
45117.00
45139.00
45087.00
45059.00
45088.00
45150.00
45143.00
45094.00
45054.00
45078.00
45129.00
45146.00
45106.00
45075.00
45085.00
45125.00
45146.00
45115.00
45092.00
45106.00
45153.00
45165.00
45136.00
45085.00
45089.00
45161.00
45143.00
45116.00
45073.00
45081.00
45127.00
45160.00
45127.00
45087.00
45091.00
45134.00
45155.00
45118.00
45088.00
45104.00
45138.00
45170.00
45138.00
45083.00
45083.00
45124.00
45161.00
45127.00
45085.00
45079.00
45125.00
45174.00
45155.00
45087.00
45078.00
45115.00
45148.00
45138.00
45094.00
45082.00
45112.00
45153.00
45152.00
45093.00
45081.00
45111.00
45159.00
45152.00
45095.00
45086.00
45114.00
45148.00
45139.00
45089.00
45066.00
45101.00
45173.00
45150.00
45110.00
45077.00
45084.00
45135.00
45127.00
45099.00
45054.00
45105.00
45135.00
45139.00
45119.00
45066.00
45080.00
45128.00
45119.00
45086.00
45052.00
45082.00
45128.00
45138.00
45098.00
45053.00
45069.00
45123.00
45149.00
45109.00
45067.00
45080.00
45138.00
45156.00
45114.00
45073.00
45080.00
45125.00
45144.00
45114.00
45056.00
45073.00
45106.00
45134.00
45117.00
45062.00
45056.00
45093.00
45129.00
45108.00
45069.00
45053.00
45100.00
45150.00
45113.00
45066.00
45049.00
45093.00
45137.00
45117.00
45076.00
45062.00
45105.00
45146.00
45134.00
45067.00
45061.00
45091.00
45160.00
45138.00
45081.00
45068.00
45086.00
45147.00
45129.00
45075.00
45074.00
45084.00
45141.00
45121.00
45084.00
45060.00
45083.00
45142.00
45151.00
45103.00
45069.00
45082.00
45136.00
45126.00
45095.00
45072.00
45083.00
45147.00
45140.00
45094.00
45067.00
45081.00
45126.00
45146.00
45122.00
45071.00
45085.00
45118.00
45158.00
45112.00
45071.00
45085.00
45138.00
45153.00
45113.00
45073.00
45087.00
45118.00
45156.00
45127.00
45081.00
45077.00
45125.00
45154.00
45130.00
45083.00
45079.00
45124.00
45150.00
45129.00
45076.00
45069.00
45109.00
45132.00
45116.00
45057.00
45037.00
45057.00
45082.00
45017.00
44926.00
44873.00
44845.00
44830.00
44746.00
44670.00
44586.00
44591.00
44582.00
44514.00
44395.00
44336.00
44324.00
44315.00
44264.00
44203.00
44133.00
44127.00
44139.00
44117.00
44049.00
43993.00
44036.00
44072.00
44041.00
44005.00
43970.00
44006.00
44054.00
44053.00
44022.00
43982.00
44006.00
44041.00
44065.00
44031.00
43967.00
43975.00
44046.00
44055.00
44023.00
43970.00
43987.00
44035.00
44048.00
44031.00
43969.00
43984.00
44049.00
44060.00
44009.00
43967.00
43993.00
44034.00
44067.00
44024.00
43975.00
43982.00
44024.00
44046.00
44019.00
43964.00
43971.00
44024.00
44036.00
44026.00
43968.00
43961.00
44029.00
44043.00
44020.00
43990.00
43982.00
44022.00
44047.00
44033.00
43989.00
43964.00
44004.00
44045.00
44039.00
44001.00
43962.00
43997.00
44043.00
44030.00
43979.00
43960.00
43988.00
44044.00
44028.00
43994.00
43964.00
43987.00
44058.00
44041.00
43989.00
43969.00
43985.00
44036.00
44036.00
43972.00
43958.00
43991.00
44033.00
44030.00
43975.00
43962.00
43994.00
44023.00
44024.00
44007.00
43952.00
43962.00
44012.00
44027.00
43994.00
43957.00
43973.00
44011.00
44029.00
44000.00
43970.00
43979.00
44016.00
44039.00
44013.00
43950.00
43954.00
44002.00
44032.00
44005.00
43951.00
43974.00
44021.00
44033.00
44012.00
43962.00
43952.00
44015.00
44029.00
43992.00
43955.00
43948.00
43992.00
44025.00
44006.00
43961.00
43936.00
43992.00
44033.00
44010.00
43937.00
43943.00
43972.00
44029.00
43994.00
43945.00
43947.00
43983.00
44024.00
43993.00
43944.00
43933.00
43980.00
44012.00
44013.00
43947.00
43947.00
43982.00
44027.00
43996.00
43963.00
43925.00
43956.00
44002.00
44005.00
43961.00
43946.00
43964.00
44021.00
44012.00
43965.00
43929.00
43958.00
44021.00
44003.00
43955.00
43920.00
43955.00
44009.00
43994.00
43944.00
43923.00
43954.00
43984.00
44002.00
43982.00
43931.00
43946.00
43996.00
44025.00
43961.00
43928.00
43942.00
43981.00
43997.00
43962.00
43925.00
43926.00
43995.00
44014.00
43968.00
43930.00
43925.00
43981.00
43998.00
43975.00
43931.00
43939.00
43992.00
44012.00
43988.00
43931.00
43933.00
43975.00
44009.00
43984.00
43929.00
43928.00
43959.00
44004.00
43960.00
43925.00
43926.00
43964.00
43985.00
43979.00
43930.00
43912.00
43955.00
43994.00
43978.00
43935.00
43932.00
43956.00
43995.00
43977.00
43928.00
43910.00
43943.00
43990.00
43966.00
43932.00
43916.00
43952.00
43998.00
43994.00
43941.00
43920.00
43942.00
44006.00
43992.00
43966.00
43926.00
43949.00
44002.00
43997.00
43944.00
43915.00
43944.00
43995.00
43990.00
43960.00
43920.00
43946.00
43985.00
43976.00
43975.00
43925.00
43946.00
43989.00
44005.00
43958.00
43925.00
43927.00
43968.00
44001.00
43962.00
43923.00
43935.00
43980.00
43996.00
43968.00
43919.00
43950.00
43977.00
43996.00
43974.00
43930.00
43927.00
43979.00
44008.00
43969.00
43921.00
43915.00
43952.00
44007.00
43971.00
43914.00
43921.00
43969.00
44004.00
43982.00
43929.00
43914.00
43946.00
44011.00
43988.00
43929.00
43928.00
43965.00
44000.00
43978.00
43936.00
43911.00
43948.00
43984.00
43972.00
43943.00
43912.00
43953.00
44015.00
43990.00
43941.00
43913.00
43961.00
43992.00
43985.00
43946.00
43913.00
43949.00
44007.00
43994.00
43944.00
43914.00
43932.00
43979.00
43981.00
43955.00
43907.00
43927.00
43963.00
43982.00
43942.00
43913.00
43934.00
43975.00
43976.00
43932.00
43897.00
43917.00
43952.00
43975.00
43941.00
43905.00
43923.00
43974.00
43985.00
43970.00
43902.00
43926.00
43967.00
43987.00
43972.00
43899.00
43919.00
43960.00
43986.00
43948.00
43910.00
43909.00
43961.00
43980.00
43967.00
43915.00
43909.00
43963.00
43993.00
43979.00
43915.00
43922.00
43963.00
43991.00
43962.00
43908.00
43898.00
43948.00
43986.00
43966.00
43914.00
43907.00
43940.00
43984.00
43973.00
43937.00
43892.00
43956.00
43995.00
43983.00
43931.00
43919.00
43939.00
43978.00
43962.00
43922.00
43899.00
43920.00
43978.00
43979.00
43926.00
43914.00
43934.00
43980.00
