45484.00
45408.00
45382.00
45437.00
45517.00
45491.00
45430.00
45384.00
45440.00
45516.00
45475.00
45423.00
45381.00
45431.00
45519.00
45492.00
45416.00
45386.00
45429.00
45506.00
45488.00
45432.00
45366.00
45418.00
45501.00
45499.00
45416.00
45360.00
45404.00
45483.00
45494.00
45436.00
45371.00
45409.00
45493.00
45506.00
45442.00
45384.00
45390.00
45487.00
45495.00
45446.00
45359.00
45395.00
45483.00
45513.00
45451.00
45380.00
45396.00
45476.00
45514.00
45454.00
45367.00
45390.00
45476.00
45514.00
45471.00
45378.00
45396.00
45469.00
45508.00
45456.00
45376.00
45371.00
45446.00
45525.00
45473.00
45391.00
45394.00
45465.00
45525.00
45471.00
45386.00
45384.00
45452.00
45522.00
45477.00
45421.00
45384.00
45455.00
45514.00
45491.00
45405.00
45385.00
45446.00
45511.00
45487.00
45415.00
45390.00
45440.00
45522.00
45483.00
45410.00
45374.00
45428.00
45508.00
45493.00
45427.00
45384.00
45430.00
45526.00
45495.00
45436.00
45377.00
45420.00
45524.00
45499.00
45442.00
45380.00
45418.00
45502.00
45499.00
45431.00
45374.00
45398.00
45498.00
45498.00
45430.00
45357.00
45399.00
45489.00
45496.00
45443.00
45364.00
45400.00
45487.00
45514.00
45444.00
45352.00
45381.00
45476.00
45499.00
45448.00
45379.00
45380.00
45475.00
45508.00
45457.00
45374.00
45395.00
45465.00
45507.00
45456.00
45380.00
45388.00
45465.00
45512.00
45481.00
45382.00
45363.00
45441.00
45503.00
45461.00
45385.00
45367.00
45436.00
45504.00
45452.00
45378.00
45349.00
45443.00
45506.00
45464.00
45370.00
45349.00
45428.00
45508.00
45476.00
45400.00
45366.00
45427.00
45521.00
45479.00
45408.00
45370.00
45437.00
45518.00
45498.00
45422.00
45387.00
45429.00
45511.00
45491.00
45423.00
45378.00
45426.00
45515.00
45499.00
45422.00
45383.00
45415.00
45500.00
45495.00
45424.00
45363.00
45388.00
45481.00
45484.00
45410.00
45350.00
45402.00
45473.00
45485.00
45409.00
45361.00
45387.00
45473.00
45483.00
45433.00
45363.00
45383.00
45458.00
45486.00
45427.00
45358.00
45371.00
45458.00
45484.00
45438.00
45357.00
45350.00
45447.00
45495.00
45443.00
45360.00
45361.00
45443.00
45497.00
45446.00
45362.00
45380.00
45415.00
45492.00
45443.00
45381.00
45355.00
45436.00
45515.00
45475.00
45406.00
45398.00
45466.00
45542.00
45520.00
45448.00
45443.00
45501.00
45583.00
45559.00
45503.00
45473.00
45548.00
45641.00
45609.00
45570.00
45534.00
45611.00
45701.00
45693.00
45638.00
45639.00
45690.00
45818.00
45799.00
45782.00
45751.00
45829.00
45935.00
45952.00
45925.00
45919.00
45986.00
46123.00
46168.00
46168.00
46152.00
46244.00
46396.00
46444.00
46444.00
46432.00
46517.00
46648.00
46671.00
46641.00
46580.00
46621.00
46683.00
46694.00
46681.00
46621.00
46681.00
46782.00
46790.00
46717.00
46650.00
46677.00
46767.00
46798.00
46745.00
46671.00
46661.00
46752.00
46767.00
46714.00
46643.00
46611.00
46693.00
46739.00
46669.00
46580.00
46580.00
46636.00
46675.00
46602.00
46497.00
46474.00
46523.00
46568.00
46496.00
46416.00
46399.00
46460.00
46515.00
46460.00
46386.00
46370.00
46433.00
46497.00
46462.00
46396.00
46361.00
46407.00
46477.00
46452.00
46364.00
46330.00
46389.00
46464.00
46420.00
46312.00
46272.00
46330.00
46379.00
46365.00
46278.00
46243.00
46299.00
46377.00
46364.00
46287.00
46250.00
46298.00
46392.00
46376.00
46308.00
46244.00
46300.00
46384.00
46390.00
46329.00
46271.00
46291.00
46395.00
46383.00
46319.00
46260.00
46287.00
46377.00
46380.00
46326.00
46250.00
46283.00
46355.00
46375.00
46308.00
46238.00
46235.00
46303.00
46345.00
46276.00
46204.00
46208.00
46280.00
46304.00
46236.00
46163.00
46171.00
46234.00
46275.00
46216.00
46153.00
46149.00
46237.00
46274.00
46245.00
46180.00
46187.00
46258.00
46316.00
46269.00
46218.00
46181.00
46254.00
46321.00
46279.00
46206.00
46204.00
46281.00
46341.00
46314.00
46248.00
46218.00
46308.00
46405.00
46358.00
46313.00
46273.00
46339.00
46438.00
46436.00
46360.00
46318.00
46388.00
46465.00
46459.00
46389.00
46356.00
46403.00
46480.00
46443.00
46353.00
46300.00
46321.00
46374.00
46361.00
46277.00
46212.00
46232.00
46297.00
46258.00
46190.00
46117.00
46138.00
46209.00
46200.00
46132.00
46054.00
46056.00
46118.00
46094.00
46016.00
45933.00
45925.00
45969.00
45949.00
45877.00
45767.00
45767.00
45844.00
45843.00
45769.00
45683.00
45671.00
45754.00
45776.00
45701.00
45629.00
45634.00
45696.00
45735.00
45679.00
45609.00
45613.00
45692.00
45732.00
45672.00
45611.00
45615.00
45666.00
45724.00
45691.00
45627.00
45618.00
45701.00
45778.00
45744.00
45681.00
45690.00
45771.00
45863.00
45845.00
45807.00
45815.00
45907.00
46032.00
46031.00
46013.00
46034.00
46130.00
46273.00
46315.00
46302.00
46354.00
46530.00
46714.00
46812.00
46891.00
47006.00
47217.00
47510.00
47668.00
47794.00
47939.00
48204.00
48533.00
48713.00
48855.00
49011.00
49257.00
49547.00
49690.00
49810.00
49905.00
50122.00
50405.00
50536.00
50588.00
50691.00
50837.00
51056.00
51224.00
51261.00
51285.00
51478.00
51690.00
51828.00
51902.00
51911.00
52036.00
52237.00
52343.00
52372.00
52401.00
52513.00
52707.00
52843.00
52866.00
52846.00
52925.00
53095.00
53222.00
53225.00
53211.00
53278.00
53425.00
53544.00
53543.00
53496.00
53539.00
53665.00
53772.00
53763.00
53722.00
53736.00
53869.00
53973.00
53966.00
53917.00
53929.00
54042.00
54147.00
54135.00
54069.00
54059.00
54157.00
54257.00
54226.00
54157.00
54153.00
54228.00
54317.00
54302.00
54230.00
54185.00
54247.00
54332.00
54308.00
54205.00
54141.00
54177.00
54235.00
54185.00
54075.00
53990.00
54014.00
54064.00
54001.00
53888.00
53779.00
53774.00
53838.00
53771.00
53650.00
53538.00
53536.00
53589.00
53533.00
53409.00
53280.00
53261.00
53317.00
53262.00
53121.00
52999.00
52977.00
53028.00
52993.00
52867.00
52739.00
52702.00
52744.00
52714.00
52588.00
52441.00
52434.00
52482.00
52466.00
52345.00
52215.00
52169.00
52213.00
52217.00
52101.00
51967.00
51920.00
51953.00
51943.00
51817.00
51691.00
51637.00
51683.00
51694.00
51562.00
51399.00
51341.00
51355.00
51374.00
51250.00
51092.00
51025.00
51024.00
51032.00
50913.00
50751.00
50669.00
50679.00
50721.00
50605.00
50444.00
50338.00
50339.00
50355.00
50235.00
50080.00
49953.00
49952.00
49964.00
49828.00
49614.00
49464.00
49415.00
49360.00
49199.00
48984.00
48834.00
48768.00
48763.00
48627.00
48448.00
48276.00
48208.00
48198.00
48075.00
47870.00
47714.00
47652.00
47659.00
47573.00
47421.00
47268.00
47225.00
47265.00
47178.00
47060.00
46932.00
46915.00
46951.00
46920.00
46831.00
46720.00
46694.00
46744.00
46711.00
46614.00
46525.00
46508.00
46569.00
46566.00
46477.00
46393.00
46363.00
46429.00
46436.00
46347.00
46248.00
46242.00
46273.00
46301.00
46205.00
46120.00
46094.00
46170.00
46195.00
46116.00
46026.00
45985.00
46063.00
46101.00
46063.00
45995.00
45986.00
46056.00
46120.00
46077.00
46006.00
45984.00
46088.00
46160.00
46142.00
46089.00
46081.00
46186.00
46296.00
46304.00
46274.00
46299.00
46448.00
46584.00
46629.00
46625.00
46691.00
46840.00
47042.00
47134.00
47178.00
47270.00
47467.00
47700.00
47812.00
47893.00
47990.00
48216.00
48477.00
48627.00
48732.00
48809.00
49042.00
49298.00
49469.00
49538.00
49636.00
49822.00
50077.00
50219.00
50287.00
50342.00
50479.00
50696.00
50844.00
50898.00
50927.00
51053.00
51297.00
51430.00
51456.00
51501.00
51633.00
51862.00
51975.00
51977.00
52017.00
52125.00
52293.00
52443.00
52462.00
52476.00
52563.00
52757.00
52891.00
52901.00
52887.00
52968.00
53155.00
53251.00
53256.00
53215.00
53272.00
53423.00
53544.00
53551.00
53501.00
53519.00
53654.00
53755.00
53740.00
53701.00
53714.00
53819.00
53942.00
53915.00
53859.00
53858.00
53952.00
54055.00
54012.00
53931.00
53919.00
54002.00
54087.00
54065.00
53977.00
53942.00
53996.00
54099.00
54053.00
53957.00
53905.00
53960.00
54043.00
54001.00
53885.00
53809.00
53836.00
53910.00
53869.00
53783.00
53700.00
53734.00
53782.00
53760.00
53618.00
53538.00
53540.00
53604.00
53557.00
53439.00
53331.00
53323.00
53383.00
53348.00
53234.00
53113.00
53097.00
53162.00
53135.00
53048.00
52908.00
52907.00
52970.00
52964.00
52864.00
52718.00
52686.00
52749.00
52757.00
52647.00
52512.00
52489.00
52542.00
52548.00
52455.00
52321.00
52282.00
52319.00
52338.00
52229.00
52084.00
52030.00
52049.00
52037.00
51922.00
51775.00
51714.00
51728.00
51716.00
51606.00
51481.00
51399.00
51391.00
51416.00
51323.00
51172.00
51083.00
51088.00
51078.00
50963.00
50812.00
50717.00
50719.00
50730.00
50597.00
50424.00
50282.00
50276.00
50289.00
50189.00
49992.00
49858.00
49800.00
49764.00
49626.00
49467.00
49285.00
49217.00
49189.00
49039.00
48845.00
48656.00
48545.00
48511.00
48406.00
48198.00
48000.00
47907.00
47877.00
47761.00
47612.00
47447.00
47385.00
47384.00
47324.00
47182.00
47059.00
46999.00
47053.00
47011.00
46898.00
46780.00
46760.00
46834.00
46812.00
46745.00
46638.00
46626.00
46681.00
46676.00
46605.00
46497.00
46483.00
46532.00
46549.00
46478.00
46360.00
46364.00
46414.00
46437.00
46375.00
46262.00
46247.00
46294.00
46335.00
46282.00
46181.00
46144.00
46203.00
46249.00
46177.00
46107.00
46068.00
46099.00
46142.00
46092.00
46029.00
45985.00
46022.00
46086.00
46052.00
45951.00
45927.00
45956.00
46026.00
45983.00
45921.00
45877.00
45919.00
45995.00
45980.00
45910.00
45864.00
45905.00
45992.00
45991.00
45937.00
45890.00
45944.00
46028.00
46040.00
45984.00
45947.00
46012.00
46130.00
46161.00
46109.00
46094.00
46173.00
46302.00
46355.00
46337.00
46354.00
46433.00
46576.00
46677.00
46719.00
46751.00
46879.00
47096.00
47257.00
47314.00
47385.00
47530.00
47784.00
47994.00
48081.00
48205.00
48393.00
48689.00
48929.00
49079.00
49193.00
49396.00
49691.00
49941.00
50077.00
50185.00
50324.00
50611.00
50865.00
50941.00
51028.00
51205.00
51459.00
51671.00
51785.00
51822.00
51941.00
52188.00
52378.00
52450.00
52462.00
52541.00
52723.00
52909.00
52961.00
52951.00
53012.00
53158.00
53327.00
53364.00
53340.00
53359.00
53502.00
53666.00
53684.00
53657.00
53657.00
53777.00
53944.00
53968.00
53937.00
53933.00
54058.00
54214.00
54248.00
54188.00
54132.00
54183.00
54285.00
54286.00
54203.00
54124.00
54163.00
54262.00
54254.00
54164.00
54070.00
54089.00
54155.00
54137.00
54042.00
53953.00
53929.00
53999.00
53990.00
53925.00
53798.00
53792.00
53865.00
53867.00
53781.00
53689.00
53666.00
53733.00
53756.00
53678.00
53563.00
53537.00
53608.00
53640.00
53544.00
53439.00
53403.00
53453.00
53475.00
53403.00
53267.00
53211.00
53257.00
53285.00
53198.00
53076.00
53022.00
53062.00
53112.00
53015.00
52892.00
52832.00
52871.00
52927.00
52841.00
52707.00
52605.00
52622.00
52642.00
52555.00
52401.00
52328.00
52378.00
52439.00
52370.00
52227.00
52132.00
52126.00
52166.00
52100.00
51939.00
51828.00
51827.00
51873.00
51766.00
51608.00
51483.00
51459.00
51498.00
51407.00
51244.00
51113.00
51094.00
51138.00
51062.00
50923.00
50765.00
50751.00
50794.00
50718.00
50567.00
50410.00
50381.00
50410.00
50357.00
50204.00
50040.00
49965.00
49968.00
49898.00
49736.00
49571.00
49491.00
49481.00
49432.00
49257.00
49074.00
48976.00
48951.00
48888.00
48737.00
48546.00
48455.00
48442.00
48380.00
48253.00
48061.00
47957.00
47936.00
47891.00
47782.00
47606.00
47512.00
47507.00
47517.00
47384.00
47223.00
47141.00
47126.00
47138.00
47051.00
46912.00
46846.00
46843.00
46907.00
46819.00
46719.00
46660.00
46682.00
46742.00
46693.00
46594.00
46535.00
46551.00
46629.00
46579.00
46494.00
46426.00
46436.00
46513.00
46482.00
46393.00
46332.00
46353.00
46422.00
46402.00
46327.00
46273.00
46285.00
46370.00
46380.00
46294.00
46238.00
46278.00
46365.00
46357.00
46305.00
46246.00
46290.00
46366.00
46380.00
46353.00
46288.00
46309.00
46418.00
46464.00
46429.00
46379.00
46431.00
46543.00
46611.00
46605.00
46587.00
46664.00
46788.00
46911.00
46955.00
46962.00
47069.00
47248.00
47406.00
47479.00
47537.00
47669.00
47877.00
48067.00
48161.00
48228.00
48363.00
48597.00
48815.00
48916.00
49011.00
49142.00
49379.00
49621.00
49728.00
49782.00
49902.00
50108.00
50301.00
50407.00
50447.00
50507.00
50708.00
50893.00
50999.00
51007.00
51081.00
51236.00
51418.00
51475.00
51499.00
51547.00
51680.00
51888.00
51946.00
51961.00
52007.00
52157.00
52325.00
52396.00
52392.00
52415.00
52521.00
52698.00
52769.00
52753.00
52748.00
52849.00
53011.00
53076.00
53058.00
53037.00
53130.00
53289.00
53334.00
53290.00
53253.00
53307.00
53435.00
53485.00
53455.00
53400.00
53467.00
53602.00
53671.00
53644.00
53617.00
53669.00
53770.00
53810.00
53763.00
53675.00
53689.00
53784.00
53822.00
53772.00
53682.00
53691.00
53771.00
53820.00
53770.00
53665.00
53670.00
53726.00
53792.00
53728.00
53642.00
53611.00
53679.00
53718.00
53648.00
53537.00
53512.00
53577.00
53637.00
53555.00
53464.00
53411.00
53466.00
53517.00
53477.00
53366.00
53310.00
53352.00
53426.00
53351.00
53248.00
53196.00
53236.00
53290.00
53220.00
53117.00
53050.00
53068.00
53128.00
53085.00
52976.00
52881.00
52909.00
52979.00
52937.00
52835.00
52754.00
52771.00
52838.00
52804.00
52690.00
52610.00
52615.00
52688.00
52659.00
52571.00
52465.00
52455.00
52526.00
52495.00
52409.00
52289.00
52296.00
52368.00
52341.00
52253.00
52147.00
52143.00
52205.00
52197.00
52104.00
51994.00
51964.00
52029.00
52031.00
51937.00
51810.00
51786.00
51858.00
51843.00
51730.00
51603.00
51555.00
51599.00
51606.00
51491.00
51349.00
51295.00
51334.00
51348.00
51225.00
51076.00
51013.00
51063.00
51061.00
50944.00
50796.00
50710.00
50730.00
50734.00
50585.00
50414.00
50327.00
50320.00
50321.00
50202.00
50013.00
49893.00
49869.00
49852.00
49728.00
49538.00
49414.00
49394.00
49369.00
49238.00
49058.00
48933.00
48872.00
48876.00
48763.00
48587.00
48445.00
48395.00
48405.00
48301.00
48137.00
48005.00
47967.00
47983.00
47903.00
47777.00
47643.00
47641.00
47648.00
47586.00
47446.00
47325.00
47297.00
47327.00
47286.00
47186.00
47075.00
47059.00
47105.00
47099.00
46985.00
46919.00
46882.00
46950.00
46935.00
46863.00
46750.00
46767.00
46824.00
46819.00
46747.00
46661.00
46639.00
46704.00
46728.00
46646.00
46563.00
46549.00
46622.00
46639.00
46573.00
46476.00
46446.00
46529.00
46539.00
46492.00
46404.00
46388.00
46436.00
46481.00
46406.00
46311.00
46288.00
46335.00
46385.00
46321.00
46240.00
46211.00
46271.00
46325.00
46266.00
46186.00
46160.00
46191.00
46250.00
46195.00
46111.00
46085.00
46135.00
46190.00
46157.00
46089.00
46046.00
46113.00
46164.00
46156.00
46074.00
46052.00
46091.00
46180.00
46171.00
46123.00
46074.00
46143.00
46232.00
46221.00
46153.00
46135.00
46196.00
46293.00
46310.00
46256.00
46241.00
46325.00
46443.00
46481.00
46465.00
46463.00
46529.00
46703.00
46761.00
46777.00
46832.00
46958.00
47147.00
47250.00
47303.00
47362.00
47518.00
47743.00
47884.00
47971.00
48056.00
48250.00
48495.00
48671.00
48790.00
48881.00
49068.00
49340.00
49545.00
49644.00
49724.00
49894.00
50127.00
50323.00
50415.00
50498.00
50642.00
50857.00
51032.00
51089.00
51137.00
51250.00
51445.00
51620.00
51666.00
51694.00
51793.00
51960.00
52135.00
52169.00
52160.00
52239.00
52433.00
52577.00
52625.00
52623.00
52690.00
52849.00
53001.00
53028.00
53005.00
53029.00
53156.00
53292.00
53301.00
53252.00
53277.00
53400.00
53533.00
53536.00
53501.00
53506.00
53590.00
53702.00
53676.00
53599.00
53560.00
53656.00
53760.00
53748.00
53694.00
53657.00
53716.00
53821.00
53805.00
53726.00
53680.00
53736.00
53845.00
53843.00
53775.00
53736.00
53797.00
53897.00
53893.00
53827.00
53754.00
53781.00
53851.00
53839.00
53728.00
53644.00
53659.00
53724.00
53691.00
53599.00
53495.00
53493.00
53555.00
53533.00
53434.00
53354.00
53350.00
53417.00
53399.00
53296.00
53188.00
53182.00
53239.00
53243.00
53143.00
53013.00
52997.00
53034.00
53055.00
52947.00
52826.00
52796.00
52861.00
52880.00
52787.00
52657.00
52633.00
52683.00
52689.00
52599.00
52463.00
52434.00
52488.00
52496.00
52390.00
52258.00
52230.00
52261.00
52277.00
52167.00
52037.00
51961.00
51989.00
52000.00
51879.00
51723.00
51630.00
51660.00
51661.00
51537.00
51359.00
51225.00
51198.00
51197.00
51047.00
50871.00
50739.00
50701.00
50707.00
50582.00
50411.00
50258.00
50247.00
50238.00
50127.00
49913.00
49766.00
49713.00
49715.00
49575.00
49399.00
49263.00
49211.00
49199.00
49073.00
48857.00
48706.00
48645.00
48609.00
48475.00
48315.00
48152.00
48096.00
48092.00
47978.00
47830.00
47679.00
47643.00
47654.00
47569.00
47433.00
47301.00
47283.00
47303.00
47268.00
47142.00
47033.00
46998.00
47032.00
46993.00
46896.00
46790.00
46778.00
46826.00
46823.00
46725.00
46625.00
46619.00
46676.00
46670.00
46591.00
46492.00
46501.00
46555.00
46566.00
46481.00
46389.00
46389.00
46450.00
46474.00
46413.00
46316.00
46303.00
46393.00
46407.00
46344.00
46268.00
46264.00
46329.00
46365.00
46306.00
46222.00
46223.00
46296.00
46321.00
46288.00
46197.00
46188.00
46256.00
46319.00
46255.00
46178.00
46160.00
46228.00
46287.00
46247.00
46167.00
46150.00
46232.00
46293.00
46262.00
46195.00
46181.00
46249.00
46348.00
46327.00
46254.00
46249.00
46314.00
46427.00
46403.00
46349.00
46368.00
46455.00
46588.00
46600.00
46578.00
46605.00
46721.00
46881.00
46929.00
46952.00
47015.00
47165.00
47364.00
47469.00
47503.00
47570.00
47741.00
47970.00
48088.00
48148.00
48224.00
48423.00
48686.00
48834.00
48908.00
48996.00
49206.00
49452.00
49615.00
49678.00
49745.00
49935.00
50187.00
50335.00
50393.00
50442.00
50638.00
50853.00
50987.00
51029.00
51057.00
51183.00
51374.00
51479.00
51470.00
51489.00
51639.00
51845.00
51991.00
52018.00
52076.00
52271.00
52578.00
52858.00
53015.00
53111.00
53244.00
53451.00
53595.00
53602.00
53571.00
53619.00
53768.00
53854.00
53806.00
53746.00
53795.00
53947.00
54058.00
54033.00
53997.00
54029.00
54189.00
54280.00
54222.00
54138.00
54139.00
54230.00
54304.00
54219.00
54108.00
54086.00
54173.00
54228.00
54156.00
54038.00
53999.00
54077.00
54144.00
54060.00
53946.00
53909.00
53962.00
54041.00
53950.00
53819.00
53765.00
53805.00
53871.00
53791.00
53680.00
53612.00
53666.00
53741.00
53678.00
53564.00
53514.00
53567.00
53643.00
53587.00
53480.00
53408.00
53452.00
53511.00
53465.00
53339.00
53254.00
53293.00
53377.00
53308.00
53190.00
53095.00
53115.00
53206.00
53151.00
53025.00
52930.00
52955.00
53036.00
53008.00
52857.00
52751.00
52763.00
52846.00
52793.00
52648.00
52504.00
52473.00
52530.00
52462.00
52341.00
52240.00
52244.00
52296.00
52240.00
52112.00
51970.00
51943.00
51994.00
51930.00
51767.00
51608.00
51564.00
51588.00
51504.00
51331.00
51151.00
51094.00
51096.00
51003.00
50824.00
50668.00
50612.00
50643.00
50554.00
50396.00
50166.00
50125.00
50105.00
50049.00
49869.00
49655.00
49568.00
49578.00
49527.00
49340.00
49128.00
49038.00
49033.00
48982.00
48821.00
48611.00
48517.00
48497.00
48444.00
48274.00
48092.00
47998.00
47986.00
47973.00
47841.00
47665.00
47566.00
47590.00
47589.00
47491.00
47325.00
47253.00
47282.00
47304.00
47199.00
47053.00
46985.00
47007.00
47042.00
46956.00
46872.00
46800.00
46872.00
46904.00
46837.00
46726.00
46661.00
46715.00
46751.00
46693.00
46596.00
46534.00
46583.00
46654.00
46604.00
46504.00
46459.00
46497.00
46560.00
46518.00
46436.00
46378.00
46439.00
46514.00
46471.00
46371.00
46333.00
46389.00
46484.00
46446.00
46385.00
46347.00
46394.00
46492.00
46477.00
46419.00
46371.00
46422.00
46539.00
46534.00
46504.00
46451.00
46521.00
46636.00
46660.00
46621.00
46599.00
46689.00
46824.00
46876.00
46854.00
46837.00
46951.00
47119.00
47221.00
47225.00
47276.00
47389.00
47616.00
47769.00
47820.00
47880.00
48040.00
48304.00
48496.00
48592.00
48679.00
48894.00
49164.00
49376.00
49485.00
49547.00
49747.00
50005.00
50191.00
50248.00
50290.00
50436.00
50676.00
50850.00
50892.00
50906.00
51035.00
51229.00
51431.00
51478.00
51485.00
51619.00
51857.00
52049.00
52087.00
52084.00
52203.00
52388.00
52566.00
52578.00
52573.00
52659.00
52824.00
53004.00
53024.00
52990.00
53052.00
53202.00
53339.00
53336.00
53286.00
53307.00
53446.00
53563.00
53549.00
53480.00
53482.00
53610.00
53744.00
53724.00
53642.00
53638.00
53764.00
53891.00
53861.00
53786.00
53758.00
53856.00
53980.00
53963.00
53872.00
53843.00
53938.00
54073.00
54055.00
53956.00
53900.00
53959.00
54042.00
53988.00
53879.00
53819.00
53876.00
53967.00
53897.00
53778.00
53694.00
53710.00
53773.00
53717.00
53594.00
53520.00
53558.00
53642.00
53599.00
53505.00
53416.00
53440.00
53532.00
53505.00
53404.00
53295.00
53307.00
53387.00
53358.00
53252.00
53137.00
53158.00
53221.00
53216.00
53097.00
52981.00
52997.00
53064.00
53046.00
52935.00
52817.00
52801.00
52878.00
52850.00
52741.00
52619.00
52626.00
52709.00
52714.00
52603.00
52457.00
52437.00
52493.00
52472.00
52356.00
52198.00
52166.00
52214.00
52214.00
52086.00
51947.00
51885.00
51933.00
51926.00
51798.00
51634.00
51568.00
51578.00
51580.00
51445.00
51257.00
51162.00
51200.00
51181.00
51061.00
50910.00
50833.00
50863.00
50902.00
50777.00
50622.00
50543.00
50563.00
50570.00
50450.00
50281.00
50203.00
50215.00
50227.00
50076.00
49932.00
49848.00
49869.00
49883.00
49779.00
49630.00
49550.00
49569.00
49593.00
49479.00
49318.00
49216.00
49223.00
49257.00
49149.00
49016.00
48894.00
48885.00
48903.00
48786.00
48639.00
48519.00
48522.00
48539.00
48442.00
48284.00
48147.00
48131.00
48157.00
48068.00
47930.00
47772.00
47779.00
47810.00
47732.00
47555.00
47459.00
47459.00
47506.00
47426.00
47289.00
47176.00
47168.00
47201.00
47155.00
47040.00
46941.00
46960.00
47022.00
46994.00
46885.00
46797.00
46814.00
46877.00
46861.00
46755.00
46670.00
46692.00
46757.00
46734.00
46634.00
46537.00
46548.00
46623.00
46610.00
46547.00
46446.00
46444.00
46521.00
46527.00
46443.00
46368.00
46381.00
46448.00
46474.00
46407.00
46329.00
46335.00
46424.00
46468.00
46396.00
46314.00
46326.00
46411.00
46454.00
46406.00
46339.00
46356.00
46463.00
46509.00
46484.00
46432.00
46475.00
46599.00
46693.00
46682.00
46687.00
46754.00
46900.00
47043.00
47079.00
47093.00
47197.00
47384.00
47549.00
47631.00
47664.00
47804.00
48022.00
48221.00
48346.00
48400.00
48538.00
48785.00
49019.00
49124.00
49206.00
49348.00
49568.00
49774.00
49863.00
49901.00
49993.00
50191.00
50381.00
50420.00
50428.00
50498.00
50689.00
50874.00
50941.00
50940.00
51027.00
51176.00
51409.00
51494.00
51502.00
51597.00
51796.00
52003.00
52102.00
52111.00
52179.00
52342.00
52542.00
52602.00
52571.00
52605.00
52759.00
52954.00
53000.00
52966.00
52961.00
53085.00
53250.00
53273.00
53224.00
53218.00
53329.00
53478.00
53510.00
53475.00
53423.00
53520.00
53655.00
53680.00
53647.00
53590.00
53655.00
53800.00
53816.00
53757.00
53698.00
53750.00
53861.00
53887.00
53812.00
53736.00
53777.00
53876.00
53901.00
53813.00
53732.00
53752.00
53847.00
53850.00
53760.00
53672.00
53677.00
53761.00
53769.00
53676.00
53574.00
53576.00
53664.00
53697.00
53606.00
53483.00
53481.00
53555.00
53577.00
53501.00
53377.00
53377.00
53453.00
53480.00
53396.00
53281.00
53266.00
53336.00
53362.00
53284.00
53173.00
53153.00
53224.00
53263.00
53186.00
53067.00
53052.00
53112.00
53161.00
53083.00
52982.00
52934.00
53001.00
53067.00
52992.00
52890.00
52854.00
52909.00
52986.00
52901.00
52792.00
52750.00
52813.00
52882.00
52811.00
52688.00
52623.00
52701.00
52758.00
52701.00
52575.00
52516.00
52565.00
52629.00
52552.00
52438.00
52346.00
52378.00
52459.00
52392.00
52271.00
52184.00
52215.00
52275.00
52189.00
52062.00
51966.00
51989.00
52051.00
51979.00
51852.00
51753.00
51760.00
51816.00
51731.00
51585.00
51460.00
51453.00
51496.00
51410.00
51267.00
51154.00
51145.00
51192.00
51104.00
50950.00
50795.00
50788.00
50832.00
50753.00
50617.00
50482.00
50429.00
50477.00
50415.00
50262.00
50127.00
50085.00
50106.00
50061.00
49915.00
49767.00
49722.00
49776.00
49714.00
49587.00
49433.00
49379.00
49388.00
49341.00
49193.00
49056.00
48974.00
49002.00
48942.00
48793.00
48632.00
48565.00
48585.00
48563.00
48432.00
48285.00
48218.00
48227.00
48218.00
48096.00
47937.00
47875.00
47881.00
47860.00
47742.00
47602.00
47534.00
47550.00
47552.00
47437.00
47306.00
47249.00
47286.00
47306.00
47212.00
47089.00
47035.00
47074.00
47136.00
47045.00
46940.00
46882.00
46948.00
47009.00
46934.00
46824.00
46784.00
46847.00
46887.00
46846.00
46738.00
46668.00
46714.00
46779.00
46732.00
46632.00
46587.00
46645.00
46708.00
46682.00
46573.00
46550.00
46584.00
46661.00
46628.00
46559.00
46509.00
46555.00
46649.00
46629.00
46551.00
46508.00
46570.00
46658.00
46670.00
46622.00
46588.00
46667.00
46798.00
46824.00
46796.00
46785.00
46875.00
47004.00
47065.00
47038.00
47039.00
47145.00
47313.00
47400.00
47400.00
47426.00
47549.00
47743.00
47863.00
47905.00
47943.00
48095.00
48320.00
48481.00
48563.00
48614.00
48796.00
49066.00
49242.00
49327.00
49387.00
49563.00
49787.00
49974.00
50033.00
50083.00
50207.00
50401.00
50585.00
50605.00
50617.00
50717.00
50923.00
51058.00
51088.00
51120.00
51218.00
51424.00
51565.00
51596.00
51583.00
51696.00
51916.00
52063.00
52113.00
52085.00
52176.00
52354.00
52503.00
52515.00
52517.00
52575.00
52720.00
52859.00
52860.00
52798.00
52851.00
52989.00
53125.00
53123.00
53068.00
53079.00
53202.00
53318.00
53316.00
53246.00
53242.00
53368.00
53479.00
53467.00
53409.00
53395.00
53474.00
53591.00
53579.00
53498.00
53482.00
53558.00
53675.00
53674.00
53603.00
53572.00
53640.00
53755.00
53738.00
53630.00
53587.00
53636.00
53718.00
53682.00
53567.00
53504.00
53534.00
53629.00
53612.00
53520.00
53444.00
53484.00
53571.00
53560.00
53459.00
53377.00
53401.00
53482.00
53461.00
53359.00
53238.00
53250.00
53326.00
53325.00
53244.00
53127.00
53127.00
53202.00
53212.00
53105.00
53005.00
53007.00
53094.00
53121.00
53051.00
52964.00
52969.00
53069.00
53102.00
53015.00
52900.00
52903.00
52981.00
52972.00
52871.00
52763.00
52739.00
52798.00
52825.00
52724.00
52598.00
52557.00
52626.00
52654.00
52571.00
52457.00
52426.00
52462.00
52513.00
52410.00
52275.00
52222.00
52246.00
52274.00
52165.00
52034.00
51967.00
52005.00
52033.00
51940.00
51804.00
51742.00
51779.00
51821.00
51725.00
51569.00
51479.00
51495.00
51533.00
51437.00
51279.00
51187.00
51196.00
51233.00
51112.00
50970.00
50875.00
50877.00
50928.00
50844.00
50698.00
50564.00
50542.00
50570.00
50495.00
50325.00
50216.00
50187.00
50211.00
50140.00
49976.00
49831.00
49802.00
49826.00
49737.00
49569.00
49411.00
49379.00
49399.00
49329.00
49164.00
49003.00
48953.00
48957.00
48867.00
48708.00
48550.00
48512.00
48518.00
48462.00
48312.00
48158.00
48109.00
48136.00
48070.00
47922.00
47777.00
47734.00
47763.00
47738.00
47622.00
47484.00
47435.00
47481.00
47454.00
47355.00
47204.00
47155.00
47212.00
47197.00
47116.00
46981.00
46950.00
46989.00
47007.00
46913.00
46797.00
46753.00
46804.00
46835.00
46758.00
46657.00
46643.00
46680.00
46738.00
46643.00
46565.00
46541.00
46585.00
46634.00
46570.00
46484.00
46450.00
46511.00
46574.00
46521.00
46444.00
46408.00
46446.00
46515.00
46459.00
46404.00
46370.00
46424.00
46496.00
46453.00
46387.00
46370.00
46410.00
46513.00
46484.00
46412.00
46374.00
46437.00
46533.00
46496.00
46439.00
46414.00
46451.00
46567.00
46570.00
46508.00
46485.00
46544.00
46655.00
46686.00
46649.00
46646.00
46733.00
46866.00
46920.00
46919.00
46937.00
47031.00
47216.00
47285.00
47316.00
47357.00
47489.00
47686.00
47797.00
47844.00
47894.00
48082.00
48293.00
48460.00
48521.00
48594.00
48782.00
49018.00
49220.00
49299.00
49355.00
49519.00
49750.00
49928.00
49955.00
49994.00
50121.00
50318.00
50478.00
50509.00
50525.00
50634.00
50821.00
50946.00
50992.00
50996.00
51088.00
51275.00
51450.00
51500.00
51513.00
51600.00
51808.00
52008.00
52025.00
52029.00
52097.00
52276.00
52411.00
52436.00
52422.00
52486.00
52630.00
52773.00
52798.00
52763.00
52809.00
52948.00
53102.00
53100.00
53070.00
53067.00
53188.00
53328.00
53325.00
53280.00
53286.00
53404.00
53525.00
53512.00
53457.00
53433.00
53523.00
53650.00
53631.00
53559.00
53548.00
53625.00
53754.00
53748.00
53698.00
53664.00
53729.00
53838.00
53843.00
53766.00
53704.00
53751.00
53857.00
53848.00
53760.00
53685.00
53716.00
53813.00
53783.00
53704.00
53630.00
53653.00
53740.00
53726.00
53624.00
53543.00
53563.00
53633.00
53619.00
53525.00
53425.00
53416.00
53501.00
53511.00
53419.00
53312.00
53325.00
53407.00
53404.00
53313.00
53215.00
53222.00
53282.00
53314.00
53223.00
53127.00
53126.00
53192.00
53222.00
53149.00
53039.00
53018.00
53088.00
53116.00
53037.00
52914.00
52874.00
52930.00
52978.00
52893.00
52775.00
52739.00
52788.00
52820.00
52739.00
52604.00
52559.00
52621.00
52677.00
52581.00
52459.00
52385.00
52431.00
52474.00
52381.00
52237.00
52163.00
52169.00
52226.00
52157.00
52003.00
51923.00
51944.00
51982.00
51908.00
51758.00
51656.00
51659.00
51691.00
51584.00
51422.00
51306.00
51291.00
51337.00
51245.00
51089.00
50937.00
50894.00
50920.00
50823.00
50674.00
50516.00
50468.00
50490.00
50394.00
50217.00
50048.00
49990.00
49995.00
49888.00
49721.00
49520.00
49469.00
49452.00
49339.00
49163.00
48982.00
48895.00
48864.00
48752.00
48549.00
48360.00
48284.00
48267.00
48182.00
48007.00
47814.00
47709.00
47695.00
47645.00
47528.00
47358.00
47310.00
47343.00
47306.00
47202.00
47069.00
47023.00
47066.00
47055.00
46967.00
46864.00
46839.00
46902.00
46911.00
46831.00
46738.00
46704.00
46765.00
46800.00
46739.00
46642.00
46617.00
46680.00
46715.00
46657.00
46584.00
46550.00
46607.00
46663.00
46618.00
46524.00
46500.00
46566.00
46632.00
46573.00
46496.00
46474.00
46526.00
46603.00
46559.00
46491.00
46456.00
46507.00
46585.00
46537.00
46474.00
46437.00
46482.00
46555.00
46520.00
46452.00
46406.00
46460.00
46538.00
46525.00
46440.00
46389.00
46444.00
46534.00
46499.00
46431.00
46391.00
46427.00
46523.00
46486.00
46432.00
46367.00
46430.00
46500.00
46501.00
46435.00
46374.00
46402.00
46496.00
46486.00
46435.00
46360.00
46381.00
46464.00
46478.00
46413.00
46345.00
46372.00
46461.00
46452.00
46415.00
46352.00
46372.00
46453.00
46475.00
46405.00
46340.00
46359.00
46441.00
46478.00
46413.00
46340.00
46362.00
46443.00
46461.00
46413.00
46347.00
46354.00
46429.00
46463.00
46416.00
46348.00
46364.00
46442.00
46477.00
46410.00
46340.00
46350.00
46418.00
46475.00
46428.00
46354.00
46351.00
46425.00
46469.00
46449.00
46375.00
46363.00
46450.00
46506.00
46482.00
46411.00
46411.00
46466.00
46545.00
46515.00
46438.00
46423.00
46501.00
46575.00
46540.00
46466.00
46445.00
46524.00
46605.00
46574.00
46507.00
46469.00
46534.00
46629.00
46603.00
46527.00
46469.00
46513.00
46599.00
46584.00
46502.00
46458.00
46490.00
46573.00
46537.00
46473.00
46407.00
46433.00
46516.00
46487.00
46426.00
46357.00
46388.00
46466.00
46447.00
46370.00
46298.00
46320.00
46389.00
46392.00
46290.00
46215.00
46243.00
46317.00
46319.00
46242.00
46166.00
46166.00
46239.00
46244.00
46196.00
46117.00
46122.00
46202.00
46211.00
46158.00
46095.00
46103.00
46170.00
46202.00
46149.00
46075.00
46078.00
46156.00
46183.00
46147.00
46064.00
46074.00
46144.00
46187.00
46115.00
46047.00
46050.00
46103.00
46168.00
46118.00
46040.00
46023.00
46096.00
46155.00
46104.00
46030.00
46021.00
46086.00
46145.00
46118.00
46045.00
46025.00
46081.00
46155.00
46119.00
46049.00
46018.00
46069.00
46158.00
46120.00
46039.00
46004.00
46085.00
46156.00
46127.00
46067.00
46011.00
46060.00
46148.00
46133.00
46044.00
46005.00
46064.00
46137.00
46117.00
46056.00
46012.00
46047.00
46141.00
46127.00
46052.00
45993.00
46037.00
46138.00
46128.00
46045.00
45999.00
46042.00
46122.00
46127.00
46063.00
45995.00
46021.00
46111.00
46115.00
46045.00
45987.00
46012.00
46083.00
46113.00
46052.00
45976.00
45980.00
46068.00
46120.00
46046.00
45974.00
45983.00
46076.00
46133.00
46058.00
45973.00
45990.00
46066.00
46129.00
46048.00
45982.00
45972.00
46069.00
46138.00
46063.00
45995.00
45993.00
46050.00
46111.00
46073.00
45987.00
45971.00
46043.00
46122.00
46064.00
45987.00
45967.00
46036.00
46115.00
46073.00
46000.00
45957.00
46033.00
46116.00
46086.00
46008.00
45967.00
46026.00
46114.00
46064.00
45989.00
45957.00
45993.00
46098.00
46060.00
46000.00
45930.00
45996.00
46085.00
46068.00
45976.00
45927.00
45979.00
46067.00
46060.00
45978.00
45920.00
45963.00
46067.00
46058.00
45986.00
45910.00
45947.00
46057.00
46051.00
45986.00
45919.00
45936.00
46051.00
46047.00
45991.00
45918.00
45946.00
46030.00
46066.00
45993.00
45933.00
45950.00
46054.00
46066.00
46004.00
45933.00
45932.00
46034.00
46077.00
46012.00
45927.00
45933.00
46006.00
46074.00
46006.00
45920.00
45934.00
46008.00
46063.00
46026.00
45915.00
45915.00
46009.00
46052.00
46030.00
45920.00
45909.00
45988.00
46057.00
46008.00
45924.00
45905.00
45977.00
46057.00
46009.00
45931.00
45897.00
45971.00
46036.00
46012.00
45940.00
45896.00
45963.00
46051.00
46003.00
45930.00
45895.00
45954.00
46037.00
46019.00
45937.00
45892.00
45937.00
46040.00
46025.00
45961.00
45885.00
45935.00
46029.00
46023.00
45956.00
45888.00
45932.00
46031.00
46033.00
45962.00
45880.00
45916.00
46015.00
46027.00
45959.00
45888.00
45914.00
46002.00
46025.00
45971.00
45879.00
45904.00
45987.00
46011.00
45950.00
45881.00
45890.00
45969.00
46007.00
45974.00
45883.00
45909.00
45972.00
46021.00
45977.00
45887.00
45884.00
45961.00
46033.00
45972.00
45892.00
45880.00
45956.00
46017.00
45968.00
45886.00
45874.00
45951.00
46022.00
45988.00
45899.00
45872.00
45943.00
46011.00
46002.00
45912.00
45891.00
45937.00
46028.00
46001.00
45913.00
45879.00
45931.00
46006.00
46002.00
45919.00
45870.00
45933.00
46011.00
45986.00
45927.00
45872.00
45915.00
45998.00
45993.00
45928.00
45857.00
45890.00
45993.00
46002.00
45910.00
45860.00
45886.00
45995.00
45987.00
45924.00
45871.00
45884.00
45997.00
46005.00
45936.00
45881.00
45899.00
45982.00
46016.00
45948.00
45872.00
45887.00
45974.00
46013.00
45953.00
45880.00
45875.00
45961.00
46017.00
45970.00
45885.00
45872.00
45958.00
46015.00
45950.00
45879.00
45853.00
45936.00
46007.00
45952.00
45870.00
45857.00
45925.00
45997.00
45965.00
45884.00
45863.00
45927.00
46000.00
45966.00
45884.00
45861.00
45914.00
46000.00
45965.00
45890.00
45850.00
45905.00
45993.00
45967.00
45895.00
45841.00
45894.00
45993.00
45964.00
45895.00
45842.00
45877.00
45969.00
45971.00
45894.00
45855.00
45882.00
45969.00
45985.00
45916.00
45832.00
45862.00
45967.00
45979.00
45892.00
45833.00
45860.00
45944.00
45978.00
45911.00
45848.00
45881.00
45941.00
45979.00
45921.00
45848.00
45866.00
45940.00
45994.00
45947.00
45845.00
45852.00
45941.00
45984.00
45935.00
45846.00
45846.00
45928.00
45996.00
45923.00
45851.00
45849.00
45913.00
45988.00
45942.00
45859.00
45853.00
45897.00
45976.00
45955.00
45860.00
45834.00
45907.00
45985.00
45953.00
45872.00
45828.00
45886.00
45970.00
45966.00
45886.00
45832.00
45870.00
45975.00
45961.00
45886.00
45831.00
45878.00
45974.00
45959.00
45885.00
45834.00
45867.00
45966.00
45970.00
45890.00
45824.00
45856.00
45956.00
45972.00
45903.00
45831.00
45853.00
45938.00
45971.00
45909.00
45830.00
45844.00
45919.00
45967.00
45912.00
45828.00
45840.00
45923.00
45966.00
45909.00
45837.00
45830.00
45915.00
45963.00
45918.00
45848.00
45824.00
45895.00
45963.00
45915.00
45838.00
45822.00
45889.00
45958.00
45924.00
45855.00
45819.00
45881.00
45953.00
45936.00
45849.00
45808.00
45875.00
45964.00
45932.00
45841.00
45809.00
45859.00
45953.00
45944.00
45866.00
45814.00
45857.00
45951.00
45961.00
45870.00
45816.00
45857.00
45953.00
45954.00
45889.00
45816.00
45850.00
45940.00
45955.00
45893.00
45826.00
45846.00
45946.00
45974.00
45899.00
45825.00
45839.00
45936.00
45943.00
45903.00
45813.00
45835.00
45911.00
45957.00
45897.00
45814.00
45815.00
45893.00
45939.00
45890.00
45819.00
45813.00
45889.00
45953.00
45897.00
45825.00
45803.00
45869.00
45954.00
45904.00
45823.00
45798.00
45867.00
45948.00
45908.00
45828.00
45798.00
45863.00
45940.00
45907.00
45842.00
45791.00
45861.00
45937.00
45929.00
45846.00
45777.00
45845.00
45945.00
45900.00
45847.00
45788.00
45831.00
45918.00
45907.00
45855.00
45785.00
45824.00
45908.00
45911.00
45852.00
45791.00
45815.00
45913.00
45916.00
45861.00
45784.00
45809.00
45900.00
45933.00
45873.00
45796.00
45811.00
45895.00
45932.00
45879.00
45787.00
45801.00
45889.00
45940.00
45880.00
45805.00
45806.00
45876.00
45934.00
45885.00
45821.00
45805.00
45849.00
45925.00
45907.00
45797.00
45787.00
45857.00
45922.00
45898.00
45819.00
45794.00
45848.00
45920.00
45908.00
45833.00
45798.00
45833.00
45932.00
45904.00
45840.00
45779.00
45830.00
45923.00
45915.00
45832.00
45774.00
45822.00
45911.00
45911.00
45845.00
45779.00
45835.00
45909.00
45923.00
45867.00
45787.00
45818.00
45888.00
45923.00
45864.00
45784.00
45809.00
45889.00
45917.00
45864.00
45781.00
45786.00
45884.00
45921.00
45867.00
45777.00
45773.00
45869.00
45919.00
45868.00
45790.00
45775.00
45854.00
45931.00
45875.00
45805.00
45792.00
45846.00
45918.00
45871.00
45803.00
45773.00
45848.00
45911.00
45895.00
45816.00
45776.00
45839.00
45915.00
45900.00
45824.00
45793.00
45837.00
45928.00
45914.00
45849.00
45786.00
45809.00
45912.00
45907.00
45841.00
45781.00
45814.00
45920.00
45889.00
45860.00
45790.00
45811.00
45903.00
45919.00
45850.00
45775.00
45799.00
45884.00
45914.00
45873.00
45784.00
45799.00
45883.00
45919.00
45862.00
45789.00
45784.00
45883.00
45926.00
45879.00
45789.00
45790.00
45863.00
45920.00
45871.00
45795.00
45768.00
45844.00
45926.00
45876.00
45802.00
45770.00
45836.00
45918.00
45876.00
45805.00
45768.00
45823.00
45906.00
45886.00
45814.00
45764.00
45817.00
45909.00
45884.00
45827.00
45755.00
45803.00
45902.00
45884.00
45819.00
45767.00
45787.00
45883.00
45900.00
45835.00
45768.00
45803.00
45885.00
45907.00
45844.00
45758.00
45793.00
45883.00
45904.00
45861.00
45781.00
45794.00
45878.00
45917.00
45864.00
45778.00
45780.00
45836.00
45903.00
45853.00
45770.00
45785.00
45866.00
45916.00
45870.00
45792.00
45763.00
45825.00
45890.00
45856.00
45780.00
45757.00
45823.00
45899.00
45878.00
45799.00
45755.00
45816.00
45888.00
45867.00
45797.00
45748.00
45804.00
45888.00
45881.00
45797.00
45759.00
45805.00
45891.00
45887.00
45815.00
45745.00
45778.00
45865.00
45880.00
45810.00
45762.00
45788.00
45871.00
45887.00
45833.00
45769.00
45778.00
45853.00
45888.00
45835.00
45775.00
45778.00
45855.00
45893.00
45847.00
45755.00
45761.00
45836.00
45897.00
45853.00
45778.00
45766.00
45854.00
45914.00
45870.00
45792.00
45754.00
45828.00
45902.00
45862.00
45796.00
45768.00
45817.00
45904.00
45880.00
45792.00
45751.00
45804.00
45903.00
45875.00
45806.00
45750.00
45788.00
45895.00
45881.00
45820.00
45748.00
45784.00
45882.00
45889.00
45807.00
45747.00
45797.00
45882.00
45891.00
45827.00
45760.00
45771.00
45865.00
45885.00
45847.00
45756.00
45771.00
45854.00
45904.00
45827.00
45755.00
45774.00
45840.00
45885.00
45853.00
45777.00
45771.00
45852.00
45892.00
45852.00
45754.00
45761.00
45810.00
45889.00
45847.00
45773.00
45759.00
45822.00
45895.00
45858.00
45778.00
45741.00
45809.00
45892.00
45862.00
45785.00
45741.00
45801.00
45892.00
45880.00
45792.00
45737.00
45788.00
45889.00
45881.00
45803.00
45759.00
45781.00
45874.00
45890.00
45816.00
45768.00
45781.00
45869.00
45896.00
45811.00
45752.00
45764.00
45852.00
45895.00
45811.00
45758.00
45761.00
45851.00
45884.00
45837.00
45755.00
45753.00
45824.00
45900.00
45836.00
45754.00
45743.00
45848.00
45897.00
45849.00
45766.00
45750.00
45823.00
45887.00
45856.00
45775.00
45751.00
45818.00
45901.00
45869.00
45799.00
45754.00
45812.00
45894.00
45866.00
45804.00
45754.00
45796.00
45922.00
45910.00
45846.00
45799.00
45860.00
45960.00
45969.00
45921.00
45885.00
45940.00
46068.00
46127.00
46104.00
46086.00
46174.00
46338.00
46434.00
46467.00
46469.00
46596.00
46782.00
46926.00
46973.00
46982.00
47104.00
47322.00
47484.00
47525.00
47535.00
47604.00
47776.00
47892.00
47873.00
47814.00
47817.00
47890.00
47980.00
47933.00
47848.00
47822.00
47894.00
47976.00
47941.00
47836.00
47811.00
47881.00
47990.00
47970.00
47913.00
47904.00
48010.00
48151.00
48189.00
48180.00
48169.00
48269.00
48404.00
48459.00
48434.00
48452.00
48533.00
48671.00
48698.00
48619.00
48581.00
48621.00
48804.00
48852.00
48864.00
48841.00
48920.00
49037.00
49068.00
49063.00
49054.00
49121.00
49285.00
49384.00
49388.00
49341.00
49371.00
49501.00
49610.00
49618.00
49620.00
49689.00
49866.00
50019.00
50052.00
50045.00
50099.00
50243.00
50400.00
50440.00
50415.00
50439.00
50537.00
50670.00
50689.00
50641.00
50656.00
50773.00
50913.00
50918.00
50882.00
50880.00
51011.00
51162.00
51185.00
51130.00
51105.00
51198.00
51341.00
51367.00
51327.00
51278.00
51350.00
51470.00
51485.00
51388.00
51315.00
51363.00
51476.00
51461.00
51352.00
51212.00
51177.00
51266.00
51259.00
51132.00
50997.00
51000.00
51135.00
51218.00
51161.00
51073.00
51072.00
51185.00
51276.00
51218.00
51105.00
51089.00
51203.00
51296.00
51246.00
51138.00
51117.00
51219.00
51325.00
51315.00
51225.00
51201.00
51296.00
51395.00
51357.00
51207.00
51138.00
51188.00
51287.00
51257.00
51145.00
51087.00
51128.00
51229.00
51200.00
51107.00
51054.00
51097.00
51241.00
51235.00
51128.00
51043.00
51074.00
51192.00
51188.00
51106.00
50993.00
51005.00
51102.00
51140.00
51037.00
50918.00
50907.00
50983.00
51015.00
50898.00
50779.00
50765.00
50849.00
50902.00
50822.00
50722.00
50726.00
50835.00
50898.00
50821.00
50702.00
50671.00
50775.00
50881.00
50848.00
50768.00
50734.00
50789.00
50866.00
50777.00
50612.00
50518.00
50524.00
50542.00
50452.00
50282.00
50137.00
50132.00
50176.00
50067.00
49922.00
49808.00
49834.00
49927.00
49919.00
49840.00
49772.00
49831.00
49963.00
49957.00
49853.00
49755.00
49753.00
49820.00
49789.00
49657.00
49521.00
49479.00
49542.00
49552.00
49524.00
49473.00
49532.00
49666.00
49771.00
49756.00
49668.00
49642.00
49728.00
49778.00
49737.00
49661.00
49661.00
49738.00
49834.00
49810.00
49712.00
49713.00
49762.00
49861.00
49809.00
49751.00
49720.00
49811.00
49922.00
49872.00
49775.00
49712.00
49751.00
49832.00
49805.00
49726.00
49685.00
49717.00
49803.00
49762.00
49641.00
49526.00
49520.00
49568.00
49513.00
49389.00
49258.00
49251.00
49293.00
49241.00
49085.00
48929.00
48835.00
48835.00
48757.00
48586.00
48407.00
48314.00
48301.00
48250.00
48058.00
47858.00
47745.00
47711.00
47669.00
47537.00
47368.00
47279.00
47277.00
47268.00
47133.00
46967.00
46897.00
46900.00
46925.00
46839.00
46718.00
46646.00
46680.00
46708.00
46664.00
46559.00
46514.00
46546.00
46595.00
46549.00
46479.00
46408.00
46453.00
46527.00
46495.00
46409.00
46357.00
46401.00
46474.00
46457.00
46378.00
46315.00
46342.00
46408.00
46417.00
46364.00
46282.00
46285.00
46386.00
46398.00
46348.00
46268.00
46281.00
46329.00
46359.00
46308.00
46232.00
46241.00
46313.00
46361.00
46285.00
46211.00
46205.00
46278.00
46326.00
46285.00
46204.00
46180.00
46246.00
46315.00
46269.00
46210.00
46187.00
46258.00
46326.00
46281.00
46200.00
46182.00
46250.00
46313.00
46271.00
46194.00
46177.00
46224.00
46307.00
46295.00
46226.00
46167.00
46225.00
46307.00
46297.00
46220.00
46172.00
46216.00
46303.00
46312.00
46238.00
46207.00
46231.00
46324.00
46330.00
46262.00
46210.00
46221.00
46300.00
46340.00
46273.00
46216.00
46219.00
46310.00
46344.00
46297.00
46216.00
46215.00
46298.00
46336.00
46289.00
46209.00
46206.00
46278.00
46352.00
46302.00
46230.00
46206.00
46274.00
46341.00
46296.00
46213.00
46189.00
46260.00
46333.00
46301.00
46225.00
46193.00
46242.00
46323.00
46285.00
46218.00
46171.00
46234.00
46306.00
46294.00
46220.00
46168.00
46216.00
46298.00
46268.00
46228.00
46172.00
46203.00
46286.00
46290.00
46209.00
46164.00
46204.00
46289.00
46298.00
46230.00
46181.00
46205.00
46292.00
46320.00
46232.00
46197.00
46221.00
46315.00
46353.00
46301.00
46243.00
46270.00
46388.00
46449.00
46421.00
46370.00
46384.00
46494.00
46581.00
46563.00
46527.00
46546.00
46662.00
46782.00
46811.00
46792.00
46835.00
46970.00
47138.00
47191.00
47192.00
47253.00
47449.00
47658.00
47774.00
47832.00
47949.00
48189.00
48478.00
48686.00
48837.00
49013.00
49309.00
49655.00
49861.00
49994.00
50109.00
50356.00
50659.00
50828.00
50881.00
50921.00
51055.00
51272.00
51411.00
51443.00
51473.00
51613.00
51871.00
52013.00
52087.00
52150.00
52302.00
52624.00
52866.00
52963.00
53007.00
53113.00
53307.00
53451.00
53457.00
53414.00
53453.00
53561.00
53651.00
53596.00
53500.00
53461.00
53509.00
53558.00
53474.00
53330.00
53264.00
53300.00
53370.00
53315.00
53218.00
53162.00
53218.00
53319.00
53272.00
53199.00
53108.00
53148.00
53253.00
53207.00
53104.00
53000.00
52986.00
53047.00
53002.00
52890.00
52756.00
52707.00
52741.00
52701.00
52579.00
52423.00
52360.00
52406.00
52351.00
52221.00
52071.00
52025.00
52071.00
52033.00
51861.00
51691.00
51638.00
51668.00
51601.00
51424.00
51221.00
51153.00
51207.00
51177.00
50989.00
50749.00
50634.00
50646.00
50646.00
50451.00
50211.00
50072.00
50038.00
50023.00
49850.00
49652.00
49471.00
49400.00
49389.00
49249.00
49077.00
48938.00
48875.00
48872.00
48738.00
48521.00
48344.00
48299.00
48311.00
48186.00
47995.00
47831.00
47769.00
47766.00
47681.00
47528.00
47382.00
47351.00
47383.00
47348.00
47206.00
47076.00
47050.00
47096.00
47096.00
47012.00
46897.00
46882.00
46938.00
46962.00
46860.00
46756.00
46739.00
46784.00
46835.00
46744.00
46639.00
46601.00
46678.00
46717.00
46636.00
46547.00
46506.00
46546.00
46601.00
46561.00
46465.00
46429.00
46464.00
46548.00
46513.00
46421.00
46383.00
46418.00
46502.00
46496.00
46404.00
46352.00
46423.00
46533.00
46507.00
46464.00
46415.00
46466.00
46570.00
46596.00
46558.00
46513.00
46593.00
46749.00
46789.00
46765.00
46754.00
46880.00
47045.00
47175.00
47199.00
47222.00
47360.00
47582.00
47790.00
47897.00
48005.00
48185.00
48475.00
48739.00
48917.00
49078.00
49363.00
49734.00
50062.00
50231.00
50348.00
50580.00
50867.00
51127.00
51208.00
51225.00
51347.00
51578.00
51841.00
51926.00
52004.00
52112.00
52359.00
52633.00
52783.00
52825.00
52917.00
53111.00
53329.00
53400.00
53399.00
53383.00
53507.00
53654.00
53687.00
53626.00
53538.00
53560.00
53658.00
53652.00
53543.00
53409.00
53407.00
53485.00
53479.00
53396.00
53291.00
53304.00
53382.00
53425.00
53348.00
53241.00
53235.00
53325.00
53361.00
53277.00
53157.00
53138.00
53199.00
53239.00
53142.00
53001.00
52955.00
52997.00
53016.00
52887.00
52722.00
52638.00
52680.00
52735.00
52627.00
52475.00
52358.00
52362.00
52430.00
52334.00
52159.00
52016.00
52012.00
52096.00
52004.00
51860.00
51716.00
51683.00
51701.00
51631.00
51470.00
51312.00
51264.00
51272.00
51185.00
51010.00
50844.00
50795.00
50809.00
50723.00
50518.00
50310.00
50266.00
50280.00
50192.00
49987.00
49769.00
49647.00
49670.00
49623.00
49453.00
49266.00
49147.00
49131.00
49090.00
48919.00
48723.00
48583.00
48535.00
48510.00
48351.00
48137.00
47978.00
47933.00
47908.00
47783.00
47625.00
47500.00
47461.00
47472.00
47365.00
47190.00
47081.00
47077.00
47126.00
47055.00
46931.00
46844.00
46864.00
46931.00
46892.00
46785.00
46710.00
46743.00
46811.00
46796.00
46706.00
46627.00
46640.00
46723.00
46742.00
46678.00
46612.00
46634.00
46738.00
46763.00
46727.00
46664.00
46681.00
46794.00
46867.00
46846.00
46802.00
46842.00
46978.00
47095.00
47097.00
47067.00
47121.00
47280.00
47446.00
47474.00
47474.00
47549.00
47730.00
47939.00
48022.00
48079.00
48194.00
48414.00
48670.00
48816.00
48909.00
49055.00
49317.00
49596.00
49762.00
49861.00
49973.00
50174.00
50455.00
50612.00
50686.00
50750.00
50941.00
51178.00
51279.00
51323.00
51388.00
51571.00
51867.00
52011.00
52015.00
52041.00
52202.00
52493.00
52650.00
52699.00
52714.00
52814.00
53050.00
53208.00
53229.00
53189.00
53221.00
53314.00
53400.00
53351.00
53307.00
53306.00
53421.00
53499.00
53442.00
53340.00
53309.00
53381.00
53454.00
53398.00
53281.00
53244.00
53303.00
53399.00
53333.00
53223.00
53168.00
53211.00
53315.00
53271.00
53159.00
53076.00
53116.00
53210.00
53147.00
53032.00
52930.00
52939.00
53006.00
52940.00
52816.00
52702.00
52718.00
52768.00
52700.00
52531.00
52347.00
52347.00
52420.00
52370.00
52205.00
52029.00
51995.00
52066.00
52030.00
51882.00
51671.00
51617.00
51662.00
51681.00
51516.00
51311.00
51224.00
51241.00
51269.00
51163.00
50998.00
50888.00
50845.00
50835.00
50687.00
50499.00
50377.00
50387.00
50375.00
50234.00
50013.00
49866.00
49825.00
49799.00
49640.00
49425.00
49241.00
49173.00
49165.00
49042.00
48859.00
48723.00
48682.00
48680.00
48554.00
48376.00
48243.00
48205.00
48235.00
48152.00
48004.00
47847.00
47782.00
47797.00
47738.00
47586.00
47441.00
47404.00
47446.00
47424.00
47321.00
47214.00
47180.00
47229.00
47250.00
47163.00
47073.00
47056.00
47135.00
47178.00
47115.00
47048.00
47023.00
47140.00
47227.00
47195.00
47122.00
47132.00
47242.00
47365.00
47372.00
47322.00
47341.00
47458.00
47600.00
47616.00
47608.00
47676.00
47849.00
48056.00
48175.00
48219.00
48336.00
48556.00
48818.00
48997.00
49111.00
49244.00
49469.00
49772.00
49954.00
50059.00
50160.00
50356.00
50598.00
50740.00
50809.00
50856.00
50999.00
51235.00
51404.00
51490.00
51568.00
51800.00
52102.00
52321.00
52404.00
52434.00
52560.00
52769.00
52943.00
52971.00
52963.00
53049.00
53214.00
53365.00
53387.00
53343.00
53361.00
53479.00
53562.00
53499.00
53394.00
53360.00
53401.00
53485.00
53428.00
53296.00
53245.00
53319.00
53425.00
53417.00
53336.00
53303.00
53354.00
53454.00
53397.00
53277.00
53186.00
53215.00
53300.00
53262.00
53138.00
53028.00
53019.00
53076.00
53031.00
52903.00
52785.00
52804.00
52855.00
52858.00
52765.00
52698.00
52699.00
52798.00
52791.00
52662.00
52513.00
52475.00
52528.00
52509.00
52326.00
52147.00
52091.00
52159.00
52147.00
51994.00
51812.00
51717.00
51732.00
51694.00
51522.00
51371.00
51307.00
51333.00
51318.00
51151.00
50932.00
50817.00
50812.00
50852.00
50708.00
50507.00
50362.00
50328.00
50365.00
50241.00
50046.00
49907.00
49861.00
49869.00
49750.00
49574.00
49404.00
49362.00
49379.00
49265.00
49096.00
48921.00
48851.00
48843.00
48741.00
48585.00
48409.00
48353.00
48339.00
48276.00
48106.00
47929.00
47866.00
47871.00
47828.00
47696.00
47517.00
47442.00
47442.00
47403.00
47262.00
47094.00
47065.00
47105.00
47101.00
47005.00
46867.00
46839.00
46893.00
46924.00
46849.00
46730.00
46689.00
46741.00
46792.00
46721.00
46624.00
46574.00
46633.00
46706.00
46677.00
46584.00
46543.00
46602.00
46688.00
46674.00
46588.00
46544.00
46603.00
46707.00
46700.00
46655.00
46612.00
46688.00
46797.00
46828.00
46791.00
46771.00
46846.00
46994.00
47057.00
47030.00
47018.00
47120.00
47284.00
47411.00
47434.00
47455.00
47573.00
47784.00
47937.00
48021.00
48082.00
48238.00
48506.00
48744.00
48927.00
49050.00
49280.00
49565.00
49833.00
49955.00
50026.00
50199.00
50459.00
50732.00
50821.00
50856.00
50962.00
51188.00
51406.00
51492.00
51497.00
51614.00
51811.00
52029.00
52119.00
52170.00
52301.00
52504.00
52760.00
52823.00
52809.00
52835.00
52990.00
53187.00
53262.00
53217.00
53199.00
53280.00
53425.00
53452.00
53415.00
53360.00
53413.00
53528.00
53544.00
53444.00
53361.00
53361.00
53422.00
53403.00
53278.00
53152.00
53140.00
53207.00
53200.00
53101.00
52994.00
52989.00
53067.00
53092.00
53002.00
52881.00
52865.00
52946.00
52982.00
52881.00
52768.00
52758.00
52823.00
52861.00
52779.00
52644.00
52618.00
52693.00
52726.00
52596.00
52415.00
52309.00
52340.00
52367.00
52268.00
52084.00
51952.00
51981.00
52035.00
51963.00
51770.00
51606.00
51561.00
51554.00
51458.00
51307.00
51156.00
51104.00
51091.00
50973.00
50775.00
50617.00
50561.00
50547.00
50416.00
50237.00
50087.00
50038.00
50067.00
49904.00
49730.00
49496.00
49388.00
49379.00
49303.00
49118.00
48913.00
48800.00
48789.00
48717.00
48545.00
48369.00
48305.00
48296.00
48241.00
48083.00
47877.00
47789.00
47778.00
47766.00
47650.00
47498.00
47434.00
47450.00
47449.00
47320.00
47166.00
47095.00
47128.00
47186.00
47102.00
46988.00
46938.00
46967.00
47027.00
46970.00
46870.00
46816.00
46870.00
46932.00
46889.00
46808.00
46753.00
46805.00
46902.00
46884.00
46813.00
46763.00
46803.00
46899.00
46901.00
46859.00
46790.00
46859.00
46972.00
46998.00
46956.00
46930.00
46986.00
47128.00
47170.00
47163.00
47157.00
47217.00
47373.00
47474.00
47492.00
47504.00
47627.00
47814.00
47984.00
48075.00
48115.00
48274.00
48529.00
48788.00
48925.00
49037.00
49214.00
49470.00
49706.00
49841.00
49938.00
50091.00
50331.00
50566.00
50675.00
50742.00
50837.00
51057.00
51279.00
51384.00
51414.00
51497.00
51712.00
51956.00
52087.00
52133.00
52232.00
52444.00
52681.00
52731.00
52717.00
52763.00
52925.00
53145.00
53209.00
53212.00
53204.00
53286.00
53415.00
53408.00
53335.00
53273.00
53309.00
53391.00
53367.00
53254.00
53163.00
53184.00
53257.00
53218.00
53122.00
53029.00
53038.00
53132.00
53152.00
53057.00
52961.00
52955.00
53050.00
53063.00
52975.00
52872.00
52871.00
52966.00
52999.00
52920.00
52807.00
52802.00
52865.00
52883.00
52795.00
52659.00
52605.00
52656.00
52693.00
52585.00
52476.00
52417.00
52479.00
52490.00
52369.00
52218.00
52163.00
52198.00
52248.00
52130.00
51959.00
51847.00
51873.00
51922.00
51819.00
51672.00
51537.00
51542.00
51606.00
51527.00
51370.00
51234.00
51184.00
51183.00
51074.00
50882.00
50744.00
50709.00
50741.00
50642.00
50476.00
50317.00
50291.00
50329.00
50232.00
50049.00
49828.00
49770.00
49757.00
49686.00
49523.00
49333.00
49239.00
49240.00
49136.00
48952.00
48778.00
48693.00
48680.00
48608.00
48443.00
48260.00
48183.00
48210.00
48181.00
48045.00
47871.00
47800.00
47812.00
47780.00
47633.00
47465.00
47385.00
47388.00
47388.00
47279.00
47151.00
47112.00
47146.00
47176.00
47097.00
46982.00
46929.00
46999.00
47029.00
46975.00
46865.00
46830.00
46877.00
46960.00
46913.00
46814.00
46771.00
46820.00
46896.00
46874.00
46798.00
46747.00
46799.00
46913.00
46892.00
46824.00
46796.00
46855.00
46978.00
47012.00
46983.00
46972.00
47062.00
47231.00
47300.00
47310.00
47331.00
47468.00
47654.00
47786.00
47828.00
47893.00
48059.00
48299.00
48442.00
48543.00
48611.00
48838.00
49135.00
49376.00
49472.00
49580.00
49778.00
50064.00
50284.00
50380.00
50397.00
50562.00
50812.00
50990.00
51102.00
51123.00
51254.00
51511.00
51747.00
51798.00
51868.00
52047.00
52364.00
52600.00
52671.00
52652.00
52722.00
52916.00
53100.00
53132.00
53109.00
53146.00
53273.00
53414.00
53358.00
53274.00
53244.00
53307.00
53388.00
53348.00
53245.00
53192.00
53230.00
53334.00
53281.00
53161.00
53064.00
53093.00
53159.00
53125.00
53014.00
52943.00
52998.00
53103.00
53075.00
52972.00
52890.00
52930.00
53037.00
53023.00
52925.00
52827.00
52870.00
52946.00
52955.00
52854.00
52746.00
52751.00
52828.00
52801.00
52694.00
52584.00
52562.00
52635.00
52636.00
52528.00
52392.00
52371.00
52416.00
52400.00
52310.00
52179.00
52136.00
52190.00
52191.00
52062.00
51904.00
51863.00
51885.00
51878.00
51738.00
51584.00
51528.00
51587.00
51572.00
51431.00
51239.00
51165.00
51193.00
51196.00
51029.00
50798.00
50683.00
50694.00
50706.00
50537.00
50310.00
50152.00
50108.00
50081.00
49915.00
49658.00
49454.00
49407.00
49366.00
49186.00
48966.00
48764.00
48688.00
48632.00
48473.00
48263.00
48069.00
48013.00
48016.00
47894.00
47735.00
47573.00
47563.00
47562.00
47489.00
47330.00
47205.00
47188.00
47225.00
47177.00
47046.00
46921.00
46940.00
47000.00
46996.00
46921.00
46815.00
46824.00
46906.00
46906.00
46825.00
46739.00
46757.00
46845.00
46869.00
46795.00
46731.00
46734.00
46841.00
46883.00
46815.00
46754.00
46771.00
46873.00
46931.00
46894.00
46846.00
46856.00
46978.00
47067.00
47037.00
46994.00
47025.00
47176.00
47304.00
47311.00
47281.00
47345.00
47505.00
47652.00
47715.00
47718.00
47821.00
48010.00
48243.00
48346.00
48406.00
48556.00
48823.00
49100.00
49222.00
49340.00
49514.00
49756.00
50031.00
50168.00
50220.00
50310.00
50502.00
50741.00
50854.00
50874.00
50872.00
51030.00
51296.00
51449.00
51498.00
51586.00
51788.00
52060.00
52241.00
52308.00
52389.00
52531.00
52741.00
52806.00
52780.00
52754.00
52848.00
52991.00
52968.00
52859.00
52749.00
52789.00
52899.00
52929.00
52845.00
52727.00
52731.00
52806.00
52821.00
52731.00
52652.00
52653.00
52774.00
52817.00
52740.00
52636.00
52668.00
52758.00
52815.00
52730.00
52621.00
52621.00
52701.00
52749.00
52672.00
52565.00
52525.00
52598.00
52634.00
52522.00
52397.00
52352.00
52422.00
52432.00
52303.00
52151.00
52077.00
52115.00
52111.00
51973.00
51821.00
51752.00
51816.00
51873.00
51762.00
51580.00
51442.00
51455.00
51486.00
51389.00
51213.00
51083.00
51061.00
51103.00
51003.00
50839.00
50733.00
50748.00
50808.00
50700.00
50523.00
50394.00
50417.00
50497.00
50462.00
50317.00
50176.00
50138.00
50168.00
50078.00
49928.00
49756.00
49721.00
49738.00
49662.00
49473.00
49295.00
49241.00
49256.00
49145.00
48938.00
48766.00
48734.00
48789.00
48739.00
48583.00
48426.00
48389.00
48420.00
48411.00
48279.00
48152.00
48098.00
48148.00
48163.00
48053.00
47936.00
47918.00
47989.00
48038.00
47953.00
47856.00
47857.00
47956.00
48013.00
47948.00
47874.00
47885.00
48001.00
48110.00
48108.00
48076.00
48118.00
48252.00
48372.00
48378.00
48362.00
48408.00
48558.00
48692.00
48732.00
48732.00
48839.00
49027.00
49266.00
49396.00
49451.00
49541.00
49746.00
49998.00
50134.00
50195.00
50265.00
50430.00
50642.00
50763.00
50787.00
50872.00
51047.00
51251.00
51317.00
51362.00
51449.00
51687.00
51948.00
52083.00
52136.00
52192.00
52390.00
52605.00
52723.00
52713.00
52718.00
52835.00
53007.00
53074.00
53034.00
52995.00
53069.00
53225.00
53252.00
53196.00
53151.00
53198.00
53318.00
53337.00
53244.00
53142.00
53157.00
53241.00
53242.00
53122.00
52993.00
52983.00
53061.00
53104.00
53013.00
52908.00
52893.00
52971.00
53020.00
52929.00
52814.00
52794.00
52880.00
52928.00
52845.00
52721.00
52688.00
52764.00
52833.00
52756.00
52627.00
52568.00
52611.00
52662.00
52572.00
52414.00
52291.00
52310.00
52348.00
52284.00
52174.00
52095.00
52092.00
52104.00
52051.00
51920.00
51851.00
51870.00
51870.00
51750.00
51614.00
51516.00
51556.00
51620.00
51542.00
51387.00
51267.00
51308.00
51363.00
51248.00
51051.00
50869.00
50861.00
50942.00
50884.00
50707.00
50550.00
50519.00
50565.00
50505.00
50350.00
50166.00
50153.00
50236.00
50180.00
50013.00
49820.00
49751.00
49759.00
49665.00
49507.00
49342.00
49309.00
49364.00
49324.00
49193.00
48997.00
48946.00
48986.00
48950.00
48805.00
48641.00
48559.00
48585.00
48552.00
48450.00
48282.00
48259.00
48295.00
48307.00
48199.00
48060.00
48005.00
48073.00
48122.00
48036.00
47940.00
47954.00
48027.00
48118.00
48087.00
48008.00
47989.00
48087.00
48197.00
48179.00
48128.00
48141.00
48255.00
48370.00
48367.00
48328.00
48320.00
48424.00
48555.00
48583.00
48546.00
48548.00
48654.00
48802.00
48835.00
48806.00
48794.00
48906.00
49083.00
49119.00
49105.00
49105.00
49257.00
49463.00
49531.00
49494.00
49519.00
49688.00
49870.00
49910.00
49861.00
49795.00
49872.00
50021.00
50125.00
50128.00
50148.00
50218.00
50384.00
50511.00
50613.00
50654.00
50774.00
50976.00
51062.00
51074.00
51077.00
51135.00
51247.00
51270.00
51192.00
51114.00
51121.00
51227.00
51273.00
51187.00
51089.00
51126.00
51241.00
51300.00
51216.00
51096.00
51099.00
51220.00
51295.00
51229.00
51114.00
51085.00
51169.00
51248.00
51181.00
51081.00
51041.00
51086.00
51124.00
50998.00
50852.00
50790.00
50848.00
50920.00
50844.00
50711.00
50643.00
50716.00
50790.00
50726.00
50573.00
50461.00
50500.00
50574.00
50496.00
50387.00
50318.00
50375.00
50482.00
50428.00
50316.00
50260.00
50307.00
50453.00
50456.00
50373.00
50317.00
50382.00
50521.00
50509.00
50424.00
50351.00
50414.00
50544.00
50571.00
50506.00
50442.00
50521.00
50651.00
50665.00
50537.00
50383.00
50312.00
50308.00
50215.00
50025.00
49850.00
49772.00
49895.00
49917.00
49819.00
49667.00
49618.00
49653.00
49608.00
49458.00
49316.00
49263.00
49302.00
49263.00
49115.00
48964.00
48924.00
48956.00
48976.00
48891.00
48797.00
48769.00
48841.00
48897.00
48826.00
48712.00
48681.00
48737.00
48779.00
48693.00
48592.00
48591.00
48668.00
48731.00
48720.00
48701.00
48756.00
48844.00
48940.00
48905.00
48841.00
48804.00
48838.00
48916.00
48882.00
48797.00
48755.00
48815.00
48923.00
48943.00
48943.00
48972.00
49080.00
49247.00
49326.00
49340.00
49362.00
49487.00
49621.00
49678.00
49663.00
49676.00
49819.00
50003.00
50079.00
50100.00
50142.00
50298.00
50489.00
50633.00
50740.00
50826.00
51024.00
51283.00
51470.00
51591.00
51667.00
51839.00
52057.00
52154.00
52197.00
52211.00
52294.00
52425.00
52490.00
52479.00
52488.00
52588.00
52757.00
52865.00
52843.00
52809.00
52845.00
52917.00
52919.00
52856.00
52773.00
52775.00
52822.00
52866.00
52800.00
52701.00
52659.00
52709.00
52741.00
52666.00
52546.00
52497.00
52553.00
52597.00
52531.00
52420.00
52386.00
52421.00
52484.00
52440.00
52335.00
52285.00
52329.00
52398.00
52343.00
52237.00
52153.00
52187.00
52250.00
52209.00
52115.00
52037.00
52018.00
52063.00
51984.00
51857.00
51719.00
51699.00
51728.00
51679.00
51575.00
51460.00
51437.00
51471.00
51414.00
51301.00
51160.00
51122.00
51163.00
51109.00
50950.00
50789.00
50757.00
50791.00
50758.00
50633.00
50491.00
50471.00
50502.00
50435.00
50263.00
50065.00
50006.00
50012.00
49936.00
49767.00
49553.00
49475.00
49483.00
49451.00
49311.00
49126.00
49035.00
49001.00
48931.00
48736.00
48520.00
48390.00
48360.00
48341.00
48193.00
48032.00
47903.00
47898.00
47854.00
47722.00
47534.00
47424.00
47426.00
47439.00
47348.00
47237.00
47157.00
47186.00
47238.00
47184.00
47072.00
47041.00
47059.00
47143.00
47105.00
47037.00
46975.00
47038.00
47104.00
47102.00
47059.00
47048.00
47103.00
47213.00
47251.00
47219.00
47217.00
47334.00
47486.00
47534.00
47525.00
47548.00
47691.00
47892.00
47983.00
48025.00
48069.00
48218.00
48476.00
48602.00
48670.00
48760.00
48956.00
49210.00
49412.00
49500.00
49598.00
49781.00
50056.00
50306.00
50407.00
50429.00
50588.00
50844.00
51065.00
51177.00
51267.00
51392.00
51651.00
51911.00
52059.00
52167.00
52299.00
52473.00
52638.00
52641.00
52648.00
52716.00
52870.00
52982.00
52920.00
52817.00
52779.00
52846.00
52907.00
52846.00
52705.00
52630.00
52670.00
52727.00
52670.00
52578.00
52532.00
52597.00
52672.00
52611.00
52510.00
52462.00
52508.00
52582.00
52523.00
52408.00
52339.00
52371.00
52439.00
52389.00
52274.00
52203.00
52196.00
52237.00
52170.00
52045.00
51953.00
51960.00
52041.00
52010.00
51894.00
51766.00
51746.00
51789.00
51735.00
51652.00
51517.00
51495.00
51533.00
51499.00
51369.00
51251.00
51252.00
51306.00
51255.00
51105.00
50946.00
50892.00
50913.00
50861.00
50692.00
50504.00
50433.00
50441.00
50381.00
50219.00
49987.00
49876.00
49807.00
49740.00
49575.00
49370.00
49270.00
49233.00
49171.00
48991.00
48743.00
48585.00
48547.00
48516.00
48374.00
48176.00
48044.00
47985.00
47927.00
47765.00
47607.00
47495.00
47479.00
47473.00
47341.00
47168.00
47071.00
47095.00
47154.00
47070.00
46950.00
46868.00
46897.00
46932.00
46897.00
46801.00
46749.00
46794.00
46848.00
46841.00
46760.00
46693.00
46748.00
46836.00
46821.00
46756.00
46729.00
46772.00
46871.00
46875.00
46830.00
46796.00
46859.00
46984.00
47013.00
46989.00
46971.00
47065.00
47214.00
47282.00
47304.00
47301.00
47412.00
47634.00
47751.00
47812.00
47847.00
47991.00
48214.00
48385.00
48458.00
48538.00
48694.00
48934.00
49107.00
49203.00
49256.00
49417.00
49639.00
49834.00
49902.00
49908.00
50015.00
50226.00
50417.00
50515.00
50605.00
50763.00
51042.00
51270.00
51364.00
51439.00
51557.00
51754.00
51970.00
51992.00
51949.00
51995.00
52178.00
52331.00
52365.00
52374.00
52448.00
52588.00
52727.00
52725.00
52671.00
52692.00
52808.00
52931.00
52892.00
52811.00
52797.00
52859.00
52964.00
52889.00
52785.00
52728.00
52790.00
52876.00
52851.00
52764.00
52681.00
52721.00
52819.00
52789.00
52676.00
52592.00
52596.00
52688.00
52658.00
52544.00
52429.00
52437.00
52527.00
52513.00
52414.00
52277.00
52289.00
52348.00
52326.00
52194.00
52061.00
52041.00
52081.00
52091.00
51980.00
51844.00
51809.00
51879.00
51876.00
51758.00
51576.00
51517.00
51544.00
51551.00
51461.00
51338.00
51287.00
51308.00
51288.00
51147.00
51004.00
50960.00
50964.00
50928.00
50758.00
50606.00
50507.00
50530.00
50508.00
50365.00
50144.00
50013.00
49964.00
49926.00
49751.00
49552.00
49426.00
49385.00
49355.00
49162.00
48927.00
48745.00
48663.00
48592.00
48424.00
48228.00
48078.00
48042.00
48022.00
47905.00
47710.00
47573.00
47554.00
47562.00
47455.00
47322.00
47219.00
47193.00
47243.00
47179.00
47062.00
46977.00
46987.00
47029.00
46993.00
46918.00
46811.00
46816.00
46887.00
46872.00
46756.00
46689.00
46693.00
46751.00
46748.00
46672.00
46591.00
46617.00
46697.00
46714.00
46647.00
46582.00
46624.00
46718.00
46743.00
46706.00
46651.00
46685.00
46784.00
46857.00
46823.00
46787.00
46845.00
46975.00
47088.00
47101.00
47106.00
47195.00
47356.00
47516.00
47581.00
47632.00
47747.00
47966.00
48168.00
48261.00
48332.00
48464.00
48704.00
48912.00
49019.00
49063.00
49209.00
49449.00
49702.00
49780.00
49806.00
49929.00
50145.00
50353.00
50443.00
50451.00
50521.00
50684.00
50877.00
50975.00
51049.00
51157.00
51355.00
51622.00
51746.00
51842.00
51953.00
52119.00
52319.00
52385.00
52404.00
52435.00
52515.00
52680.00
52714.00
52643.00
52558.00
52572.00
52674.00
52619.00
52515.00
52410.00
52422.00
52507.00
52480.00
52380.00
52297.00
52322.00
52418.00
52426.00
52346.00
52255.00
52273.00
52373.00
52380.00
52298.00
52179.00
52178.00
52267.00
52288.00
52196.00
52071.00
52066.00
52156.00
52181.00
52099.00
52007.00
51998.00
52078.00
52107.00
52024.00
51910.00
51864.00
51931.00
51955.00
51856.00
51710.00
51682.00
51739.00
51742.00
51624.00
51468.00
51415.00
51465.00
51490.00
51369.00
51178.00
51080.00
51099.00
51128.00
51035.00
50888.00
50768.00
50796.00
50821.00
50716.00
50524.00
50408.00
50401.00
50450.00
50342.00
50134.00
49998.00
49938.00
49909.00
49742.00
49528.00
49334.00
49295.00
49285.00
49143.00
48934.00
48748.00
48656.00
48644.00
48496.00
48305.00
48140.00
48071.00
48048.00
47947.00
47772.00
47620.00
47562.00
47581.00
47475.00
47309.00
47163.00
47117.00
47157.00
47115.00
47005.00
46884.00
46867.00
46921.00
46912.00
46829.00
46722.00
46704.00
46764.00
46766.00
46680.00
46615.00
46614.00
46671.00
46710.00
46645.00
46559.00
46570.00
46645.00
46681.00
46613.00
46548.00
46556.00
46633.00
46686.00
46660.00
46605.00
46605.00
46689.00
46778.00
46741.00
46704.00
46716.00
46828.00
46915.00
46919.00
46877.00
46910.00
47052.00
47192.00
47229.00
47246.00
47284.00
47439.00
47623.00
47726.00
47782.00
47935.00
48189.00
48452.00
48608.00
48708.00
48828.00
49103.00
49407.00
49580.00
49686.00
49804.00
50016.00
50260.00
50390.00
50426.00
50515.00
50693.00
50915.00
50992.00
51112.00
51245.00
51455.00
51749.00
51932.00
52059.00
52140.00
52305.00
52525.00
52616.00
52595.00
52553.00
52643.00
52772.00
52764.00
52699.00
52610.00
52625.00
52689.00
52696.00
52622.00
52501.00
52492.00
52530.00
52541.00
52472.00
52364.00
52371.00
52471.00
52493.00
52420.00
52312.00
52300.00
52371.00
52421.00
52338.00
52222.00
52204.00
52258.00
52295.00
52220.00
52076.00
52043.00
52112.00
52174.00
52104.00
51972.00
51924.00
51982.00
52042.00
51946.00
51798.00
51717.00
51757.00
51798.00
51703.00
51538.00
51445.00
51450.00
51495.00
51422.00
51285.00
51186.00
51162.00
51202.00
51102.00
50949.00
50821.00
50839.00
50869.00
50797.00
50649.00
50531.00
50566.00
50603.00
50485.00
50258.00
50084.00
50037.00
50072.00
49968.00
49721.00
49514.00
49458.00
49483.00
49391.00
49211.00
49010.00
48929.00
48885.00
48760.00
48612.00
48437.00
48390.00
48396.00
48330.00
48180.00
48020.00
47971.00
48025.00
47971.00
47840.00
47677.00
47605.00
47619.00
47579.00
47454.00
47299.00
47279.00
47319.00
47331.00
47222.00
47109.00
47082.00
47133.00
47178.00
47110.00
46999.00
46979.00
47034.00
47088.00
47008.00
46930.00
46915.00
46986.00
47051.00
47001.00
46914.00
46912.00
47007.00
47101.00
47083.00
47034.00
47034.00
47153.00
47270.00
47284.00
47260.00
47285.00
47425.00
47580.00
47624.00
47628.00
47716.00
47889.00
48110.00
48205.00
48250.00
48324.00
48555.00
48824.00
49025.00
49117.00
49228.00
49434.00
49691.00
49847.00
49911.00
50014.00
50206.00
50434.00
50517.00
50528.00
50550.00
50732.00
51064.00
51344.00
51455.00
51558.00
51847.00
52181.00
52364.00
52442.00
52449.00
52545.00
52700.00
52792.00
52760.00
52705.00
52752.00
52858.00
52873.00
52779.00
52644.00
52642.00
52711.00
52721.00
52602.00
52477.00
52438.00
52522.00
52556.00
52478.00
52371.00
52340.00
52414.00
52453.00
52380.00
52266.00
52261.00
52330.00
52392.00
52319.00
52189.00
52151.00
52216.00
52277.00
52200.00
52091.00
52036.00
52091.00
52140.00
52045.00
51902.00
51801.00
51832.00
51898.00
51782.00
51632.00
51528.00
51576.00
51632.00
51563.00
51401.00
51255.00
51243.00
51274.00
51154.00
51000.00
50835.00
50822.00
50896.00
50823.00
50689.00
50530.00
50495.00
50517.00
50405.00
50217.00
50028.00
49974.00
49991.00
49879.00
49748.00
49554.00
49497.00
49499.00
49380.00
49171.00
48963.00
48856.00
48861.00
48753.00
48548.00
48360.00
48295.00
48276.00
48204.00
48050.00
47878.00
47829.00
47835.00
47810.00
47679.00
47528.00
47475.00
47529.00
47520.00
47409.00
47274.00
47229.00
47263.00
47272.00
47199.00
47101.00
47079.00
47141.00
47168.00
47093.00
47008.00
46995.00
47079.00
47155.00
47095.00
47017.00
46992.00
47080.00
47189.00
47153.00
47103.00
47115.00
47214.00
47344.00
47353.00
47361.00
47376.00
47543.00
47726.00
47823.00
47874.00
47966.00
48180.00
48381.00
48472.00
48504.00
48582.00
48788.00
49043.00
49200.00
49262.00
49321.00
49521.00
49784.00
49897.00
49968.00
50102.00
50331.00
50578.00
50716.00
50834.00
50963.00
51207.00
51533.00
51759.00
51860.00
51948.00
52151.00
52408.00
52507.00
52505.00
52473.00
52567.00
52746.00
52832.00
52805.00
52773.00
52812.00
52943.00
52978.00
52912.00
52818.00
52829.00
52935.00
52977.00
52890.00
52795.00
52799.00
52893.00
52914.00
52828.00
52710.00
52684.00
52749.00
52786.00
52687.00
52559.00
52522.00
52581.00
52618.00
52517.00
52372.00
52329.00
52388.00
52445.00
52357.00
52242.00
52184.00
52217.00
52275.00
52192.00
52048.00
51977.00
52006.00
52065.00
51981.00
51835.00
51754.00
51774.00
51816.00
51729.00
51577.00
51479.00
51499.00
51567.00
51485.00
51349.00
51247.00
51287.00
51354.00
51257.00
51094.00
50966.00
50972.00
51047.00
50983.00
50818.00
50675.00
50671.00
50708.00
50656.00
50488.00
50310.00
50251.00
50292.00
50238.00
50076.00
49894.00
49818.00
49800.00
49723.00
49555.00
49374.00
49302.00
49300.00
49206.00
49016.00
48798.00
48702.00
48713.00
48637.00
48478.00
48292.00
48211.00
48225.00
48178.00
48023.00
47847.00
47781.00
47786.00
47758.00
47633.00
47485.00
47414.00
47429.00
47418.00
47322.00
47164.00
47108.00
47122.00
47169.00
47099.00
46975.00
46961.00
47022.00
47101.00
47053.00
46988.00
46963.00
47038.00
47120.00
47108.00
47034.00
47039.00
47145.00
47271.00
47280.00
47253.00
47265.00
47389.00
47553.00
47616.00
47631.00
47693.00
47832.00
48037.00
48138.00
48219.00
48363.00
48594.00
48866.00
49020.00
49088.00
49176.00
49435.00
49743.00
49923.00
49989.00
50053.00
50256.00
50517.00
50706.00
50830.00
50966.00
51189.00
51479.00
51697.00
51837.00
51928.00
52120.00
52351.00
52445.00
52454.00
52448.00
52521.00
52687.00
52781.00
52741.00
52669.00
52719.00
52857.00
52904.00
52804.00
52650.00
52587.00
52627.00
52640.00
52552.00
52423.00
52400.00
52449.00
52486.00
52408.00
52288.00
52253.00
52307.00
52370.00
52284.00
52167.00
52136.00
52169.00
52231.00
52160.00
52055.00
51994.00
52048.00
52109.00
52033.00
51912.00
51826.00
51826.00
51842.00
51741.00
51611.00
51543.00
51576.00
51604.00
51519.00
51409.00
51324.00
51346.00
51408.00
51348.00
51204.00
51090.00
51084.00
51149.00
51063.00
50902.00
50767.00
50773.00
50841.00
50796.00
50659.00
50537.00
50523.00
50554.00
50504.00
50349.00
50204.00
50152.00
50181.00
50125.00
49953.00
49780.00
49742.00
49783.00
49737.00
49547.00
49354.00
49271.00
49248.00
49173.00
48987.00
48767.00
48667.00
48661.00
48575.00
48402.00
48185.00
48088.00
48076.00
48060.00
47929.00
47781.00
47696.00
47714.00
47715.00
47593.00
47427.00
47362.00
47396.00
47420.00
47323.00
47205.00
47142.00
47176.00
47240.00
47155.00
47068.00
47018.00
47075.00
47158.00
47120.00
47060.00
47020.00
47079.00
47190.00
47191.00
47147.00
47136.00
47226.00
47367.00
47401.00
47362.00
47366.00
47517.00
47690.00
47763.00
47768.00
47789.00
47927.00
48141.00
48265.00
48326.00
48410.00
48593.00
48869.00
49053.00
49213.00
49308.00
49519.00
49805.00
50022.00
50093.00
50202.00
50419.00
50679.00
50847.00
50955.00
51068.00
51279.00
51566.00
51782.00
51883.00
51910.00
52034.00
52241.00
52361.00
52366.00
52333.00
52397.00
52512.00
52614.00
52569.00
52511.00
52541.00
52631.00
52677.00
52604.00
52518.00
52489.00
52565.00
52625.00
52559.00
52454.00
52411.00
52461.00
52524.00
52441.00
52310.00
52258.00
52299.00
52370.00
52298.00
52170.00
52105.00
52157.00
52250.00
52194.00
52092.00
52021.00
52067.00
52157.00
52095.00
51975.00
51881.00
51865.00
51923.00
51878.00
51759.00
51673.00
51695.00
51736.00
51669.00
51522.00
51397.00
51390.00
51485.00
51448.00
51313.00
51179.00
51170.00
51277.00
51285.00
51169.00
51029.00
50974.00
51019.00
51040.00
50944.00
50809.00
50780.00
50817.00
50804.00
50720.00
50577.00
50537.00
50586.00
50545.00
50418.00
50266.00
50216.00
50275.00
50312.00
50181.00
50028.00
49969.00
50008.00
50069.00
49956.00
49818.00
49733.00
49754.00
49776.00
49717.00
49559.00
49469.00
49460.00
49444.00
49300.00
49130.00
49071.00
49062.00
49060.00
48951.00
48746.00
48598.00
48567.00
48559.00
48432.00
48247.00
48130.00
48119.00
48159.00
48081.00
47949.00
47859.00
47874.00
47912.00
47831.00
47688.00
47577.00
47566.00
47615.00
47549.00
47427.00
47321.00
47316.00
47391.00
47359.00
47267.00
47178.00
47187.00
47269.00
47293.00
47220.00
47167.00
47206.00
47321.00
47342.00
47307.00
47271.00
47339.00
47464.00
47526.00
47506.00
47485.00
47557.00
47732.00
47864.00
47886.00
47911.00
48047.00
48232.00
48407.00
48486.00
48551.00
48687.00
48909.00
49141.00
49289.00
49373.00
49509.00
49741.00
49949.00
49987.00
50044.00
50155.00
50347.00
50540.00
50635.00
50740.00
50929.00
51221.00
51538.00
51732.00
51828.00
51971.00
52194.00
52406.00
52453.00
52418.00
52420.00
52569.00
52728.00
52729.00
52677.00
52657.00
52781.00
52904.00
52889.00
52813.00
52772.00
52851.00
52933.00
52888.00
52773.00
52703.00
52756.00
52829.00
52784.00
52646.00
52552.00
52562.00
52651.00
52640.00
52538.00
52429.00
52419.00
52509.00
52487.00
52383.00
52274.00
52274.00
52365.00
52360.00
52288.00
52178.00
52196.00
52292.00
52334.00
52248.00
52099.00
52059.00
52110.00
52124.00
52021.00
51891.00
51841.00
51946.00
51980.00
51856.00
51677.00
51599.00
51620.00
51633.00
51533.00
51397.00
51335.00
51388.00
51404.00
51302.00
51168.00
51106.00
51162.00
51192.00
51089.00
50988.00
50949.00
51012.00
51071.00
50989.00
50865.00
50804.00
50889.00
50976.00
50894.00
50758.00
50650.00
50681.00
50735.00
50645.00
50458.00
50307.00
50288.00
50323.00
50263.00
50125.00
50003.00
50007.00
50061.00
49980.00
49793.00
49636.00
49591.00
49602.00
49494.00
49298.00
49078.00
48990.00
48990.00
48898.00
48712.00
48527.00
48446.00
48436.00
48383.00
48249.00
48100.00
48078.00
48119.00
48107.00
48035.00
47913.00
47915.00
47997.00
48037.00
47966.00
47881.00
47914.00
48017.00
48084.00
48040.00
47983.00
48019.00
48153.00
48281.00
48295.00
48293.00
48369.00
48539.00
48711.00
48757.00
48744.00
48818.00
49037.00
49247.00
49337.00
49372.00
49471.00
49687.00
49927.00
50075.00
50174.00
50288.00
50499.00
50747.00
50871.00
50926.00
51047.00
51296.00
51582.00
51716.00
51737.00
51849.00
52074.00
52283.00
52342.00
52346.00
52356.00
52479.00
52650.00
52671.00
52648.00
52618.00
52686.00
52818.00
52808.00
52722.00
52659.00
52715.00
52785.00
52748.00
52645.00
52543.00
52563.00
52638.00
52635.00
52558.00
52476.00
52496.00
52564.00
52549.00
52492.00
52389.00
52394.00
52459.00
52478.00
52376.00
52272.00
52273.00
52353.00
52361.00
52281.00
52173.00
52173.00
52271.00
52290.00
52200.00
52062.00
52016.00
52058.00
52050.00
51947.00
51821.00
51759.00
51781.00
51798.00
51696.00
51559.00
51494.00
51512.00
51516.00
51453.00
51311.00
51254.00
51298.00
51343.00
51250.00
51105.00
51046.00
51094.00
51134.00
51005.00
50817.00
50679.00
50652.00
50681.00
50546.00
50353.00
50203.00
50210.00
50259.00
50149.00
49945.00
49750.00
49657.00
49654.00
49538.00
49358.00
49182.00
49125.00
49115.00
49008.00
48820.00
48640.00
48583.00
48578.00
48461.00
48284.00
48109.00
48053.00
48074.00
48020.00
47900.00
47768.00
47735.00
47746.00
47717.00
47580.00
47470.00
47442.00
47487.00
47466.00
47372.00
47248.00
47233.00
47282.00
47299.00
47227.00
47129.00
47128.00
47190.00
47226.00
47153.00
47084.00
47087.00
47179.00
47254.00
47224.00
47176.00
47233.00
47379.00
47510.00
47529.00
47513.00
47569.00
47712.00
47857.00
47898.00
47875.00
47974.00
48174.00
48364.00
48463.00
48541.00
48680.00
48948.00
49240.00
49418.00
49551.00
49733.00
49977.00
50235.00
50403.00
50488.00
50604.00
50844.00
51156.00
51303.00
51374.00
51481.00
51703.00
51941.00
52030.00
52055.00
52105.00
52229.00
52379.00
52391.00
52334.00
52304.00
52412.00
52578.00
52629.00
52573.00
52555.00
52620.00
52756.00
52756.00
52713.00
52635.00
52667.00
52759.00
52762.00
52699.00
52592.00
52582.00
52646.00
52630.00
52532.00
52433.00
52435.00
52494.00
52494.00
52400.00
52260.00
52242.00
52317.00
52332.00
52233.00
52132.00
52122.00
52197.00
52228.00
52143.00
52023.00
52001.00
52075.00
52093.00
52001.00
51880.00
51845.00
51893.00
51917.00
51796.00
51648.00
51580.00
51609.00
51639.00
51565.00
51424.00
51356.00
51378.00
51414.00
51318.00
51159.00
51073.00
51087.00
51122.00
51038.00
50912.00
50837.00
50870.00
50913.00
50804.00
50642.00
50526.00
50509.00
50526.00
50415.00
50242.00
50142.00
50133.00
50158.00
50062.00
49867.00
49692.00
49659.00
49689.00
49554.00
49379.00
49203.00
49176.00
49192.00
49097.00
48916.00
48744.00
48688.00
48693.00
48583.00
48410.00
48251.00
48236.00
48243.00
48160.00
48021.00
47858.00
47840.00
47851.00
47805.00
47670.00
47549.00
47544.00
47597.00
47594.00
47492.00
47377.00
47358.00
47413.00
47422.00
47344.00
47234.00
47232.00
47317.00
47361.00
47286.00
47235.00
47237.00
47319.00
47406.00
47367.00
47320.00
47352.00
47485.00
47610.00
47589.00
47576.00
47640.00
47778.00
47932.00
47989.00
47980.00
48080.00
48288.00
48496.00
48590.00
48607.00
48765.00
48976.00
49230.00
49342.00
49437.00
49577.00
49846.00
50130.00
50263.00
50332.00
50457.00
50705.00
50952.00
51091.00
51137.00
51301.00
51531.00
51766.00
51842.00
51900.00
51975.00
52185.00
52375.00
52430.00
52423.00
52418.00
52536.00
52687.00
52723.00
52670.00
52618.00
52706.00
52810.00
52773.00
52687.00
52640.00
52670.00
52751.00
52700.00
52569.00
52458.00
52475.00
52583.00
52570.00
52462.00
52366.00
52392.00
52491.00
52486.00
52394.00
52306.00
52324.00
52434.00
52428.00
52316.00
52187.00
52191.00
52269.00
52251.00
52138.00
51990.00
51971.00
52046.00
52054.00
51953.00
51805.00
51773.00
51834.00
51857.00
51755.00
51621.00
51589.00
51644.00
51685.00
51571.00
51427.00
51369.00
51445.00
51481.00
51368.00
51204.00
51154.00
51224.00
51283.00
51156.00
51009.00
50937.00
50991.00
51047.00
50960.00
50805.00
50758.00
50807.00
50887.00
50802.00
50649.00
50561.00
50581.00
50629.00
50521.00
50353.00
50235.00
50230.00
50246.00
50134.00
49934.00
49824.00
49787.00
49769.00
49600.00
49394.00
49224.00
49204.00
49217.00
49102.00
48922.00
48740.00
48670.00
48661.00
48540.00
48364.00
48210.00
48194.00
48235.00
48133.00
47962.00
47823.00
47782.00
47815.00
47726.00
47596.00
47477.00
47449.00
47487.00
47443.00
47331.00
47230.00
47232.00
47297.00
47288.00
47199.00
47122.00
47136.00
47219.00
47232.00
47174.00
47112.00
47137.00
47250.00
47307.00
47243.00
47195.00
47246.00
47384.00
47460.00
47440.00
47424.00
47478.00
47632.00
47755.00
47758.00
47745.00
47869.00
48031.00
48198.00
48267.00
48357.00
48505.00
48770.00
48997.00
49122.00
49211.00
49371.00
49616.00
49846.00
49933.00
49973.00
50081.00
50323.00
50539.00
50608.00
50690.00
50866.00
51155.00
51410.00
51550.00
51605.00
51733.00
51960.00
52198.00
52268.00
52276.00
52310.00
52462.00
52636.00
52664.00
52604.00
52601.00
52728.00
52849.00
52801.00
52729.00
52675.00
52725.00
52831.00
52822.00
52715.00
52643.00
52692.00
52792.00
52745.00
52635.00
52552.00
52566.00
52663.00
52605.00
52488.00
52396.00
52415.00
52499.00
52465.00
52353.00
52265.00
52279.00
52352.00
52333.00
52209.00
52092.00
52107.00
52182.00
52140.00
52023.00
51906.00
51888.00
51963.00
51938.00
51818.00
51724.00
51718.00
51805.00
51781.00
51646.00
51517.00
51504.00
51578.00
51577.00
51443.00
51275.00
51255.00
51329.00
51370.00
51240.00
51100.00
51030.00
51083.00
51094.00
50998.00
50846.00
50761.00
50763.00
50768.00
50634.00
50459.00
50391.00
50421.00
50444.00
50318.00
50136.00
50061.00
50070.00
50072.00
49924.00
49711.00
49594.00
49567.00
49590.00
49466.00
49294.00
49182.00
49165.00
49130.00
48978.00
48799.00
48653.00
48627.00
48623.00
48481.00
48304.00
48184.00
48172.00
48158.00
48050.00
47886.00
47746.00
47721.00
47722.00
47622.00
47464.00
47344.00
47343.00
47392.00
47324.00
47208.00
47120.00
47131.00
47195.00
47181.00
47100.00
47028.00
47069.00
47156.00
47133.00
47087.00
47013.00
47067.00
47188.00
47210.00
47152.00
47129.00
47196.00
47329.00
47405.00
47406.00
47402.00
47511.00
47705.00
47824.00
47909.00
47972.00
48153.00
48397.00
48561.00
48655.00
48750.00
48960.00
49264.00
49464.00
49587.00
49651.00
49819.00
50087.00
50330.00
50439.00
50497.00
50666.00
50947.00
51154.00
51232.00
51314.00
51530.00
51808.00
52026.00
52097.00
52121.00
52244.00
52467.00
52628.00
52624.00
52585.00
52613.00
52734.00
52850.00
52816.00
52735.00
52701.00
52785.00
52879.00
52815.00
52694.00
52644.00
52720.00
52784.00
52716.00
52612.00
52563.00
52613.00
52664.00
52611.00
52493.00
52436.00
52482.00
52568.00
52508.00
52392.00
52330.00
52354.00
52446.00
52398.00
52276.00
52207.00
52252.00
52360.00
52337.00
52237.00
52181.00
52215.00
52293.00
52224.00
52101.00
52015.00
52021.00
52112.00
52073.00
51956.00
51852.00
51865.00
51941.00
51885.00
51761.00
51602.00
51564.00
51610.00
51564.00
51443.00
51269.00
51235.00
51294.00
51269.00
51165.00
51023.00
50989.00
51007.00
50946.00
50774.00
50625.00
50582.00
50584.00
50543.00
50382.00
50195.00
50148.00
50162.00
50107.00
49918.00
49761.00
49660.00
49657.00
49592.00
49411.00
49177.00
49040.00
49016.00
48969.00
48796.00
48574.00
48435.00
48401.00
48359.00
48212.00
48023.00
47929.00
47927.00
47909.00
47776.00
47604.00
47531.00
47525.00
47529.00
47443.00
47276.00
47198.00
47231.00
47281.00
47205.00
47093.00
47025.00
47071.00
47154.00
47097.00
47022.00
46989.00
47033.00
47138.00
47123.00
47047.00
47022.00
47082.00
47209.00
47219.00
47173.00
47165.00
47287.00
47416.00
47455.00
47440.00
47428.00
47561.00
47754.00
47842.00
47862.00
47860.00
48005.00
48221.00
48361.00
48439.00
48523.00
48729.00
48989.00
49166.00
49252.00
49357.00
49563.00
49840.00
50031.00
50122.00
50177.00
50344.00
50603.00
50818.00
50897.00
50966.00
51157.00
51421.00
51550.00
51574.00
51639.00
51783.00
52030.00
52180.00
52207.00
52174.00
52237.00
52425.00
52547.00
52526.00
52466.00
52468.00
52610.00
52716.00
52690.00
52601.00
52593.00
52690.00
52766.00
52694.00
52562.00
52523.00
52581.00
52649.00
52557.00
52445.00
52391.00
52448.00
52521.00
52456.00
52342.00
52297.00
52355.00
52441.00
52385.00
52266.00
52196.00
52256.00
52330.00
52280.00
52155.00
52080.00
52136.00
52238.00
52208.00
52092.00
52001.00
52048.00
52145.00
52098.00
51942.00
51786.00
51755.00
51793.00
51709.00
51565.00
51441.00
51434.00
51479.00
51402.00
51288.00
51159.00
51154.00
51186.00
51108.00
50941.00
50815.00
50784.00
50861.00
50790.00
50620.00
50432.00
50379.00
50413.00
50365.00
50207.00
50023.00
49940.00
49945.00
49921.00
49754.00
49562.00
49452.00
49444.00
49392.00
49237.00
49033.00
48928.00
48922.00
48865.00
48696.00
48519.00
48417.00
48416.00
48414.00
48251.00
48053.00
47945.00
47953.00
47944.00
47808.00
47645.00
47529.00
47536.00
47551.00
47464.00
47328.00
47251.00
47284.00
47341.00
47272.00
47139.00
47082.00
47116.00
47193.00
47136.00
47045.00
47000.00
47046.00
47136.00
47105.00
47029.00
46971.00
47035.00
47147.00
47142.00
47083.00
47062.00
47150.00
47294.00
47350.00
47317.00
47302.00
47422.00
47613.00
47702.00
47721.00
47727.00
47888.00
48120.00
48280.00
48403.00
48474.00
48665.00
48928.00
49111.00
49251.00
49343.00
49545.00
49774.00
49962.00
50049.00
50114.00
50252.00
50486.00
50706.00
50818.00
50892.00
51092.00
51381.00
51580.00
51662.00
51699.00
51842.00
52057.00
52249.00
52270.00
52254.00
52328.00
52458.00
52560.00
52515.00
52438.00
52448.00
52560.00
52669.00
52604.00
52495.00
52486.00
52560.00
52638.00
52586.00
52476.00
52400.00
52474.00
52540.00
52479.00
52348.00
52284.00
52346.00
52423.00
52363.00
52257.00
52189.00
52254.00
52355.00
52303.00
52192.00
52110.00
52169.00
52291.00
52267.00
52160.00
52071.00
52115.00
52208.00
52143.00
52022.00
51869.00
51848.00
51923.00
51877.00
51763.00
51618.00
51612.00
51714.00
51694.00
51578.00
51463.00
51447.00
51513.00
51487.00
51358.00
51212.00
51170.00
51227.00
51215.00
51080.00
50929.00
50913.00
50988.00
50964.00
50823.00
50645.00
50554.00
50569.00
50565.00
50429.00
50244.00
50154.00
50161.00
50124.00
49989.00
49792.00
49658.00
49602.00
49563.00
49377.00
49165.00
49016.00
48970.00
48927.00
48763.00
48551.00
48407.00
48383.00
48351.00
48205.00
48021.00
47892.00
47875.00
47867.00
47749.00
47592.00
47494.00
47503.00
47529.00
47466.00
47333.00
47242.00
47269.00
47333.00
47277.00
47180.00
47092.00
47111.00
47197.00
47164.00
47113.00
47021.00
47063.00
47146.00
47167.00
47093.00
47036.00
47083.00
47184.00
47205.00
47165.00
47110.00
47149.00
47268.00
47304.00
47287.00
47233.00
47300.00
47437.00
47524.00
47504.00
47522.00
47636.00
47866.00
48029.00
48096.00
48158.00
48299.00
48539.00
48742.00
48848.00
48912.00
49060.00
49291.00
49513.00
49619.00
49691.00
49838.00
50067.00
50293.00
50389.00
50423.00
50509.00
50761.00
51020.00
51143.00
51223.00
51372.00
51629.00
51885.00
52004.00
52032.00
52121.00
52318.00
52504.00
52515.00
52444.00
52456.00
52578.00
52744.00
52752.00
52690.00
52675.00
52758.00
52893.00
52884.00
52791.00
52701.00
52722.00
52822.00
52770.00
52671.00
52572.00
52601.00
52717.00
52695.00
52577.00
52461.00
52465.00
52544.00
52534.00
52439.00
52310.00
52318.00
52388.00
52394.00
52270.00
52151.00
52152.00
52217.00
52255.00
52172.00
52072.00
52070.00
52145.00
52150.00
52053.00
51918.00
51878.00
51937.00
51921.00
51795.00
51650.00
51606.00
51664.00
51704.00
51592.00
51417.00
51339.00
51387.00
51430.00
51312.00
51139.00
51035.00
51059.00
51083.00
50982.00
50816.00
50716.00
50705.00
50721.00
50629.00
50486.00
50414.00
50422.00
50439.00
50308.00
50106.00
50010.00
49993.00
50031.00
49920.00
49708.00
49544.00
49512.00
49540.00
49469.00
49300.00
49146.00
49102.00
49126.00
49033.00
48859.00
48708.00
48644.00
48648.00
48552.00
48426.00
48278.00
48230.00
48258.00
48187.00
48049.00
47891.00
47826.00
47855.00
47801.00
47662.00
47528.00
47494.00
47542.00
47532.00
47430.00
47319.00
47308.00
47391.00
47415.00
47358.00
47275.00
47276.00
47377.00
47449.00
47436.00
47375.00
47415.00
47554.00
47708.00
47762.00
47767.00
47851.00
48045.00
48272.00
48331.00
48356.00
48448.00
48651.00
48843.00
48920.00
48944.00
49039.00
49266.00
49541.00
49653.00
49694.00
49749.00
49941.00
50156.00
50229.00
50299.00
50447.00
50640.00
50938.00
51127.00
51206.00
51315.00
51478.00
51692.00
51798.00
51805.00
51814.00
51954.00
52142.00
52160.00
52132.00
52107.00
52172.00
52332.00
52367.00
52306.00
52241.00
52303.00
52439.00
52450.00
52361.00
52243.00
52254.00
52360.00
52359.00
52261.00
52160.00
52161.00
52266.00
52295.00
52219.00
52113.00
52114.00
52210.00
52254.00
52186.00
52089.00
52062.00
52130.00
52186.00
52101.00
51996.00
51955.00
52036.00
52082.00
51993.00
51881.00
51838.00
51891.00
51924.00
51844.00
51659.00
51608.00
51677.00
51732.00
51633.00
51484.00
51392.00
51440.00
51499.00
51415.00
51275.00
51190.00
51220.00
51288.00
51252.00
51116.00
51013.00
51039.00
51088.00
51037.00
50898.00
50808.00
50833.00
50906.00
50813.00
50678.00
50555.00
50545.00
50617.00
50515.00
50348.00
50204.00
50173.00
50213.00
50112.00
49916.00
49726.00
49644.00
49628.00
49548.00
49389.00
49206.00
49112.00
49107.00
49019.00
