15098.00
15094.00
15119.00
15118.00
15115.00
15103.00
15104.00
15119.00
15122.00
15132.00
15079.00
15097.00
15104.00
15112.00
15105.00
15083.00
15078.00
15099.00
15121.00
15091.00
15101.00
15072.00
15102.00
15111.00
15113.00
15104.00
15081.00
15100.00
15112.00
15125.00
15098.00
15089.00
15098.00
15125.00
15121.00
15109.00
15111.00
15129.00
15131.00
15149.00
15113.00
15095.00
15121.00
15122.00
15140.00
15101.00
15111.00
15122.00
15136.00
15128.00
15089.00
15093.00
15090.00
15120.00
15103.00
15087.00
15109.00
15094.00
15115.00
15121.00
15106.00
15089.00
15087.00
15091.00
15098.00
15085.00
15080.00
15107.00
15106.00
15102.00
15101.00
15086.00
15084.00
15091.00
15092.00
15069.00
15059.00
15090.00
15101.00
15101.00
15101.00
15095.00
15083.00
15110.00
15112.00
15095.00
15099.00
15083.00
15091.00
15115.00
15075.00
15070.00
15090.00
15102.00
15112.00
15106.00
15080.00
15082.00
15116.00
15105.00
15089.00
15067.00
15075.00
15097.00
15110.00
15103.00
15081.00
15075.00
15103.00
15103.00
15093.00
15071.00
15087.00
15101.00
15092.00
15105.00
15054.00
15080.00
15084.00
15110.00
15099.00
15059.00
15076.00
15088.00
15120.00
15113.00
15070.00
15086.00
15097.00
15112.00
15120.00
15090.00
15084.00
15100.00
15101.00
15106.00
15087.00
15099.00
15113.00
15129.00
15127.00
15101.00
15105.00
15101.00
15115.00
15111.00
15096.00
15110.00
15098.00
15123.00
15122.00
15079.00
15092.00
15108.00
15119.00
15097.00
15097.00
15088.00
15116.00
15133.00
15122.00
15109.00
15091.00
15098.00
15119.00
15120.00
15087.00
15097.00
15101.00
15123.00
15108.00
15109.00
15092.00
15115.00
15125.00
15132.00
15092.00
15082.00
15105.00
15113.00
15121.00
15107.00
15107.00
15110.00
15123.00
15114.00
15097.00
15065.00
15104.00
15126.00
15129.00
15104.00
15098.00
15105.00
15125.00
15123.00
15078.00
15086.00
15092.00
15108.00
15103.00
15081.00
15094.00
15111.00
15124.00
15124.00
15107.00
15091.00
15091.00
15106.00
15100.00
15090.00
15088.00
15103.00
15115.00
15121.00
15114.00
15103.00
15093.00
15125.00
15122.00
15106.00
15100.00
15094.00
15112.00
15127.00
15099.00
15101.00
15102.00
15133.00
15122.00
15110.00
15099.00
15102.00
15111.00
15115.00
15116.00
15106.00
15121.00
15128.00
15129.00
15103.00
15088.00
15097.00
15092.00
15109.00
15107.00
15109.00
15108.00
15119.00
15123.00
15124.00
15079.00
15089.00
15102.00
15121.00
15120.00
15088.00
15099.00
15117.00
15114.00
15111.00
15091.00
15096.00
15114.00
15108.00
15119.00
15092.00
15072.00
15103.00
15111.00
15125.00
15107.00
15085.00
15105.00
15134.00
15124.00
15103.00
15093.00
15117.00
15129.00
15135.00
15084.00
15109.00
15119.00
15113.00
15120.00
15107.00
15092.00
15115.00
15121.00
15136.00
15130.00
15117.00
15121.00
15118.00
15130.00
15115.00
15097.00
15107.00
15130.00
15117.00
15104.00
15090.00
15123.00
15156.00
15148.00
15146.00
15123.00
15156.00
15137.00
15158.00
15142.00
15126.00
15164.00
15169.00
15137.00
15112.00
15111.00
15116.00
15122.00
15123.00
15105.00
15070.00
15076.00
15095.00
15116.00
15086.00
15084.00
15082.00
15076.00
15072.00
15068.00
15052.00
15048.00
15068.00
15058.00
15054.00
15023.00
15043.00
15065.00
15057.00
15040.00
15023.00
15035.00
15032.00
15047.00
15034.00
15010.00
15031.00
15051.00
15056.00
15034.00
14990.00
15017.00
15028.00
15036.00
15022.00
14999.00
15012.00
15042.00
15042.00
15012.00
15012.00
15022.00
15044.00
15033.00
15027.00
15010.00
15007.00
15020.00
15024.00
15032.00
15010.00
15015.00
15022.00
15028.00
15010.00
15013.00
14996.00
15015.00
15023.00
14998.00
14987.00
15011.00
15017.00
15025.00
15013.00
14993.00
14994.00
15001.00
15011.00
15010.00
14993.00
15016.00
15036.00
15040.00
15030.00
15010.00
15004.00
15025.00
15017.00
15037.00
15011.00
15008.00
15002.00
15013.00
15016.00
14998.00
14990.00
15012.00
15029.00
15006.00
14998.00
15000.00
15015.00
15039.00
15035.00
15010.00
15028.00
15042.00
15047.00
15033.00
15000.00
15013.00
15020.00
15034.00
15031.00
15002.00
15008.00
15019.00
15008.00
14986.00
14990.00
14974.00
14996.00
15027.00
15018.00
14998.00
14993.00
15007.00
15011.00
15020.00
15003.00
15003.00
15029.00
15029.00
15036.00
15013.00
15021.00
15036.00
15041.00
15037.00
14999.00
15014.00
15013.00
15034.00
15029.00
15018.00
15010.00
15022.00
15072.00
15036.00
15038.00
15019.00
15028.00
15044.00
15048.00
15028.00
15018.00
15039.00
15067.00
15062.00
15047.00
15032.00
15044.00
15069.00
15056.00
15035.00
15065.00
15058.00
15082.00
15087.00
15088.00
15065.00
15078.00
15091.00
15069.00
15062.00
15054.00
15060.00
15081.00
15086.00
15074.00
15049.00
15053.00
15046.00
15053.00
15036.00
15011.00
15018.00
14996.00
14991.00
14965.00
14957.00
14954.00
14931.00
14941.00
14923.00
14908.00
14866.00
14878.00
14863.00
14837.00
14822.00
14828.00
14816.00
14788.00
14777.00
14762.00
14741.00
14728.00
14704.00
14693.00
14663.00
14658.00
14643.00
14634.00
14595.00
14556.00
14530.00
14535.00
14510.00
14495.00
14457.00
14416.00
14401.00
14399.00
14392.00
14349.00
14357.00
14359.00
14340.00
14340.00
14296.00
14294.00
14289.00
14295.00
14254.00
14245.00
14224.00
14216.00
14201.00
14175.00
14139.00
14112.00
14124.00
14126.00
14109.00
14088.00
14065.00
14080.00
14084.00
14076.00
14063.00
14067.00
14101.00
14123.00
14125.00
14154.00
14181.00
14212.00
14248.00
14265.00
14257.00
14290.00
14332.00
14357.00
14388.00
14379.00
14406.00
14445.00
14467.00
14499.00
14498.00
14501.00
14517.00
14532.00
14552.00
14531.00
14554.00
14579.00
14620.00
14668.00
14662.00
14684.00
14701.00
14736.00
14739.00
14770.00
14762.00
14808.00
14836.00
14866.00
14851.00
14871.00
14888.00
14912.00
14906.00
14915.00
14906.00
14953.00
14977.00
14986.00
14999.00
14995.00
14976.00
15012.00
15013.00
15018.00
15005.00
15011.00
15043.00
15056.00
15034.00
15015.00
15005.00
15027.00
15029.00
15022.00
15018.00
15006.00
15017.00
15010.00
15012.00
14989.00
14992.00
14994.00
14999.00
14978.00
14966.00
14953.00
14958.00
14964.00
14932.00
14929.00
14939.00
14936.00
14961.00
14948.00
14930.00
14941.00
14982.00
15023.00
15042.00
15037.00
15052.00
15055.00
15076.00
15069.00
15040.00
15043.00
15067.00
15074.00
15064.00
15037.00
15047.00
15049.00
15057.00
15052.00
15020.00
15003.00
15005.00
15008.00
14981.00
14935.00
14919.00
14914.00
14891.00
14915.00
14874.00
14861.00
14867.00
14859.00
14843.00
14796.00
14757.00
14783.00
14763.00
14747.00
14715.00
14676.00
14688.00
14658.00
14656.00
14622.00
14608.00
14554.00
14553.00
14524.00
14500.00
14450.00
14443.00
14420.00
14394.00
14381.00
14342.00
14347.00
14358.00
14347.00
14353.00
14315.00
14336.00
14341.00
14307.00
14289.00
14261.00
14233.00
14240.00
14191.00
14170.00
14134.00
14148.00
14137.00
14124.00
14092.00
14052.00
14047.00
14050.00
14012.00
13977.00
13959.00
13943.00
13962.00
13966.00
13951.00
13940.00
13961.00
13960.00
13999.00
14001.00
14000.00
14041.00
14093.00
14088.00
14128.00
14138.00
14152.00
14193.00
14215.00
14235.00
14237.00
14279.00
14304.00
14338.00
14343.00
14373.00
14400.00
14401.00
14445.00
14463.00
14448.00
14484.00
14509.00
14507.00
14520.00
14492.00
14540.00
14570.00
14596.00
14622.00
14626.00
14657.00
14694.00
14722.00
14727.00
14762.00
14786.00
14810.00
14828.00
14837.00
14826.00
14857.00
14890.00
14894.00
14904.00
14883.00
14900.00
14926.00
14964.00
14950.00
14960.00
14968.00
14986.00
15006.00
14997.00
14993.00
14998.00
15031.00
15008.00
15027.00
15002.00
15009.00
15028.00
15014.00
15047.00
15023.00
15032.00
15008.00
15001.00
14981.00
14952.00
14956.00
14964.00
14977.00
14975.00
14972.00
14959.00
15005.00
15031.00
15041.00
15029.00
15027.00
15034.00
15053.00
15055.00
15048.00
15030.00
15047.00
15039.00
15047.00
15036.00
14995.00
15015.00
15017.00
15013.00
15004.00
14970.00
14961.00
14970.00
14968.00
14935.00
14919.00
14928.00
14916.00
14904.00
14860.00
14865.00
14831.00
14857.00
14834.00
14788.00
14780.00
14758.00
14754.00
14748.00
14731.00
14704.00
14678.00
14683.00
14688.00
14646.00
14579.00
14565.00
14557.00
14537.00
14487.00
14462.00
14448.00
14432.00
14450.00
14417.00
14394.00
14379.00
14382.00
14375.00
14352.00
14346.00
14350.00
14372.00
14366.00
14333.00
14309.00
14264.00
14269.00
14237.00
14207.00
14176.00
14168.00
14136.00
14126.00
14099.00
14075.00
14035.00
14019.00
14002.00
13987.00
13948.00
13937.00
13930.00
13910.00
13938.00
13915.00
13921.00
13950.00
13975.00
14003.00
14007.00
14041.00
14072.00
14107.00
14136.00
14120.00
14164.00
14201.00
14199.00
14220.00
14219.00
14230.00
14258.00
14285.00
14301.00
14301.00
14327.00
14346.00
14396.00
14404.00
14387.00
14425.00
14430.00
14468.00
14470.00
14472.00
14483.00
14515.00
14523.00
14525.00
14558.00
14561.00
14598.00
14630.00
14656.00
14666.00
14675.00
14691.00
14733.00
14757.00
14761.00
14771.00
14791.00
14815.00
14834.00
14835.00
14852.00
14856.00
14894.00
14907.00
14927.00
14915.00
14940.00
14957.00
14966.00
14965.00
14945.00
14956.00
15002.00
14988.00
14974.00
14976.00
14983.00
15004.00
15023.00
15003.00
14984.00
14991.00
15008.00
14992.00
14984.00
14962.00
14999.00
14994.00
15005.00
14991.00
14973.00
14965.00
14990.00
14973.00
14955.00
14928.00
14923.00
14961.00
14946.00
14922.00
14890.00
14893.00
14887.00
14899.00
14880.00
14850.00
14847.00
14851.00
14839.00
14841.00
14826.00
14816.00
14841.00
14859.00
14836.00
14811.00
14855.00
14865.00
14871.00
14876.00
14879.00
14910.00
14926.00
14968.00
14998.00
14988.00
15014.00
15014.00
15057.00
15068.00
15049.00
15054.00
15071.00
15075.00
15080.00
15054.00
15053.00
15044.00
15049.00
15048.00
15019.00
15003.00
15025.00
15011.00
15015.00
14984.00
14964.00
14952.00
14937.00
14919.00
14882.00
14854.00
14830.00
14841.00
14823.00
14804.00
14776.00
14752.00
14747.00
14735.00
14693.00
14671.00
14675.00
14659.00
14628.00
14597.00
14577.00
14539.00
14531.00
14483.00
14458.00
14405.00
14382.00
14390.00
14370.00
14348.00
14342.00
14332.00
14331.00
14321.00
14290.00
14275.00
14266.00
14267.00
14241.00
14210.00
14174.00
14160.00
14161.00
14142.00
14101.00
14061.00
14039.00
14040.00
14020.00
13993.00
13981.00
14007.00
14010.00
14007.00
13998.00
13994.00
14021.00
14050.00
14069.00
14104.00
14107.00
14131.00
14166.00
14199.00
14217.00
14233.00
14233.00
14272.00
14285.00
14303.00
14327.00
14340.00
14397.00
14424.00
14432.00
14433.00
14456.00
14477.00
14498.00
14493.00
14518.00
14521.00
14574.00
14599.00
14598.00
14587.00
14607.00
14654.00
14682.00
14703.00
14716.00
14700.00
14747.00
14767.00
14764.00
14769.00
14817.00
14833.00
14873.00
14872.00
14864.00
14884.00
14917.00
14918.00
14959.00
14938.00
14963.00
15009.00
15010.00
15008.00
15012.00
14986.00
15012.00
15032.00
15054.00
15046.00
15030.00
15046.00
15087.00
15071.00
15052.00
15043.00
15038.00
15056.00
15040.00
15038.00
15023.00
15061.00
15053.00
15054.00
15035.00
14994.00
15001.00
14994.00
14969.00
14913.00
14902.00
14929.00
14923.00
14922.00
14907.00
14893.00
14931.00
14963.00
14958.00
14974.00
14964.00
15011.00
15024.00
15064.00
15058.00
15052.00
15082.00
15106.00
15122.00
15092.00
15087.00
15094.00
15095.00
15082.00
15061.00
15038.00
15043.00
15044.00
15033.00
14986.00
14984.00
14977.00
14975.00
14941.00
14881.00
14869.00
14847.00
14870.00
14841.00
14808.00
14770.00
14765.00
14747.00
14762.00
14717.00
14695.00
14680.00
14680.00
14655.00
14660.00
14609.00
14590.00
14568.00
14548.00
14506.00
14468.00
14467.00
14466.00
14468.00
14444.00
14430.00
14406.00
14421.00
14391.00
14392.00
14334.00
14307.00
14306.00
14308.00
14278.00
14250.00
14251.00
14218.00
14218.00
14198.00
14158.00
14154.00
14138.00
14128.00
14122.00
14074.00
14053.00
14088.00
14091.00
14068.00
14043.00
14024.00
14051.00
14056.00
14041.00
14049.00
14044.00
14094.00
14121.00
14122.00
14122.00
14145.00
14157.00
14190.00
14220.00
14212.00
14225.00
14256.00
14300.00
14305.00
14300.00
14316.00
14352.00
14382.00
14396.00
14386.00
14420.00
14420.00
14465.00
14473.00
14479.00
14491.00
14499.00
14533.00
14547.00
14551.00
14549.00
14573.00
14581.00
14593.00
14593.00
14610.00
14651.00
14680.00
14700.00
14710.00
14692.00
14734.00
14768.00
14789.00
14778.00
14802.00
14812.00
14847.00
14864.00
14872.00
14853.00
14877.00
14891.00
14902.00
14914.00
14918.00
14953.00
14972.00
14982.00
15006.00
14986.00
15021.00
15053.00
15045.00
15030.00
15022.00
15036.00
15060.00
15074.00
15080.00
15052.00
15061.00
15092.00
15096.00
15070.00
15066.00
15054.00
15066.00
15073.00
15041.00
15033.00
15022.00
15036.00
15006.00
14995.00
14959.00
14946.00
14958.00
14941.00
14967.00
14947.00
14956.00
14975.00
15004.00
14995.00
15002.00
15014.00
15044.00
15050.00
15068.00
15055.00
15075.00
15088.00
15074.00
15096.00
15091.00
15081.00
15105.00
15121.00
15098.00
15071.00
15079.00
15066.00
15063.00
15068.00
15015.00
15023.00
15007.00
15003.00
14994.00
14935.00
14939.00
14936.00
14930.00
14916.00
14861.00
14855.00
14830.00
14825.00
14808.00
14745.00
14754.00
14751.00
14765.00
14736.00
14713.00
14694.00
14681.00
14672.00
14658.00
14593.00
14560.00
14542.00
14538.00
14507.00
14458.00
14438.00
14425.00
14403.00
14387.00
14341.00
14317.00
14335.00
14325.00
14337.00
14295.00
14289.00
14273.00
14278.00
14294.00
14231.00
14219.00
14174.00
14171.00
14160.00
14122.00
14086.00
14071.00
14057.00
14052.00
14006.00
13949.00
13938.00
13943.00
13944.00
13914.00
13895.00
13922.00
13939.00
13947.00
13948.00
13966.00
14011.00
14042.00
14066.00
14095.00
14101.00
14130.00
14184.00
14211.00
14228.00
14242.00
14274.00
14295.00
14324.00
14337.00
14325.00
14364.00
14400.00
14424.00
14443.00
14457.00
14462.00
14516.00
14519.00
14535.00
14538.00
14556.00
14571.00
14587.00
14592.00
14598.00
14633.00
14667.00
14700.00
14706.00
14696.00
14720.00
14759.00
14785.00
14821.00
14820.00
14844.00
14860.00
14895.00
14881.00
14880.00
14901.00
14935.00
14957.00
14970.00
14965.00
14974.00
15003.00
15015.00
15028.00
15006.00
15011.00
15048.00
15062.00
15055.00
15030.00
15040.00
15051.00
15071.00
15071.00
15047.00
15046.00
15042.00
15062.00
15042.00
15026.00
15017.00
15026.00
15021.00
15024.00
15020.00
14988.00
14990.00
14972.00
14965.00
14911.00
14898.00
14903.00
14890.00
14878.00
14854.00
14845.00
14838.00
14818.00
14815.00
14787.00
14763.00
14785.00
14794.00
14812.00
14821.00
14838.00
14861.00
14880.00
14907.00
14912.00
14909.00
14958.00
15005.00
15036.00
15032.00
15060.00
15075.00
15098.00
15112.00
15085.00
15090.00
15092.00
15087.00
15085.00
15074.00
15046.00
15045.00
15055.00
15047.00
15018.00
14999.00
15008.00
15009.00
14963.00
14957.00
14917.00
14902.00
14920.00
14892.00
14863.00
14826.00
14816.00
14817.00
14788.00
14750.00
14717.00
14713.00
14695.00
14703.00
14677.00
14634.00
14583.00
14581.00
14545.00
14518.00
14471.00
14453.00
14441.00
14449.00
14421.00
14409.00
14425.00
14450.00
14413.00
14394.00
14378.00
14335.00
14323.00
14307.00
14313.00
14278.00
14268.00
14256.00
14242.00
14219.00
14195.00
14171.00
14164.00
14174.00
14140.00
14124.00
14101.00
14091.00
14087.00
14065.00
14036.00
14018.00
14027.00
14048.00
14042.00
14039.00
14069.00
14081.00
14146.00
14146.00
14166.00
14161.00
14209.00
14252.00
14256.00
14261.00
14292.00
14296.00
14343.00
14353.00
14365.00
14374.00
14413.00
14435.00
14470.00
14465.00
14467.00
14472.00
14517.00
14532.00
14535.00
14538.00
14559.00
14590.00
14612.00
14649.00
14621.00
14651.00
14700.00
14729.00
14753.00
14779.00
14790.00
14834.00
14844.00
14854.00
14845.00
14875.00
14900.00
14934.00
14946.00
14941.00
14978.00
15013.00
15043.00
15024.00
15014.00
15034.00
15051.00
15056.00
15057.00
15024.00
15038.00
15050.00
15081.00
15049.00
15048.00
15054.00
15053.00
15061.00
15016.00
14984.00
14964.00
14950.00
14933.00
14889.00
14840.00
14807.00
14801.00
14803.00
14771.00
14729.00
14736.00
14773.00
14788.00
14789.00
14777.00
14790.00
14791.00
14849.00
14832.00
14845.00
14875.00
14908.00
14923.00
14956.00
14954.00
14983.00
15040.00
15065.00
15084.00
15064.00
15054.00
15082.00
15106.00
15096.00
15089.00
15062.00
15085.00
15097.00
15069.00
15031.00
15026.00
15046.00
15053.00
15030.00
15000.00
14994.00
14986.00
14964.00
14943.00
14893.00
14876.00
14880.00
14876.00
14829.00
14819.00
14805.00
14801.00
14798.00
14781.00
14752.00
14731.00
14716.00
14701.00
14694.00
14642.00
14626.00
14609.00
14599.00
14585.00
14539.00
14498.00
14483.00
14470.00
14434.00
14419.00
14391.00
14401.00
14398.00
14422.00
14378.00
14357.00
14330.00
14349.00
14326.00
14297.00
14290.00
14262.00
14279.00
14256.00
14216.00
14220.00
14210.00
14197.00
14173.00
14141.00
14114.00
14118.00
14115.00
14128.00
14089.00
14091.00
14070.00
14064.00
14074.00
14078.00
14078.00
14079.00
14087.00
14118.00
14134.00
14131.00
14144.00
14193.00
14213.00
14214.00
14203.00
14229.00
14264.00
14275.00
14274.00
14298.00
14317.00
14344.00
14363.00
14364.00
14369.00
14381.00
14414.00
14447.00
14441.00
14469.00
14490.00
14506.00
14520.00
14523.00
14517.00
14536.00
14566.00
14575.00
14592.00
14603.00
14616.00
14628.00
14677.00
14689.00
14707.00
14718.00
14737.00
14777.00
14779.00
14779.00
14790.00
14835.00
14884.00
14891.00
14875.00
14882.00
14922.00
14948.00
14970.00
14956.00
14961.00
14997.00
15036.00
15023.00
14996.00
15006.00
15013.00
15037.00
15037.00
15033.00
15036.00
15061.00
15081.00
15094.00
15066.00
15056.00
15055.00
15072.00
15066.00
15031.00
15013.00
15017.00
15003.00
15016.00
14983.00
14942.00
14928.00
14932.00
14905.00
14861.00
14826.00
14810.00
14828.00
14811.00
14797.00
14782.00
14782.00
14801.00
14805.00
14767.00
14753.00
14767.00
14764.00
14802.00
14794.00
14774.00
14797.00
14818.00
14871.00
14878.00
14895.00
14939.00
14986.00
15031.00
15032.00
15056.00
15067.00
15100.00
15110.00
15117.00
15108.00
15109.00
15132.00
15123.00
15102.00
15098.00
15080.00
15092.00
15079.00
15063.00
15028.00
15020.00
15013.00
15009.00
14987.00
14953.00
14909.00
14912.00
14889.00
14863.00
14831.00
14818.00
14812.00
14798.00
14795.00
14786.00
14738.00
14741.00
14735.00
14731.00
14675.00
14649.00
14640.00
14614.00
14573.00
14536.00
14509.00
14504.00
14493.00
14489.00
14458.00
14441.00
14438.00
14447.00
14440.00
14374.00
14325.00
14319.00
14316.00
14299.00
14234.00
14210.00
14211.00
14216.00
14193.00
14173.00
14128.00
14110.00
14115.00
14122.00
14071.00
14055.00
14047.00
14047.00
14038.00
14040.00
14027.00
14046.00
14048.00
14082.00
14071.00
14081.00
14098.00
14134.00
14143.00
14154.00
14155.00
14154.00
14196.00
14251.00
14245.00
14262.00
14295.00
14318.00
14355.00
14365.00
14361.00
14393.00
14418.00
14444.00
14457.00
14419.00
14448.00
14486.00
14506.00
14518.00
14495.00
14533.00
14566.00
14597.00
14601.00
14632.00
14640.00
14686.00
14720.00
14747.00
14753.00
14779.00
14827.00
14842.00
14845.00
14847.00
14869.00
14906.00
14949.00
14958.00
14954.00
14977.00
14979.00
14996.00
15009.00
14977.00
14986.00
15009.00
15031.00
15050.00
15019.00
15013.00
15013.00
15032.00
15009.00
14995.00
14957.00
14953.00
14949.00
14913.00
14860.00
14788.00
14755.00
14714.00
14626.00
14551.00
14496.00
14458.00
14460.00
14451.00
14425.00
14416.00
14428.00
14441.00
14433.00
14418.00
14410.00
14403.00
14452.00
14446.00
14461.00
14444.00
14460.00
14481.00
14514.00
14473.00
14482.00
14506.00
14521.00
14565.00
14573.00
14619.00
14650.00
14729.00
14767.00
14816.00
14835.00
14896.00
14941.00
14991.00
14994.00
15012.00
15061.00
15070.00
15104.00
15113.00
15123.00
15107.00
15125.00
15116.00
15099.00
15073.00
15059.00
15063.00
15044.00
15028.00
15001.00
14987.00
14981.00
14970.00
14933.00
14879.00
14855.00
14875.00
14852.00
14836.00
14803.00
14775.00
14754.00
14747.00
14734.00
14688.00
14675.00
14671.00
14663.00
14643.00
14603.00
14581.00
14550.00
14517.00
14478.00
14427.00
14411.00
14402.00
14393.00
14396.00
14361.00
14373.00
14367.00
14368.00
14362.00
14329.00
14302.00
14301.00
14292.00
14255.00
14222.00
14179.00
14181.00
14182.00
14148.00
14089.00
14074.00
14055.00
14054.00
14024.00
13981.00
13982.00
13962.00
13964.00
13965.00
13946.00
13940.00
13963.00
13987.00
14000.00
13994.00
14008.00
14035.00
14092.00
14125.00
14137.00
14122.00
14158.00
14200.00
14195.00
14204.00
14217.00
14246.00
14286.00
14297.00
14309.00
14305.00
14315.00
14349.00
14377.00
14381.00
14374.00
14402.00
14418.00
14453.00
14467.00
14447.00
14475.00
14509.00
14534.00
14511.00
14520.00
14528.00
14569.00
14581.00
14602.00
14602.00
14638.00
14670.00
14688.00
14710.00
14697.00
14724.00
14758.00
14782.00
14815.00
14816.00
14814.00
14865.00
14889.00
14904.00
14897.00
14910.00
14933.00
14973.00
14966.00
14960.00
14960.00
14967.00
15008.00
15010.00
14977.00
15025.00
15015.00
15045.00
15041.00
15000.00
15013.00
15040.00
15057.00
15047.00
15024.00
15036.00
15031.00
15053.00
15041.00
15020.00
15005.00
15030.00
15043.00
15055.00
15049.00
15037.00
15044.00
15054.00
15060.00
15036.00
15024.00
15041.00
15068.00
15077.00
15059.00
15032.00
15054.00
15071.00
15078.00
15043.00
15029.00
15041.00
15067.00
15047.00
15030.00
15009.00
15037.00
15057.00
15054.00
15051.00
15020.00
15036.00
15029.00
15055.00
15052.00
15050.00
15038.00
15062.00
15057.00
15033.00
15031.00
15034.00
15037.00
15060.00
15038.00
15035.00
15043.00
15046.00
15047.00
15040.00
15030.00
15027.00
15046.00
15047.00
15064.00
15027.00
15044.00
15053.00
15062.00
15036.00
15030.00
15031.00
15032.00
15043.00
15050.00
15021.00
15025.00
15046.00
15060.00
15052.00
15024.00
15030.00
15043.00
15052.00
15055.00
15027.00
15033.00
15058.00
15068.00
15061.00
15056.00
15049.00
15054.00
15048.00
15045.00
15039.00
15038.00
15058.00
15054.00
15069.00
15050.00
15052.00
15054.00
15074.00
15062.00
15042.00
15039.00
15023.00
15046.00
15034.00
15033.00
15020.00
15016.00
15044.00
15043.00
15034.00
15045.00
15041.00
15046.00
15051.00
15013.00
15025.00
15044.00
15029.00
15039.00
15026.00
15000.00
15014.00
15033.00
15025.00
14995.00
14988.00
15008.00
15025.00
15023.00
15023.00
15024.00
15023.00
15033.00
15037.00
15044.00
15023.00
15011.00
15050.00
15060.00
15047.00
15042.00
15040.00
15053.00
15057.00
15023.00
15016.00
15023.00
15017.00
15039.00
15025.00
15010.00
15034.00
15029.00
15009.00
14985.00
14972.00
14959.00
14947.00
14931.00
14894.00
14866.00
14874.00
14877.00
14895.00
14870.00
14855.00
14866.00
14867.00
14893.00
14888.00
14880.00
14888.00
14898.00
14915.00
14891.00
14887.00
14894.00
14921.00
14934.00
14916.00
14915.00
14927.00
14948.00
14960.00
14954.00
14935.00
14913.00
14943.00
14953.00
14945.00
14935.00
14937.00
14962.00
14975.00
14970.00
14971.00
14955.00
14981.00
14994.00
14995.00
14972.00
14960.00
14993.00
15008.00
15000.00
14989.00
14986.00
14997.00
15000.00
14994.00
14969.00
14987.00
14989.00
15013.00
15015.00
14992.00
14974.00
15000.00
14999.00
15001.00
14973.00
14983.00
14982.00
14999.00
15006.00
14987.00
14979.00
14981.00
15002.00
14997.00
14977.00
14986.00
14998.00
15006.00
14985.00
14978.00
14969.00
14972.00
15010.00
15015.00
14986.00
14978.00
14987.00
15000.00
14990.00
14984.00
14985.00
15005.00
15019.00
15022.00
15005.00
14974.00
14988.00
14988.00
14985.00
14961.00
14969.00
14974.00
15001.00
15013.00
14992.00
14967.00
14985.00
15008.00
14999.00
14984.00
14978.00
14954.00
14991.00
14993.00
14990.00
14971.00
14989.00
15004.00
15012.00
14990.00
14980.00
14986.00
15003.00
14992.00
14975.00
14986.00
14973.00
14988.00
14994.00
14998.00
14976.00
14949.00
14979.00
14989.00
14974.00
14983.00
14988.00
15000.00
15023.00
14996.00
14968.00
14960.00
14993.00
15002.00
14999.00
14975.00
14992.00
15002.00
15016.00
14997.00
14983.00
14979.00
14996.00
15002.00
14997.00
14973.00
14962.00
14977.00
14992.00
14988.00
14977.00
14984.00
14999.00
15003.00
14996.00
14965.00
14968.00
14976.00
15000.00
14992.00
14960.00
14977.00
14999.00
15000.00
14996.00
14974.00
14976.00
14965.00
15001.00
14998.00
14977.00
14985.00
14981.00
15005.00
14988.00
14981.00
14971.00
14985.00
14979.00
14988.00
14978.00
14974.00
14989.00
14997.00
15005.00
14946.00
14960.00
14961.00
14982.00
14998.00
14976.00
14967.00
14988.00
15006.00
15003.00
14984.00
14967.00
14976.00
14984.00
14974.00
14974.00
14962.00
14981.00
15004.00
15003.00
14967.00
14957.00
14969.00
14993.00
14985.00
14969.00
14974.00
14993.00
14985.00
14990.00
14983.00
14966.00
14983.00
14994.00
14992.00
14992.00
14970.00
14985.00
14992.00
15010.00
14991.00
14965.00
14991.00
15001.00
15006.00
14993.00
14983.00
14978.00
15010.00
15003.00
15002.00
14993.00
15003.00
15002.00
15022.00
15009.00
14985.00
15024.00
15001.00
15023.00
15010.00
14993.00
14989.00
14995.00
15010.00
14997.00
14968.00
14992.00
14999.00
14992.00
15013.00
14989.00
14985.00
15017.00
15009.00
14992.00
14981.00
14971.00
14967.00
15016.00
15003.00
14974.00
14975.00
14994.00
15009.00
15014.00
14973.00
14978.00
15001.00
15011.00
14985.00
14980.00
14970.00
14995.00
15007.00
15005.00
14981.00
14971.00
14992.00
14996.00
14983.00
14968.00
14995.00
14999.00
15014.00
14999.00
14986.00
14980.00
14991.00
14995.00
15009.00
14965.00
14965.00
14975.00
15003.00
15005.00
14990.00
14984.00
14990.00
15002.00
14983.00
14988.00
14970.00
14979.00
14991.00
14988.00
14969.00
14994.00
14990.00
15007.00
15021.00
14992.00
14986.00
14979.00
14992.00
14999.00
14981.00
14955.00
14982.00
14989.00
15015.00
14963.00
14969.00
14979.00
15002.00
14986.00
14991.00
14969.00
14987.00
15002.00
15009.00
14977.00
14972.00
14983.00
14993.00
14994.00
14979.00
14964.00
14957.00
14981.00
15008.00
14982.00
14974.00
14967.00
14991.00
14978.00
14964.00
14967.00
14948.00
14983.00
14970.00
14988.00
14961.00
14977.00
14996.00
14998.00
14984.00
14968.00
14970.00
14982.00
14990.00
14992.00
14961.00
14989.00
15000.00
15011.00
15009.00
14983.00
14994.00
14997.00
15001.00
15002.00
14996.00
15019.00
15019.00
15034.00
15033.00
15014.00
15026.00
15031.00
15030.00
15006.00
15016.00
15001.00
15047.00
15042.00
15030.00
15015.00
15018.00
15032.00
15030.00
15035.00
15005.00
15004.00
15010.00
15045.00
15039.00
15023.00
15026.00
15061.00
15064.00
15041.00
15024.00
15046.00
15047.00
15067.00
15056.00
15049.00
15037.00
15061.00
15062.00
15081.00
15040.00
15037.00
15037.00
15061.00
15052.00
15045.00
15057.00
15064.00
15085.00
15061.00
15034.00
15036.00
15054.00
15045.00
15042.00
15046.00
15036.00
15035.00
15059.00
15063.00
15056.00
15035.00
15044.00
15046.00
15035.00
15047.00
15023.00
15034.00
15053.00
15027.00
15010.00
15003.00
15014.00
15017.00
14998.00
14999.00
14972.00
14991.00
15003.00
14996.00
14992.00
15004.00
15011.00
15013.00
15024.00
15011.00
15001.00
15015.00
15027.00
15040.00
15012.00
15012.00
15031.00
15062.00
15038.00
15044.00
15027.00
15027.00
15038.00
15045.00
15013.00
15005.00
15016.00
15035.00
15020.00
15009.00
15001.00
15012.00
15025.00
15015.00
15022.00
15038.00
15014.00
15029.00
15040.00
15049.00
15026.00
15032.00
15062.00
15053.00
15049.00
15012.00
15023.00
15044.00
15042.00
15068.00
15032.00
15038.00
15057.00
15060.00
15045.00
15023.00
15052.00
15041.00
15066.00
15053.00
15034.00
15061.00
15076.00
15087.00
15086.00
15056.00
15043.00
15058.00
15074.00
15046.00
15055.00
15036.00
15060.00
15067.00
15077.00
15051.00
15058.00
15053.00
15087.00
15061.00
15035.00
15031.00
15028.00
15045.00
15056.00
15034.00
15041.00
15053.00
15058.00
15058.00
15016.00
15022.00
15011.00
15036.00
15040.00
15021.00
15013.00
15027.00
15045.00
15026.00
15025.00
15016.00
15030.00
15047.00
15054.00
15044.00
15023.00
15041.00
15049.00
15069.00
15047.00
15041.00
15050.00
15054.00
15047.00
15028.00
15018.00
15029.00
15049.00
15054.00
15040.00
15022.00
15044.00
15030.00
15022.00
15002.00
14988.00
15002.00
15013.00
15025.00
15012.00
14989.00
15000.00
15005.00
15037.00
15006.00
15003.00
14995.00
15009.00
15024.00
15019.00
14988.00
15003.00
15023.00
15027.00
15011.00
15016.00
15006.00
15036.00
15038.00
15002.00
15008.00
15024.00
15052.00
15061.00
15047.00
15059.00
15083.00
15062.00
15047.00
15034.00
15042.00
15037.00
15085.00
15076.00
15052.00
15023.00
15025.00
15030.00
15037.00
15029.00
15021.00
15044.00
15064.00
15080.00
15074.00
15049.00
15054.00
15059.00
15078.00
15070.00
15044.00
15065.00
15071.00
15085.00
15071.00
15070.00
15062.00
15068.00
15087.00
15094.00
15064.00
15080.00
15095.00
15097.00
15090.00
15089.00
15083.00
15093.00
15100.00
15107.00
15066.00
15060.00
15082.00
15105.00
15077.00
15075.00
15082.00
15090.00
15095.00
15080.00
15060.00
15058.00
15088.00
15088.00
15102.00
15084.00
15088.00
15106.00
15099.00
15105.00
15084.00
15083.00
15080.00
15102.00
15112.00
15084.00
15080.00
15120.00
15115.00
15104.00
15089.00
15064.00
15099.00
15098.00
15103.00
15077.00
15091.00
15109.00
15125.00
15104.00
15098.00
15082.00
15075.00
15098.00
15099.00
15087.00
15090.00
15088.00
15108.00
15096.00
15100.00
15077.00
15099.00
15102.00
15111.00
15097.00
15072.00
15093.00
15119.00
15121.00
15094.00
15106.00
15108.00
15122.00
15125.00
15112.00
15099.00
15098.00
15132.00
15140.00
15110.00
15100.00
15090.00
15105.00
15096.00
15074.00
15026.00
15042.00
15059.00
15065.00
15048.00
15017.00
15014.00
15028.00
15037.00
15004.00
14984.00
15011.00
15003.00
14996.00
14979.00
14934.00
14952.00
14929.00
14937.00
14892.00
14869.00
14858.00
14851.00
14825.00
14780.00
14752.00
14725.00
14731.00
14728.00
14689.00
14673.00
14664.00
14662.00
14658.00
14630.00
14607.00
14577.00
14575.00
14581.00
14558.00
14503.00
14458.00
14474.00
14432.00
14399.00
14379.00
14360.00
14342.00
14339.00
14306.00
14306.00
14292.00
14303.00
14300.00
14289.00
14255.00
14262.00
14228.00
14274.00
14263.00
14249.00
14239.00
14252.00
14242.00
14252.00
14237.00
14233.00
14240.00
14289.00
14277.00
14285.00
14307.00
14341.00
14369.00
14362.00
14382.00
14412.00
14431.00
14471.00
14484.00
14474.00
14481.00
14514.00
14545.00
14563.00
14544.00
14577.00
14611.00
14653.00
14650.00
14685.00
14715.00
14733.00
14769.00
14791.00
14778.00
14779.00
14796.00
14842.00
14838.00
14839.00
14850.00
14893.00
14926.00
14934.00
14933.00
14946.00
14937.00
14934.00
14959.00
14940.00
14942.00
14948.00
14978.00
14985.00
14979.00
14946.00
14978.00
14984.00
14971.00
14976.00
14955.00
14974.00
14975.00
14980.00
14947.00
14948.00
14952.00
14978.00
14986.00
14963.00
14965.00
14958.00
14972.00
14979.00
14995.00
14959.00
14954.00
14978.00
14996.00
14980.00
14979.00
14976.00
14996.00
14990.00
14964.00
14949.00
14949.00
14977.00
14952.00
14935.00
14916.00
14914.00
14897.00
14879.00
14848.00
14789.00
14795.00
14774.00
14774.00
14740.00
14700.00
14670.00
14653.00
14654.00
14637.00
14612.00
14592.00
14578.00
14587.00
14577.00
14544.00
14531.00
14522.00
14498.00
14479.00
14434.00
14419.00
14402.00
14405.00
14361.00
14347.00
14324.00
14321.00
14327.00
14278.00
14276.00
14266.00
14267.00
14272.00
14244.00
14226.00
14219.00
14237.00
14241.00
14220.00
14207.00
14214.00
14228.00
14218.00
14231.00
14230.00
14243.00
14277.00
14302.00
14301.00
14285.00
14294.00
14286.00
14345.00
14322.00
14342.00
14355.00
14381.00
14420.00
14429.00
14439.00
14438.00
14454.00
14505.00
14524.00
14524.00
14532.00
14599.00
14591.00
14638.00
14645.00
14647.00
14656.00
14679.00
14695.00
14692.00
14683.00
14784.00
14824.00
14862.00
14892.00
14905.00
14937.00
14969.00
14961.00
14964.00
14965.00
14970.00
14970.00
14971.00
14967.00
14956.00
14956.00
14966.00
14966.00
14971.00
14915.00
14935.00
14954.00
14951.00
14931.00
14887.00
14899.00
14878.00
14863.00
14816.00
14793.00
14789.00
14783.00
14759.00
14749.00
14735.00
14759.00
14769.00
14794.00
14803.00
14830.00
14864.00
14896.00
14911.00
14934.00
14927.00
14976.00
15023.00
15033.00
15029.00
15018.00
15044.00
15065.00
15068.00
15064.00
15057.00
15063.00
15082.00
15091.00
15064.00
15030.00
15022.00
15026.00
15014.00
15010.00
14966.00
14967.00
14974.00
14956.00
14916.00
14904.00
14889.00
14885.00
14876.00
14843.00
14804.00
14748.00
14774.00
14750.00
14721.00
14683.00
14661.00
14668.00
14661.00
14619.00
14600.00
14576.00
14582.00
14566.00
14553.00
14512.00
14463.00
14429.00
14415.00
14377.00
14326.00
14308.00
14302.00
14311.00
14287.00
14260.00
14270.00
14281.00
14294.00
14266.00
14248.00
14199.00
14205.00
14192.00
14196.00
14171.00
14152.00
14160.00
14185.00
14201.00
14194.00
14213.00
14230.00
14251.00
14278.00
14277.00
14288.00
14320.00
14351.00
14369.00
14351.00
14387.00
14415.00
14426.00
14450.00
14450.00
14465.00
14486.00
14501.00
14547.00
14556.00
14565.00
14603.00
14616.00
14640.00
14621.00
14629.00
14669.00
14708.00
14737.00
14734.00
14746.00
14799.00
14826.00
14858.00
14853.00
14885.00
14901.00
14954.00
14964.00
14945.00
14948.00
14954.00
14983.00
14997.00
14972.00
14951.00
14957.00
14973.00
14969.00
14958.00
14932.00
14950.00
14976.00
15012.00
14984.00
14970.00
14959.00
14959.00
14902.00
14851.00
14775.00
14786.00
14810.00
14826.00
14813.00
14808.00
14818.00
14842.00
14864.00
14880.00
14870.00
14897.00
14949.00
14957.00
14953.00
14945.00
14974.00
15008.00
15023.00
14997.00
15012.00
15017.00
15040.00
15057.00
15068.00
15033.00
15049.00
15055.00
15056.00
15029.00
15001.00
14995.00
15011.00
15003.00
14995.00
14957.00
14963.00
14973.00
14973.00
14944.00
14897.00
14894.00
14879.00
14856.00
14835.00
14790.00
14751.00
14763.00
14752.00
14727.00
14687.00
14666.00
14655.00
14633.00
14606.00
14571.00
14558.00
14541.00
14545.00
14530.00
14507.00
14493.00
14475.00
14465.00
14432.00
14377.00
14371.00
14363.00
14374.00
14382.00
14356.00
14342.00
14372.00
14366.00
14355.00
14324.00
14325.00
14308.00
14326.00
14318.00
14298.00
14299.00
14310.00
14343.00
14352.00
14341.00
14355.00
14353.00
14385.00
14392.00
14387.00
14399.00
14431.00
14464.00
14474.00
14467.00
14465.00
14476.00
14507.00
14515.00
14507.00
14498.00
14535.00
14568.00
14564.00
14539.00
14556.00
14576.00
14610.00
14638.00
14647.00
14659.00
14691.00
14724.00
14748.00
14745.00
14764.00
14779.00
14813.00
14829.00
14821.00
14849.00
14863.00
14887.00
14894.00
14900.00
14892.00
14942.00
14967.00
14978.00
14980.00
14982.00
15008.00
15012.00
15014.00
15003.00
14991.00
15001.00
15026.00
15022.00
15007.00
14975.00
14990.00
14992.00
14995.00
14975.00
14970.00
14970.00
14994.00
15009.00
15012.00
14990.00
15000.00
14994.00
15014.00
14997.00
14993.00
14982.00
15000.00
15018.00
14995.00
14973.00
14966.00
15012.00
14997.00
14996.00
14977.00
14969.00
14987.00
15017.00
15006.00
14990.00
15004.00
15022.00
15038.00
15019.00
15004.00
15008.00
14981.00
15013.00
14989.00
14942.00
14941.00
14948.00
14942.00
14921.00
14894.00
14874.00
14871.00
14866.00
14832.00
14789.00
14789.00
14786.00
14764.00
14711.00
14676.00
14666.00
14664.00
14635.00
14609.00
14570.00
14551.00
14547.00
14565.00
14529.00
14511.00
14484.00
14458.00
14428.00
14409.00
14374.00
14349.00
14363.00
14349.00
14349.00
14343.00
14334.00
14317.00
14304.00
14282.00
14251.00
14235.00
14220.00
14234.00
14193.00
14187.00
14189.00
14209.00
14219.00
14212.00
14225.00
14243.00
14258.00
14260.00
14296.00
14284.00
14290.00
14308.00
14329.00
14330.00
14338.00
14342.00
14372.00
14419.00
14416.00
14435.00
14467.00
14469.00
14495.00
14492.00
14487.00
14500.00
14524.00
14538.00
14551.00
14569.00
14579.00
14623.00
14640.00
14689.00
14676.00
14673.00
14686.00
14734.00
14739.00
14752.00
14753.00
14789.00
14832.00
14850.00
14874.00
14878.00
14896.00
14948.00
14953.00
14953.00
14944.00
14966.00
14998.00
14997.00
14999.00
14979.00
14981.00
14993.00
15021.00
15019.00
14991.00
14984.00
14992.00
15006.00
14983.00
14968.00
14978.00
14989.00
15002.00
14985.00
14976.00
14979.00
14980.00
14990.00
14991.00
14972.00
14987.00
14997.00
14984.00
14990.00
14973.00
14973.00
15000.00
14993.00
14986.00
14980.00
14983.00
15020.00
15021.00
15009.00
15005.00
14993.00
15014.00
15020.00
15023.00
14992.00
14994.00
15000.00
15003.00
14970.00
14940.00
14929.00
14902.00
14906.00
14884.00
14823.00
14821.00
14825.00
14820.00
14778.00
14735.00
14725.00
14692.00
14692.00
14653.00
14619.00
14596.00
14609.00
14573.00
14556.00
14543.00
14533.00
14567.00
14523.00
14521.00
14487.00
14453.00
14453.00
14433.00
14406.00
14378.00
14349.00
14357.00
14351.00
14307.00
14293.00
14284.00
14274.00
14285.00
14275.00
14265.00
14261.00
14258.00
14255.00
14237.00
14193.00
14193.00
14169.00
14181.00
14169.00
14170.00
14168.00
14183.00
14200.00
14201.00
14214.00
14213.00
14223.00
14254.00
14251.00
14244.00
14256.00
14289.00
14326.00
14353.00
14332.00
14341.00
14359.00
14374.00
14403.00
14418.00
14416.00
14417.00
14441.00
14451.00
14464.00
14469.00
14469.00
14507.00
14515.00
14527.00
14517.00
14535.00
14543.00
14586.00
14608.00
14619.00
14657.00
14687.00
14690.00
14713.00
14709.00
14740.00
14780.00
14796.00
14802.00
14825.00
14874.00
14910.00
14926.00
14945.00
14930.00
14948.00
14988.00
14981.00
14948.00
14951.00
14957.00
14986.00
15025.00
15005.00
15000.00
14999.00
15019.00
15023.00
15003.00
14982.00
14991.00
15014.00
14998.00
14979.00
14964.00
14952.00
14977.00
14972.00
14969.00
14948.00
14935.00
14969.00
14951.00
14958.00
14942.00
14955.00
14950.00
14953.00
14942.00
14926.00
14923.00
14937.00
14953.00
14939.00
14919.00
14939.00
14962.00
14967.00
14972.00
14962.00
14973.00
14997.00
15018.00
14998.00
14991.00
15006.00
15022.00
15034.00
15051.00
15029.00
15020.00
15011.00
15017.00
14983.00
14965.00
14963.00
14965.00
14946.00
14936.00
14895.00
14870.00
14875.00
14859.00
14819.00
14787.00
14753.00
14750.00
14740.00
14714.00
14688.00
14677.00
14659.00
14648.00
14633.00
14618.00
14595.00
14572.00
14579.00
14555.00
14523.00
14513.00
14493.00
14496.00
14436.00
14405.00
14363.00
14386.00
14366.00
14343.00
14333.00
14332.00
14339.00
14317.00
14314.00
14284.00
14255.00
14261.00
14244.00
14228.00
14199.00
14179.00
14185.00
14204.00
14182.00
14171.00
14174.00
14188.00
14197.00
14198.00
14200.00
14199.00
14217.00
14232.00
14243.00
14242.00
14233.00
14257.00
14276.00
14285.00
14283.00
14292.00
14313.00
14353.00
14390.00
14376.00
14396.00
14433.00
14451.00
14470.00
14463.00
14470.00
14491.00
14511.00
14512.00
14506.00
14539.00
14556.00
14583.00
14599.00
14593.00
14620.00
14647.00
14703.00
14718.00
14730.00
14745.00
14757.00
14790.00
14808.00
14808.00
14825.00
14840.00
14864.00
14887.00
14903.00
14903.00
14930.00
14956.00
14937.00
14942.00
14941.00
14967.00
14991.00
14992.00
14998.00
14989.00
14991.00
15016.00
15014.00
15021.00
15008.00
15004.00
15021.00
15007.00
14986.00
14975.00
14950.00
14979.00
14986.00
14984.00
14940.00
14964.00
14982.00
14985.00
14989.00
14996.00
15020.00
15031.00
15064.00
15049.00
15029.00
15035.00
15059.00
15068.00
15046.00
15030.00
15034.00
15029.00
15037.00
15040.00
14993.00
15006.00
15029.00
15038.00
15026.00
15020.00
15011.00
15039.00
15032.00
15012.00
14991.00
14973.00
14987.00
14983.00
14956.00
14942.00
14937.00
14937.00
14916.00
14887.00
14876.00
14845.00
14838.00
14843.00
14828.00
14780.00
14760.00
14777.00
14764.00
14724.00
14677.00
14656.00
14663.00
14654.00
14635.00
14625.00
14624.00
14621.00
14583.00
14572.00
14541.00
14545.00
14530.00
14525.00
14500.00
14473.00
14456.00
14454.00
14441.00
14432.00
14399.00
14377.00
14382.00
14400.00
14376.00
14365.00
14347.00
14346.00
14358.00
14325.00
14289.00
14277.00
14260.00
14270.00
14256.00
14217.00
14222.00
14230.00
14229.00
14214.00
14216.00
14195.00
14226.00
14255.00
14243.00
14241.00
14253.00
14264.00
14282.00
14297.00
14286.00
14302.00
14298.00
14330.00
14342.00
14341.00
14351.00
14369.00
14383.00
14389.00
14399.00
14424.00
14442.00
14461.00
14462.00
14457.00
14477.00
14504.00
14527.00
14528.00
14529.00
14546.00
14588.00
14605.00
14610.00
14612.00
14633.00
14665.00
14691.00
14706.00
14685.00
14719.00
14736.00
14777.00
14788.00
14789.00
14807.00
14845.00
14903.00
14910.00
14913.00
14917.00
14962.00
14999.00
14992.00
14975.00
14993.00
15009.00
15016.00
15053.00
15006.00
15003.00
15013.00
15005.00
15021.00
14984.00
14992.00
14982.00
15008.00
15000.00
14985.00
14979.00
14966.00
14953.00
14977.00
14957.00
14904.00
14874.00
14870.00
14833.00
14784.00
14747.00
14747.00
14744.00
14755.00
14761.00
14744.00
14781.00
14819.00
14823.00
14832.00
14849.00
14874.00
14929.00
14928.00
14947.00
14936.00
14964.00
14985.00
14996.00
14997.00
14977.00
15001.00
15030.00
15034.00
15035.00
15024.00
15057.00
15030.00
15066.00
15046.00
15026.00
15035.00
15053.00
15050.00
15012.00
15011.00
15004.00
15010.00
14983.00
14962.00
14945.00
14923.00
14915.00
14933.00
14895.00
14890.00
14877.00
14870.00
14852.00
14833.00
14809.00
14810.00
14808.00
14772.00
14765.00
14751.00
14736.00
14747.00
14750.00
14729.00
14679.00
14669.00
14655.00
14664.00
14643.00
14594.00
14596.00
14589.00
14576.00
14555.00
14551.00
14531.00
14533.00
14524.00
14494.00
14444.00
14417.00
14458.00
14438.00
14427.00
14400.00
14372.00
14404.00
14389.00
14396.00
14355.00
14368.00
14385.00
14370.00
14375.00
14350.00
14340.00
14364.00
14360.00
14343.00
14324.00
14359.00
14379.00
14403.00
14385.00
14396.00
14400.00
14420.00
14446.00
14455.00
14423.00
14432.00
14438.00
14457.00
14443.00
14466.00
14467.00
14489.00
14527.00
14514.00
14527.00
14548.00
14586.00
14609.00
14616.00
14623.00
14653.00
14666.00
14705.00
14714.00
14716.00
14739.00
14748.00
14790.00
14789.00
14795.00
14828.00
14851.00
14867.00
14880.00
14887.00
14908.00
14941.00
14954.00
14980.00
14971.00
14982.00
15020.00
15024.00
15029.00
15025.00
15015.00
15034.00
15050.00
15014.00
15026.00
15003.00
15003.00
15006.00
14993.00
14980.00
14947.00
14957.00
14948.00
14926.00
14899.00
14871.00
14877.00
14864.00
14806.00
14781.00
14797.00
14806.00
14828.00
14853.00
14846.00
14861.00
14903.00
14947.00
14963.00
14955.00
14964.00
14999.00
15017.00
15026.00
15011.00
15009.00
15013.00
15041.00
15043.00
15021.00
15005.00
15015.00
15037.00
15044.00
15024.00
15018.00
15004.00
15024.00
15024.00
15003.00
14984.00
14979.00
14990.00
14952.00
14931.00
14927.00
14939.00
14927.00
14885.00
14862.00
14845.00
14831.00
14820.00
14804.00
14768.00
14763.00
14755.00
14749.00
14731.00
14689.00
14638.00
14636.00
14640.00
14629.00
14584.00
14551.00
14557.00
14576.00
14551.00
14535.00
14501.00
14489.00
14473.00
14468.00
14430.00
14417.00
14398.00
14385.00
14393.00
14352.00
14313.00
14337.00
14336.00
14338.00
14306.00
14272.00
14303.00
14304.00
14330.00
14318.00
14315.00
14337.00
14345.00
14358.00
14359.00
14371.00
14366.00
14392.00
14402.00
14409.00
14404.00
14418.00
14429.00
14465.00
14439.00
14443.00
14446.00
14479.00
14493.00
14492.00
14473.00
14483.00
14548.00
14559.00
14574.00
14600.00
14610.00
14639.00
14662.00
14679.00
14671.00
14683.00
14715.00
14736.00
14744.00
14757.00
14774.00
14806.00
14821.00
14831.00
14841.00
14848.00
14887.00
14927.00
14923.00
14939.00
14959.00
14992.00
15007.00
15017.00
14998.00
15026.00
15010.00
15031.00
15033.00
15005.00
14986.00
15001.00
15008.00
14977.00
14958.00
14941.00
14939.00
14973.00
14952.00
14908.00
14890.00
14879.00
14888.00
14886.00
14821.00
14771.00
14761.00
14731.00
14705.00
14678.00
14664.00
14678.00
14729.00
14735.00
14724.00
14749.00
14755.00
14814.00
14809.00
14813.00
14813.00
14859.00
14871.00
14888.00
14887.00
14902.00
14914.00
14966.00
14971.00
14979.00
14974.00
14997.00
15035.00
15043.00
15020.00
15026.00
15036.00
15062.00
15048.00
15023.00
15006.00
14997.00
15013.00
14985.00
14966.00
14946.00
14963.00
14973.00
14959.00
14918.00
14904.00
14873.00
14873.00
14869.00
14845.00
14829.00
14817.00
14821.00
14801.00
14752.00
14731.00
14704.00
14719.00
14713.00
14682.00
14667.00
14667.00
14665.00
14664.00
14617.00
14611.00
14590.00
14577.00
14556.00
14549.00
14517.00
14485.00
14501.00
14496.00
14441.00
14427.00
14415.00
14403.00
14402.00
14385.00
14374.00
14365.00
14383.00
14386.00
14376.00
14375.00
14351.00
14366.00
14381.00
14377.00
14322.00
14331.00
14346.00
14356.00
14371.00
14365.00
14373.00
14380.00
14397.00
14391.00
14383.00
14387.00
14411.00
14411.00
14430.00
14411.00
14399.00
14441.00
14435.00
14441.00
14439.00
14434.00
14484.00
14516.00
14531.00
14519.00
14534.00
14549.00
14568.00
14608.00
14613.00
14635.00
14654.00
14685.00
14723.00
14722.00
14720.00
14755.00
14779.00
14810.00
14813.00
14830.00
14850.00
14884.00
14911.00
14896.00
14945.00
14967.00
14992.00
15002.00
14987.00
14986.00
14998.00
15005.00
15006.00
15005.00
15000.00
15001.00
15032.00
15047.00
15049.00
15027.00
15047.00
15069.00
15071.00
15064.00
15066.00
15049.00
15034.00
15013.00
14983.00
14964.00
14966.00
14961.00
14966.00
14939.00
14910.00
14911.00
14931.00
14940.00
14933.00
14913.00
14926.00
14948.00
14962.00
14927.00
14926.00
14921.00
14981.00
14986.00
14967.00
14974.00
14967.00
14997.00
15003.00
14993.00
14984.00
14992.00
15015.00
15008.00
15006.00
15004.00
15023.00
15031.00
15042.00
15017.00
15000.00
14996.00
15004.00
14981.00
14975.00
14933.00
14929.00
14934.00
14910.00
14892.00
14878.00
14836.00
14854.00
14840.00
14818.00
14801.00
14779.00
14786.00
14759.00
14735.00
14712.00
14695.00
14690.00
14670.00
14657.00
14625.00
14597.00
14598.00
14576.00
14548.00
14535.00
14524.00
14522.00
14546.00
14515.00
14483.00
14448.00
14422.00
14410.00
14378.00
14335.00
14336.00
14311.00
14300.00
14304.00
14285.00
14301.00
14302.00
14286.00
14306.00
14293.00
14291.00
14270.00
14297.00
14293.00
14279.00
14270.00
14297.00
14315.00
14318.00
14324.00
14324.00
14342.00
14369.00
14376.00
14372.00
14371.00
14391.00
14410.00
14408.00
14412.00
14421.00
14434.00
14457.00
14481.00
14454.00
14487.00
14506.00
14537.00
14567.00
14568.00
14597.00
14615.00
14657.00
14649.00
14662.00
14663.00
14698.00
14744.00
14765.00
14788.00
14787.00
14800.00
14854.00
14884.00
14890.00
14888.00
14904.00
14939.00
14961.00
14957.00
14956.00
14983.00
14990.00
15006.00
15014.00
14994.00
14986.00
15029.00
15047.00
15054.00
15042.00
15053.00
15059.00
15067.00
15067.00
15025.00
15005.00
15013.00
15000.00
14984.00
14945.00
14960.00
14984.00
14998.00
14990.00
14967.00
14949.00
14995.00
14980.00
14986.00
14964.00
14964.00
14968.00
15005.00
15001.00
14986.00
14980.00
14986.00
15010.00
15002.00
14983.00
14990.00
15005.00
15006.00
15014.00
15028.00
15015.00
15015.00
15027.00
15019.00
14995.00
14994.00
14999.00
15038.00
15013.00
14990.00
14987.00
14990.00
15000.00
14983.00
14955.00
14934.00
14934.00
14921.00
14942.00
14908.00
14889.00
14896.00
14897.00
14885.00
14833.00
14819.00
14817.00
14823.00
14806.00
14792.00
14771.00
14762.00
14769.00
14762.00
14736.00
14706.00
14692.00
14693.00
14651.00
14627.00
14619.00
14613.00
14598.00
14604.00
14571.00
14568.00
14533.00
14534.00
14544.00
14522.00
14469.00
14446.00
14445.00
14443.00
14418.00
14373.00
14353.00
14356.00
14336.00
14313.00
14266.00
14293.00
14269.00
14299.00
14287.00
14289.00
14288.00
14306.00
14331.00
14331.00
14322.00
14338.00
14352.00
14372.00
14359.00
14367.00
14349.00
14372.00
14394.00
14389.00
14391.00
14392.00
14422.00
14451.00
14453.00
14455.00
14479.00
14492.00
14526.00
14537.00
14558.00
14556.00
14598.00
14601.00
14629.00
14621.00
14619.00
14670.00
14697.00
14729.00
14713.00
14732.00
14770.00
14828.00
14834.00
14855.00
14873.00
14877.00
14921.00
14947.00
14946.00
14925.00
14949.00
14962.00
14962.00
14945.00
14944.00
14953.00
14982.00
14985.00
14955.00
14968.00
14975.00
14988.00
15026.00
15005.00
14977.00
14968.00
14965.00
14929.00
14917.00
14881.00
14891.00
14913.00
14906.00
14880.00
14826.00
14798.00
14748.00
14703.00
14609.00
14515.00
14428.00
14392.00
14362.00
14364.00
14385.00
14409.00
14461.00
14528.00
14568.00
14597.00
14656.00
14751.00
14819.00
14873.00
14911.00
14945.00
14998.00
15020.00
15038.00
15012.00
15006.00
15033.00
15024.00
15004.00
14992.00
14969.00
14981.00
14963.00
14953.00
14902.00
14886.00
14864.00
14861.00
14846.00
14840.00
14798.00
14784.00
14795.00
14777.00
14728.00
14698.00
14700.00
14694.00
14678.00
14651.00
14644.00
14638.00
14629.00
14632.00
14604.00
14576.00
14548.00
14540.00
14516.00
14508.00
14473.00
14463.00
14466.00
14474.00
14457.00
14428.00
14418.00
14438.00
14416.00
14394.00
14380.00
14374.00
14369.00
14404.00
14395.00
14353.00
14370.00
14375.00
14394.00
14375.00
14368.00
14374.00
14390.00
14396.00
14407.00
14396.00
14410.00
14434.00
14436.00
14426.00
14419.00
14450.00
14457.00
14473.00
14485.00
14475.00
14495.00
14511.00
14528.00
14538.00
14525.00
14547.00
14564.00
14573.00
14602.00
14603.00
14618.00
14662.00
14688.00
14704.00
14719.00
14730.00
14760.00
14781.00
14817.00
14819.00
14836.00
14862.00
14889.00
14907.00
14905.00
14912.00
14960.00
14997.00
14991.00
15011.00
15005.00
15039.00
15060.00
15067.00
15076.00
15059.00
15054.00
15077.00
15093.00
15062.00
15004.00
15019.00
15042.00
15021.00
15002.00
14971.00
14948.00
14945.00
14926.00
14864.00
14815.00
14770.00
14767.00
14730.00
14657.00
14581.00
14539.00
14506.00
14499.00
14455.00
14445.00
14462.00
14514.00
14554.00
14548.00
14599.00
14659.00
14745.00
14816.00
14840.00
14877.00
14924.00
14960.00
14991.00
15002.00
14978.00
15001.00
15026.00
15025.00
15028.00
15013.00
15012.00
15027.00
15018.00
15019.00
14995.00
14959.00
14948.00
14958.00
14936.00
14907.00
14877.00
14873.00
14861.00
14862.00
14819.00
14796.00
14801.00
14792.00
14765.00
14741.00
14709.00
14703.00
14718.00
14667.00
14646.00
14621.00
14620.00
14618.00
14597.00
14578.00
14573.00
14562.00
14552.00
14529.00
14505.00
14483.00
14471.00
14453.00
14445.00
14406.00
14402.00
14387.00
14393.00
14388.00
14351.00
14322.00
14331.00
14334.00
14331.00
14329.00
14280.00
14286.00
14281.00
14282.00
14280.00
14263.00
14281.00
14296.00
14299.00
14293.00
14294.00
14306.00
14334.00
14360.00
14372.00
14374.00
14403.00
14423.00
14432.00
14444.00
14430.00
14455.00
14464.00
14485.00
14484.00
14507.00
14511.00
14533.00
14559.00
14563.00
14556.00
14571.00
14595.00
14627.00
14636.00
14645.00
14676.00
14702.00
14733.00
14739.00
14722.00
14755.00
14774.00
14804.00
14820.00
14798.00
14820.00
14855.00
14863.00
14864.00
14882.00
14903.00
14900.00
14923.00
14939.00
14908.00
14931.00
14952.00
14964.00
14976.00
14951.00
14948.00
14956.00
14953.00
14959.00
14937.00
14917.00
14921.00
14936.00
14941.00
14924.00
14918.00
14928.00
14936.00
14936.00
14930.00
14921.00
14921.00
14945.00
14942.00
14937.00
14925.00
14931.00
14952.00
14957.00
14940.00
14947.00
14952.00
14971.00
14962.00
14944.00
14933.00
14932.00
14968.00
14981.00
14964.00
14940.00
14968.00
14975.00
14992.00
14994.00
14956.00
14967.00
14984.00
14972.00
14982.00
14932.00
14938.00
14925.00
14930.00
14918.00
14875.00
14871.00
14861.00
14869.00
14850.00
14800.00
14792.00
14781.00
14775.00
14773.00
14735.00
14720.00
14733.00
14731.00
14670.00
14639.00
14647.00
14646.00
14641.00
14639.00
14613.00
14585.00
14568.00
14584.00
14571.00
14553.00
14536.00
14535.00
14546.00
14510.00
14471.00
14470.00
14467.00
14457.00
14439.00
14409.00
14375.00
14405.00
14388.00
14370.00
14346.00
14329.00
14325.00
14337.00
14323.00
14310.00
14321.00
14354.00
14362.00
14376.00
14364.00
14369.00
14389.00
14385.00
14394.00
14391.00
14375.00
14378.00
14392.00
14422.00
14410.00
14413.00
14428.00
14447.00
14454.00
14450.00
14436.00
14475.00
14489.00
14503.00
14522.00
14515.00
14512.00
14546.00
14568.00
14560.00
14555.00
14545.00
14586.00
14592.00
14612.00
14605.00
14647.00
14688.00
14708.00
14706.00
14709.00
14713.00
14738.00
14767.00
14770.00
14788.00
14812.00
14831.00
14848.00
14867.00
14848.00
14858.00
14865.00
14892.00
14899.00
14866.00
14889.00
14913.00
14930.00
14926.00
14921.00
14926.00
14950.00
14966.00
14960.00
14920.00
14933.00
14957.00
14973.00
14950.00
14941.00
14922.00
14940.00
14952.00
14954.00
14925.00
14923.00
14923.00
14941.00
14959.00
14942.00
14923.00
14918.00
14937.00
14937.00
14917.00
14903.00
14919.00
14919.00
14940.00
14940.00
14931.00
14943.00
14973.00
14966.00
14947.00
14933.00
14945.00
14963.00
14971.00
14967.00
14934.00
14943.00
14942.00
14988.00
14939.00
14912.00
14921.00
14934.00
14933.00
14917.00
14894.00
14894.00
14897.00
14871.00
14854.00
14821.00
14807.00
14807.00
14810.00
14784.00
14752.00
14724.00
14737.00
14735.00
14716.00
14697.00
14685.00
14645.00
14648.00
14622.00
14589.00
14586.00
14577.00
14597.00
14564.00
14537.00
14535.00
14539.00
14525.00
14503.00
14484.00
14478.00
14482.00
14476.00
14442.00
14422.00
14418.00
14407.00
14375.00
14377.00
14357.00
14336.00
14345.00
14333.00
14333.00
14304.00
14292.00
14286.00
14292.00
14303.00
14272.00
14286.00
14301.00
14328.00
14319.00
14332.00
14322.00
14356.00
14358.00
14364.00
14353.00
14340.00
14358.00
14380.00
14391.00
14386.00
14410.00
14417.00
14444.00
14473.00
14444.00
14462.00
14471.00
14505.00
14515.00
14531.00
14499.00
14527.00
14567.00
14570.00
14574.00
14583.00
14601.00
14606.00
14646.00
14633.00
14650.00
14656.00
14689.00
14703.00
14700.00
14702.00
14717.00
14749.00
14761.00
14800.00
14817.00
14851.00
14890.00
14900.00
14909.00
14890.00
14881.00
14895.00
14904.00
14904.00
14892.00
14900.00
14906.00
14929.00
14917.00
14885.00
14873.00
14892.00
14887.00
14893.00
14904.00
14920.00
14916.00
14910.00
14898.00
14862.00
14849.00
14857.00
14866.00
14867.00
14841.00
14860.00
14868.00
14912.00
14916.00
14907.00
14912.00
14941.00
14939.00
14939.00
14930.00
14899.00
14907.00
14941.00
14949.00
14934.00
14919.00
14928.00
14944.00
14929.00
14926.00
14914.00
14940.00
14946.00
14966.00
14968.00
14961.00
14974.00
14984.00
14992.00
14964.00
14950.00
14942.00
14955.00
14940.00
14906.00
14877.00
14850.00
14877.00
14855.00
14823.00
14797.00
14785.00
14795.00
14750.00
14751.00
14725.00
14713.00
14714.00
14702.00
14669.00
14625.00
14611.00
14625.00
14595.00
14558.00
14546.00
14548.00
14518.00
14533.00
14504.00
14486.00
14467.00
14466.00
14457.00
14437.00
14378.00
14371.00
14352.00
14333.00
14345.00
14315.00
14313.00
14321.00
14310.00
14299.00
14286.00
14291.00
14281.00
14293.00
14301.00
14269.00
14282.00
14301.00
14307.00
14292.00
14282.00
14277.00
14316.00
14344.00
14353.00
14321.00
14349.00
14377.00
14403.00
14417.00
14424.00
14425.00
14438.00
14480.00
14488.00
14487.00
14512.00
14536.00
14553.00
14592.00
14603.00
14624.00
14627.00
14646.00
14677.00
14693.00
14701.00
14725.00
14788.00
14797.00
14810.00
14813.00
14848.00
14870.00
14901.00
14892.00
14883.00
14901.00
14915.00
14929.00
14929.00
14909.00
14911.00
14920.00
14921.00
14905.00
14882.00
14883.00
14906.00
14913.00
14892.00
14866.00
14908.00
14903.00
14866.00
14791.00
14780.00
14735.00
14702.00
14669.00
14610.00
14494.00
14428.00
14386.00
14383.00
14355.00
14351.00
14390.00
14438.00
14488.00
14514.00
14522.00
14551.00
14637.00
14676.00
14703.00
14700.00
14753.00
14790.00
14830.00
14841.00
14840.00
14840.00
14885.00
14920.00
14956.00
14946.00
14958.00
14977.00
15004.00
15005.00
14996.00
14977.00
14975.00
14987.00
14957.00
14964.00
14935.00
14953.00
14941.00
14924.00
14898.00
14856.00
14843.00
14850.00
14831.00
14796.00
14790.00
14786.00
14810.00
14781.00
14764.00
14747.00
14735.00
14724.00
14721.00
14667.00
14638.00
14614.00
14644.00
14622.00
14593.00
14577.00
14564.00
14556.00
14561.00
14522.00
14517.00
14508.00
14503.00
14491.00
14480.00
14430.00
14427.00
14406.00
14391.00
14345.00
14316.00
14310.00
14308.00
14312.00
14292.00
14259.00
14271.00
14274.00
14267.00
14255.00
14245.00
14245.00
14267.00
14256.00
14268.00
14263.00
14293.00
14305.00
14341.00
14326.00
14322.00
14346.00
14352.00
14351.00
14369.00
14366.00
14395.00
14395.00
14433.00
14438.00
14436.00
14429.00
14453.00
14493.00
14491.00
14503.00
14518.00
14570.00
14575.00
14605.00
14598.00
14594.00
14637.00
14651.00
14654.00
14658.00
14697.00
14746.00
14787.00
14810.00
14816.00
14828.00
14859.00
14892.00
14893.00
14905.00
14878.00
14912.00
14920.00
14930.00
14922.00
14916.00
14939.00
14947.00
14952.00
14929.00
14916.00
14950.00
14969.00
14951.00
14939.00
14912.00
14931.00
14945.00
14925.00
14900.00
14875.00
14873.00
14897.00
14886.00
14862.00
14857.00
14877.00
14893.00
14887.00
14862.00
14846.00
14857.00
14879.00
14879.00
14853.00
14841.00
14877.00
14900.00
14925.00
14912.00
14902.00
14913.00
14924.00
14939.00
14905.00
14912.00
14917.00
14929.00
14947.00
14937.00
14912.00
14923.00
14928.00
14928.00
14935.00
14916.00
14896.00
14913.00
14901.00
14871.00
14849.00
14830.00
14828.00
14816.00
14800.00
14735.00
14750.00
14764.00
14737.00
14718.00
14703.00
14661.00
14676.00
14679.00
14665.00
14611.00
14596.00
14591.00
14580.00
14567.00
14526.00
14520.00
14498.00
14508.00
14474.00
14459.00
14443.00
14441.00
14423.00
14416.00
14378.00
14355.00
14328.00
14366.00
14316.00
14317.00
14288.00
14291.00
14317.00
14302.00
14296.00
14281.00
14282.00
14299.00
14294.00
14281.00
14273.00
14285.00
14305.00
14293.00
14303.00
14306.00
14308.00
14354.00
14358.00
14342.00
14323.00
14353.00
14379.00
14400.00
14398.00
14394.00
14426.00
14438.00
14470.00
14466.00
14478.00
14488.00
14509.00
14530.00
14541.00
14548.00
14570.00
14615.00
14624.00
14643.00
14631.00
14654.00
14685.00
14694.00
14720.00
14723.00
14753.00
14775.00
14809.00
14834.00
14826.00
14845.00
14879.00
14888.00
14878.00
14871.00
14877.00
14890.00
14911.00
14896.00
14883.00
14878.00
14892.00
14913.00
14926.00
14936.00
14923.00
14939.00
14949.00
14940.00
14913.00
14902.00
14910.00
14893.00
14885.00
14845.00
14865.00
14779.00
14786.00
14726.00
14725.00
14707.00
14716.00
14695.00
14662.00
14607.00
14559.00
14570.00
14582.00
14569.00
14576.00
14618.00
14638.00
14694.00
14699.00
14695.00
14719.00
14733.00
14785.00
14796.00
14795.00
14793.00
14844.00
14928.00
14932.00
14957.00
14951.00
14961.00
14978.00
14990.00
14958.00
14953.00
14969.00
14956.00
14963.00
14933.00
14917.00
14931.00
14943.00
14921.00
14888.00
14867.00
14842.00
14837.00
14854.00
14841.00
14818.00
14823.00
14826.00
14807.00
14791.00
14761.00
14732.00
14754.00
14731.00
14715.00
14669.00
14660.00
14655.00
14648.00
14599.00
14567.00
14547.00
14542.00
14545.00
14527.00
14485.00
14497.00
14494.00
14494.00
14481.00
14465.00
14445.00
14437.00
14453.00
14429.00
14401.00
14376.00
14409.00
14383.00
14380.00
14375.00
14350.00
14366.00
14355.00
14348.00
14343.00
14356.00
14368.00
14381.00
14368.00
14370.00
14387.00
14396.00
14414.00
14413.00
14401.00
14402.00
14435.00
14457.00
14451.00
14479.00
14465.00
14486.00
14505.00
14521.00
14529.00
14539.00
14554.00
14599.00
14623.00
14627.00
14640.00
14668.00
14703.00
14723.00
14737.00
14755.00
14754.00
14796.00
14836.00
14819.00
14824.00
14849.00
14868.00
14890.00
14884.00
14865.00
14880.00
14893.00
14889.00
14877.00
14874.00
14904.00
14932.00
14935.00
14923.00
14910.00
14903.00
14932.00
14927.00
14920.00
14879.00
14861.00
14833.00
14822.00
14830.00
14812.00
14822.00
14864.00
14833.00
14827.00
14792.00
14751.00
14731.00
14690.00
14676.00
14620.00
14626.00
14648.00
14657.00
14686.00
14671.00
14707.00
14727.00
14759.00
14767.00
14771.00
14791.00
14838.00
14839.00
14854.00
14850.00
14826.00
14840.00
14886.00
14919.00
14919.00
14900.00
14964.00
14959.00
14979.00
14946.00
14941.00
14950.00
14952.00
14923.00
14955.00
14945.00
14946.00
14946.00
14946.00
14915.00
14910.00
14896.00
14897.00
14868.00
14852.00
14813.00
14798.00
14783.00
14794.00
14767.00
14709.00
14736.00
14734.00
14714.00
14671.00
14667.00
14645.00
14658.00
14656.00
14607.00
14580.00
14559.00
14575.00
14540.00
14534.00
14511.00
14493.00
14515.00
14493.00
14460.00
14428.00
14421.00
14387.00
14363.00
14344.00
14315.00
14320.00
14325.00
14338.00
14311.00
14316.00
14293.00
14315.00
14315.00
14324.00
14299.00
14312.00
14329.00
14349.00
14359.00
14343.00
14358.00
14385.00
14407.00
14382.00
14407.00
14405.00
14438.00
14452.00
14474.00
14466.00
14492.00
14511.00
14534.00
14545.00
14552.00
14551.00
14589.00
14613.00
14620.00
14623.00
14645.00
14667.00
14697.00
14717.00
14727.00
14741.00
14761.00
14781.00
14807.00
14824.00
14841.00
14866.00
14916.00
14921.00
14931.00
14925.00
14933.00
14946.00
14952.00
14942.00
14949.00
14939.00
14976.00
14976.00
14960.00
14963.00
14978.00
14977.00
14972.00
14942.00
14945.00
14967.00
14963.00
14962.00
14931.00
14901.00
14901.00
14907.00
14885.00
14866.00
14844.00
14855.00
14873.00
14887.00
14875.00
14844.00
14851.00
14884.00
14877.00
14870.00
14858.00
14826.00
14864.00
14858.00
14854.00
14838.00
14850.00
14877.00
14885.00
14890.00
14851.00
14876.00
14886.00
14905.00
14911.00
14881.00
14892.00
14911.00
14909.00
14888.00
14870.00
14880.00
14917.00
14955.00
14953.00
14919.00
14938.00
14923.00
14919.00
14888.00
14857.00
14844.00
14853.00
14834.00
14824.00
14767.00
14743.00
14759.00
14749.00
14735.00
14707.00
14684.00
14688.00
14658.00
14653.00
14599.00
14595.00
14599.00
14593.00
14581.00
14557.00
14530.00
14516.00
14530.00
14490.00
14463.00
14421.00
14409.00
14396.00
14351.00
14332.00
14289.00
14288.00
14283.00
14283.00
14236.00
14258.00
14255.00
14249.00
14234.00
14237.00
14234.00
14230.00
14275.00
14287.00
14259.00
14254.00
14282.00
14298.00
14308.00
14326.00
14280.00
14331.00
14350.00
14377.00
14384.00
14391.00
14401.00
14424.00
14461.00
14451.00
14454.00
14487.00
14514.00
14538.00
14552.00
14545.00
14556.00
14594.00
14620.00
14622.00
14620.00
14654.00
14687.00
14710.00
14727.00
14749.00
14765.00
14792.00
14816.00
14831.00
14828.00
14840.00
14865.00
14894.00
14887.00
14882.00
14893.00
14886.00
14932.00
14920.00
14917.00
14917.00
14928.00
14931.00
14925.00
14916.00
14928.00
14922.00
14926.00
14912.00
14862.00
14844.00
14837.00
14829.00
14804.00
14741.00
14825.00
14775.00
14813.00
14763.00
14680.00
14613.00
14576.00
14548.00
14533.00
14478.00
14448.00
14466.00
14481.00
14488.00
14471.00
14495.00
14553.00
14601.00
14604.00
14595.00
14605.00
14650.00
14680.00
14725.00
14755.00
14771.00
14800.00
14862.00
14900.00
14903.00
14922.00
14940.00
14969.00
14999.00
14993.00
14993.00
15015.00
15017.00
15038.00
15016.00
14999.00
14995.00
14994.00
14993.00
14971.00
14956.00
14960.00
14933.00
14954.00
14934.00
14893.00
14859.00
14874.00
14854.00
14835.00
14803.00
14772.00
14780.00
14784.00
14744.00
14714.00
14696.00
14697.00
14678.00
14671.00
14636.00
14641.00
14625.00
14627.00
14590.00
14554.00
14548.00
14549.00
14569.00
14535.00
14506.00
14462.00
14462.00
14464.00
14446.00
14417.00
14420.00
14412.00
14416.00
14400.00
14367.00
14381.00
14376.00
14379.00
14365.00
14356.00
14367.00
14391.00
14405.00
14409.00
14404.00
14421.00
14422.00
14451.00
14468.00
14459.00
14483.00
14473.00
14501.00
14514.00
14508.00
14499.00
14532.00
14547.00
14556.00
14573.00
14595.00
14599.00
14648.00
14661.00
14671.00
14683.00
14705.00
14752.00
14765.00
14771.00
14782.00
14811.00
14851.00
14880.00
14868.00
14902.00
14920.00
14937.00
14972.00
14965.00
14973.00
15005.00
15005.00
15020.00
15030.00
15014.00
15015.00
15055.00
15056.00
15021.00
15005.00
15002.00
14990.00
14996.00
14966.00
14904.00
14912.00
14933.00
14902.00
14905.00
14865.00
14877.00
14885.00
14913.00
14903.00
14893.00
14903.00
14927.00
14935.00
14927.00
14910.00
14906.00
14936.00
14936.00
14938.00
14925.00
14921.00
14947.00
14974.00
14956.00
14944.00
14931.00
14961.00
14980.00
14977.00
14951.00
14981.00
14988.00
15000.00
15000.00
14953.00
14962.00
14991.00
14992.00
14980.00
14963.00
14964.00
14957.00
14972.00
14937.00
14913.00
14893.00
14903.00
14871.00
14853.00
14831.00
14798.00
14794.00
14808.00
14789.00
14753.00
14735.00
14736.00
14729.00
14736.00
14696.00
14668.00
14661.00
14668.00
14669.00
14647.00
14618.00
14621.00
14650.00
14637.00
14586.00
14579.00
14573.00
14563.00
14576.00
14548.00
14542.00
14545.00
14530.00
14522.00
14490.00
14490.00
14462.00
14462.00
14436.00
14422.00
14380.00
14391.00
14383.00
14392.00
14372.00
14343.00
14341.00
14364.00
14357.00
14347.00
14352.00
14353.00
14379.00
14409.00
14399.00
14404.00
14392.00
14426.00
14459.00
14473.00
14421.00
14435.00
14467.00
14474.00
14470.00
14485.00
14488.00
14518.00
14539.00
14532.00
14550.00
14561.00
14590.00
14625.00
14631.00
14621.00
14636.00
14662.00
14692.00
14705.00
14697.00
14727.00
14749.00
14769.00
14784.00
14797.00
14809.00
14835.00
14852.00
14878.00
14877.00
14884.00
14904.00
14930.00
14942.00
14927.00
14924.00
14937.00
14948.00
14951.00
14932.00
14901.00
14935.00
14950.00
14935.00
14919.00
14910.00
14923.00
14939.00
14943.00
14917.00
14906.00
14938.00
14952.00
14954.00
14934.00
14930.00
14938.00
14949.00
14954.00
14952.00
14926.00
14940.00
14952.00
14948.00
14926.00
14927.00
14926.00
14941.00
14943.00
14938.00
14941.00
14936.00
14974.00
14957.00
14956.00
14963.00
14966.00
14976.00
14979.00
14966.00
14974.00
14985.00
15000.00
15008.00
14992.00
14945.00
14940.00
14935.00
14952.00
14904.00
14871.00
14879.00
14893.00
14866.00
14852.00
14808.00
14796.00
14800.00
14803.00
14776.00
14752.00
14763.00
14767.00
14776.00
14746.00
14707.00
14682.00
14690.00
14651.00
14637.00
14590.00
14567.00
14564.00
14565.00
14562.00
14512.00
14508.00
14508.00
14508.00
14472.00
14445.00
14413.00
14419.00
14415.00
14379.00
14367.00
14360.00
14349.00
14338.00
14314.00
14287.00
14271.00
14263.00
14256.00
14248.00
14236.00
14225.00
14227.00
14227.00
14231.00
14194.00
14200.00
14206.00
14231.00
14230.00
14210.00
14213.00
14263.00
14277.00
14314.00
14288.00
14304.00
14314.00
14347.00
14354.00
14356.00
14372.00
14409.00
14447.00
14460.00
14461.00
14483.00
14502.00
14542.00
14560.00
14567.00
14568.00
14579.00
14620.00
14636.00
14640.00
14662.00
14667.00
14713.00
14720.00
14739.00
14749.00
14802.00
14840.00
14884.00
14894.00
14921.00
14910.00
14958.00
14953.00
14950.00
14936.00
14937.00
14959.00
14967.00
14951.00
14963.00
14954.00
14982.00
14969.00
14954.00
14924.00
14944.00
14955.00
14956.00
14930.00
14900.00
14899.00
14931.00
14938.00
14914.00
14892.00
14890.00
14896.00
14916.00
14892.00
14858.00
14870.00
14882.00
14902.00
14881.00
14855.00
14863.00
14856.00
14885.00
14863.00
14858.00
14866.00
14881.00
14909.00
14901.00
14919.00
14918.00
14936.00
14952.00
14952.00
14932.00
14933.00
14958.00
14986.00
14982.00
14984.00
14990.00
14989.00
15014.00
15027.00
14995.00
15007.00
15002.00
14998.00
14973.00
14947.00
14923.00
14926.00
14925.00
14914.00
14878.00
14838.00
14835.00
14817.00
14795.00
14766.00
14736.00
14750.00
14751.00
14718.00
14684.00
14650.00
14640.00
14639.00
14627.00
14615.00
14602.00
14599.00
14580.00
14553.00
14531.00
14518.00
14523.00
14524.00
14512.00
14483.00
14482.00
14449.00
14472.00
14463.00
14461.00
14421.00
14410.00
14407.00
14393.00
14382.00
14363.00
14354.00
14372.00
14356.00
14341.00
14316.00
14346.00
14344.00
14376.00
14362.00
14357.00
14355.00
14372.00
14400.00
14407.00
14412.00
14412.00
14450.00
14452.00
14469.00
14473.00
14485.00
14504.00
14539.00
14551.00
14540.00
14564.00
14603.00
14606.00
14602.00
14582.00
14611.00
14639.00
14660.00
14660.00
14678.00
14689.00
14730.00
14756.00
14762.00
14766.00
14801.00
14823.00
14858.00
14862.00
14866.00
14883.00
14928.00
14957.00
14945.00
14960.00
14968.00
14985.00
15008.00
14983.00
14965.00
14971.00
14987.00
14997.00
14993.00
14968.00
14961.00
14981.00
14974.00
14974.00
14964.00
14956.00
14963.00
14992.00
14973.00
14982.00
14976.00
14975.00
14986.00
14981.00
14939.00
14929.00
14934.00
14928.00
14917.00
14924.00
14910.00
14929.00
14947.00
14942.00
14933.00
14917.00
14915.00
14959.00
14963.00
14946.00
14932.00
14947.00
14986.00
14978.00
14969.00
14957.00
14952.00
14986.00
14979.00
14953.00
14962.00
14966.00
14971.00
14955.00
14931.00
14911.00
14913.00
14914.00
14905.00
14878.00
14851.00
14855.00
14849.00
14821.00
14819.00
14789.00
14786.00
14778.00
14791.00
14754.00
14739.00
14726.00
14719.00
14718.00
14703.00
14664.00
14659.00
14654.00
14637.00
14627.00
14600.00
14594.00
14596.00
14611.00
14592.00
14561.00
14555.00
14554.00
14551.00
14524.00
14500.00
14515.00
14511.00
14522.00
14502.00
14498.00
14474.00
14481.00
14504.00
14466.00
14450.00
14449.00
14453.00
14469.00
14442.00
14436.00
14428.00
14448.00
14451.00
14455.00
14435.00
14438.00
14448.00
14456.00
14469.00
14459.00
14445.00
14484.00
14494.00
14503.00
14482.00
14521.00
14516.00
14562.00
14567.00
14562.00
14569.00
14599.00
14633.00
14655.00
14658.00
14673.00
14688.00
14709.00
14733.00
14734.00
14750.00
14760.00
14802.00
14810.00
14831.00
14841.00
14859.00
14922.00
14928.00
14949.00
14938.00
14969.00
14996.00
14997.00
15002.00
14987.00
15011.00
15015.00
15032.00
15010.00
14982.00
14978.00
14989.00
14984.00
14956.00
14943.00
14934.00
14963.00
14942.00
14916.00
14895.00
14890.00
14892.00
14893.00
14869.00
14857.00
14874.00
14871.00
14875.00
14842.00
14820.00
14814.00
14826.00
14814.00
14815.00
14793.00
14829.00
14824.00
14886.00
14886.00
14877.00
14899.00
14930.00
14934.00
14944.00
14915.00
14930.00
14947.00
14966.00
14954.00
14939.00
14939.00
14950.00
14960.00
14943.00
14918.00
14962.00
14961.00
14963.00
14958.00
14965.00
14955.00
14967.00
14985.00
14964.00
14938.00
14937.00
14934.00
14931.00
14897.00
14890.00
14844.00
14872.00
14884.00
14860.00
14840.00
14811.00
14815.00
14800.00
14776.00
14760.00
14746.00
14752.00
14756.00
14742.00
14715.00
14682.00
14694.00
14694.00
14680.00
14683.00
14664.00
14649.00
14668.00
14649.00
14640.00
14604.00
14613.00
14603.00
14582.00
14574.00
14536.00
14538.00
14531.00
14527.00
14526.00
14500.00
14506.00
14507.00
14511.00
14489.00
14496.00
14479.00
14496.00
14516.00
14510.00
14503.00
14513.00
14517.00
14528.00
14532.00
14508.00
14519.00
14543.00
14535.00
14538.00
14539.00
14539.00
14585.00
14577.00
14578.00
14574.00
14588.00
14609.00
14623.00
14626.00
14609.00
14636.00
14663.00
14679.00
14690.00
14677.00
14687.00
14711.00
14728.00
14737.00
14727.00
14764.00
14836.00
14886.00
14898.00
14886.00
14915.00
14913.00
14947.00
14944.00
14930.00
14951.00
14977.00
15013.00
15005.00
14978.00
14983.00
15009.00
14994.00
14971.00
14966.00
14956.00
14952.00
14977.00
14986.00
14949.00
14937.00
14962.00
14969.00
14949.00
14921.00
14929.00
14920.00
14938.00
14941.00
14907.00
14908.00
14906.00
14940.00
14932.00
14894.00
14902.00
14919.00
14934.00
14938.00
14923.00
14918.00
14921.00
14929.00
14931.00
14929.00
14895.00
14898.00
14933.00
14931.00
14905.00
14897.00
14925.00
14941.00
14937.00
14937.00
14907.00
14923.00
14953.00
14950.00
14931.00
14933.00
14939.00
14970.00
14969.00
14953.00
14933.00
14946.00
14963.00
14963.00
14943.00
14929.00
14925.00
14937.00
14935.00
14947.00
14938.00
14938.00
14952.00
14958.00
14935.00
14928.00
14916.00
14977.00
14963.00
14959.00
14940.00
14948.00
14962.00
14966.00
14945.00
14941.00
14943.00
14970.00
14972.00
14967.00
14952.00
14961.00
14964.00
14971.00
14952.00
14945.00
14947.00
14955.00
14954.00
14943.00
14955.00
14946.00
14958.00
14971.00
14954.00
14938.00
14919.00
14947.00
14961.00
14927.00
14937.00
14923.00
14938.00
14961.00
14965.00
14943.00
14940.00
14963.00
14978.00
14968.00
14956.00
14929.00
14966.00
14992.00
14977.00
14957.00
14943.00
14957.00
14970.00
14964.00
14943.00
14946.00
14959.00
15018.00
14990.00
14976.00
14950.00
14988.00
14991.00
14992.00
14980.00
14960.00
14996.00
15020.00
15019.00
15004.00
15001.00
14998.00
15024.00
14998.00
14993.00
14976.00
15013.00
14994.00
15004.00
15000.00
14986.00
15004.00
14995.00
14996.00
14981.00
14968.00
14955.00
14971.00
14987.00
14954.00
14961.00
14949.00
14981.00
14970.00
14943.00
14938.00
14927.00
14941.00
14946.00
14931.00
14907.00
14921.00
14924.00
14896.00
14840.00
14819.00
14788.00
14859.00
14848.00
14881.00
14854.00
14853.00
14861.00
14866.00
14839.00
14815.00
14806.00
14815.00
14815.00
14793.00
14739.00
14740.00
14756.00
14753.00
14728.00
14694.00
14693.00
14705.00
14726.00
14705.00
14675.00
14698.00
14724.00
14753.00
14743.00
14741.00
14721.00
14722.00
14747.00
14718.00
14710.00
14684.00
14714.00
14736.00
14734.00
14703.00
14684.00
14682.00
14678.00
14647.00
14607.00
14593.00
14600.00
14609.00
14584.00
14575.00
14575.00
14598.00
14601.00
14578.00
14532.00
14505.00
14517.00
14525.00
14505.00
14501.00
14465.00
14463.00
14489.00
14456.00
14437.00
14417.00
14425.00
14433.00
14420.00
14413.00
14410.00
14426.00
14449.00
14463.00
14424.00
14401.00
14398.00
14393.00
14401.00
14375.00
14361.00
14359.00
14359.00
14368.00
14333.00
14342.00
14323.00
14334.00
14314.00
14299.00
14251.00
14218.00
14213.00
14184.00
14147.00
14107.00
14083.00
14069.00
14037.00
13992.00
13960.00
13961.00
13976.00
13936.00
13957.00
13932.00
13911.00
13937.00
13925.00
13889.00
13861.00
13842.00
13863.00
13864.00
13852.00
13828.00
13821.00
13819.00
13804.00
13789.00
13790.00
13747.00
13765.00
13758.00
13723.00
13720.00
13719.00
13723.00
13728.00
13729.00
13720.00
13708.00
13716.00
13733.00
13744.00
13729.00
13742.00
13771.00
13783.00
13785.00
13759.00
13793.00
13793.00
13816.00
13821.00
13807.00
13812.00
13828.00
13836.00
