14006.00
13978.00
13984.00
13998.00
14019.00
14013.00
13995.00
13986.00
13994.00
14017.00
14020.00
14000.00
13969.00
13977.00
14005.00
14033.00
14013.00
14015.00
14009.00
14017.00
14033.00
13993.00
13996.00
13987.00
13999.00
14022.00
14006.00
13999.00
14006.00
14018.00
14028.00
14014.00
13992.00
13982.00
14011.00
14015.00
13996.00
14003.00
13983.00
13994.00
14019.00
14019.00
13989.00
13989.00
13994.00
14015.00
14013.00
13988.00
13985.00
13996.00
14019.00
14020.00
13975.00
13969.00
14007.00
14005.00
13987.00
13993.00
13977.00
14003.00
14025.00
14023.00
14007.00
14000.00
14003.00
14017.00
14007.00
14000.00
13978.00
13990.00
14002.00
14014.00
13988.00
13994.00
13998.00
14007.00
14012.00
13996.00
13986.00
13973.00
14000.00
14005.00
14005.00
13985.00
13992.00
14013.00
14026.00
14027.00
13998.00
14005.00
14010.00
14014.00
14024.00
14009.00
14010.00
14012.00
14026.00
14001.00
13987.00
13985.00
13980.00
14012.00
14013.00
14004.00
14000.00
14025.00
14030.00
14031.00
14009.00
13994.00
14019.00
14027.00
14010.00
14003.00
14004.00
14017.00
14025.00
14015.00
14014.00
13999.00
14018.00
14027.00
14020.00
13997.00
13991.00
13997.00
14009.00
13999.00
14002.00
13986.00
14002.00
14022.00
14012.00
14015.00
13976.00
13993.00
14013.00
14008.00
14010.00
13993.00
14015.00
14025.00
14031.00
14014.00
13997.00
13989.00
14013.00
13996.00
13990.00
13978.00
13987.00
14022.00
14014.00
14010.00
13997.00
14008.00
14007.00
14012.00
13999.00
13986.00
13969.00
13994.00
14015.00
14009.00
13987.00
13998.00
14030.00
14031.00
14022.00
13994.00
13998.00
14016.00
14041.00
14029.00
13998.00
14004.00
14028.00
14035.00
14012.00
14002.00
13987.00
13990.00
14031.00
14015.00
14009.00
14019.00
14034.00
14022.00
14037.00
14007.00
13997.00
14010.00
14023.00
14013.00
14027.00
13993.00
14027.00
14038.00
14030.00
14021.00
13999.00
13998.00
14025.00
14017.00
14011.00
13998.00
14002.00
14020.00
14037.00
14012.00
14004.00
14021.00
14021.00
14025.00
14016.00
13997.00
14007.00
14022.00
14042.00
14010.00
14009.00
13998.00
14024.00
14022.00
14016.00
13993.00
14003.00
14025.00
14033.00
14024.00
14009.00
14025.00
14016.00
14022.00
14016.00
14013.00
14015.00
14022.00
14042.00
14033.00
14007.00
14014.00
14049.00
14042.00
14039.00
14018.00
14028.00
14027.00
14023.00
14019.00
13995.00
14012.00
14015.00
14042.00
14015.00
14026.00
14016.00
14026.00
14026.00
14031.00
13998.00
14015.00
14025.00
14040.00
14040.00
14018.00
14013.00
14015.00
14037.00
14024.00
13998.00
13995.00
14005.00
14019.00
14010.00
14012.00
14008.00
14008.00
14024.00
14027.00
14010.00
13993.00
14005.00
14019.00
14021.00
13998.00
13989.00
13996.00
14021.00
14039.00
14012.00
13986.00
14016.00
14024.00
14021.00
14020.00
14011.00
14016.00
14021.00
14032.00
14004.00
13990.00
13993.00
14021.00
14012.00
13991.00
14001.00
14011.00
14030.00
14013.00
14008.00
13983.00
14001.00
14027.00
14017.00
14032.00
13998.00
14002.00
14029.00
14037.00
14013.00
14003.00
14009.00
14007.00
14020.00
14017.00
13977.00
14006.00
14000.00
14034.00
14035.00
14015.00
14009.00
14015.00
14027.00
14008.00
13996.00
13991.00
14012.00
14040.00
14021.00
14025.00
13994.00
14013.00
14016.00
14014.00
14006.00
13996.00
14023.00
14042.00
14064.00
14015.00
14008.00
14019.00
14029.00
14038.00
14034.00
14007.00
14004.00
14030.00
14023.00
14026.00
14019.00
14003.00
14032.00
14027.00
14005.00
14000.00
13998.00
14019.00
14020.00
14011.00
13992.00
14005.00
14025.00
14033.00
14019.00
14009.00
13994.00
14004.00
14027.00
14021.00
14010.00
13992.00
14037.00
14015.00
14014.00
14004.00
13993.00
14022.00
14021.00
14014.00
14002.00
14010.00
14008.00
14032.00
14038.00
13992.00
14003.00
14016.00
14033.00
14018.00
14014.00
14012.00
14029.00
14033.00
14022.00
14020.00
13999.00
14022.00
14005.00
14009.00
13984.00
14015.00
14017.00
14016.00
14015.00
13997.00
13993.00
13987.00
14021.00
13993.00
13973.00
13987.00
13990.00
14000.00
14003.00
13975.00
13956.00
13970.00
13973.00
13995.00
13975.00
13953.00
13968.00
13986.00
13980.00
13949.00
13952.00
13955.00
13991.00
13989.00
13980.00
13969.00
13980.00
13991.00
14004.00
13991.00
13973.00
13978.00
13991.00
14002.00
13987.00
13963.00
13964.00
14005.00
14014.00
13991.00
13979.00
13976.00
13992.00
14012.00
13975.00
13975.00
13978.00
13997.00
13996.00
13992.00
13981.00
13966.00
13980.00
13988.00
13982.00
13973.00
13971.00
14000.00
13998.00
13992.00
13984.00
13980.00
13996.00
13996.00
13992.00
13976.00
13961.00
13985.00
14007.00
14004.00
13975.00
13973.00
13994.00
13999.00
14008.00
13987.00
13978.00
13986.00
13986.00
13975.00
13984.00
13959.00
13978.00
14002.00
13985.00
13990.00
13981.00
13995.00
14009.00
13999.00
13977.00
13957.00
13995.00
14003.00
14014.00
14001.00
13986.00
13980.00
14004.00
14016.00
13987.00
13969.00
13978.00
14012.00
13997.00
13998.00
13981.00
13988.00
14001.00
14006.00
13981.00
13964.00
13974.00
13996.00
13997.00
14003.00
13965.00
13980.00
14005.00
14019.00
13996.00
13981.00
13998.00
14002.00
14001.00
13997.00
13978.00
13972.00
14011.00
13996.00
13997.00
13974.00
13985.00
14013.00
13989.00
13986.00
13981.00
13973.00
13984.00
14006.00
13999.00
13980.00
13989.00
13979.00
14009.00
13967.00
13974.00
13971.00
13991.00
13992.00
13991.00
13987.00
13986.00
13993.00
14004.00
13988.00
13982.00
13978.00
13997.00
13993.00
13999.00
13969.00
13979.00
13996.00
14019.00
14008.00
13981.00
13967.00
13991.00
13988.00
13994.00
13968.00
13980.00
13976.00
13980.00
13997.00
13975.00
13968.00
13991.00
13995.00
14003.00
13969.00
13962.00
13997.00
14008.00
14008.00
13998.00
13987.00
14003.00
13999.00
14002.00
13980.00
13980.00
13990.00
14001.00
14014.00
13976.00
13981.00
14002.00
14016.00
14011.00
14007.00
13994.00
14001.00
14006.00
14005.00
13994.00
13983.00
14006.00
14023.00
14014.00
14020.00
13997.00
14004.00
14004.00
14020.00
14002.00
14000.00
14003.00
14023.00
14020.00
14014.00
13976.00
13968.00
14011.00
14017.00
14003.00
13997.00
13989.00
14030.00
14025.00
14023.00
14004.00
13980.00
14005.00
14018.00
14006.00
13987.00
14004.00
14015.00
14022.00
14032.00
14008.00
14013.00
14014.00
14045.00
14028.00
14021.00
14016.00
14025.00
14032.00
14020.00
13997.00
14005.00
14037.00
14030.00
14020.00
13997.00
13993.00
14012.00
14022.00
14028.00
14001.00
13989.00
14009.00
14022.00
14023.00
13993.00
13984.00
14003.00
14004.00
14018.00
14010.00
14010.00
14008.00
14023.00
14005.00
14024.00
14009.00
13982.00
14037.00
14007.00
14004.00
13971.00
14005.00
14013.00
14018.00
14005.00
14002.00
13998.00
14025.00
14017.00
14004.00
13999.00
13994.00
14000.00
14011.00
14000.00
13987.00
14004.00
14027.00
14014.00
13995.00
13991.00
13985.00
14019.00
14026.00
14018.00
14012.00
13983.00
14008.00
14022.00
14023.00
13988.00
14005.00
14012.00
14029.00
14020.00
14006.00
14002.00
14027.00
14026.00
14006.00
13994.00
13994.00
13995.00
14018.00
14016.00
13990.00
14000.00
14028.00
14026.00
14014.00
13994.00
13998.00
14006.00
14030.00
14021.00
13994.00
14012.00
14006.00
14015.00
14015.00
14002.00
13996.00
14005.00
14015.00
14006.00
13980.00
14000.00
14008.00
14025.00
14017.00
14003.00
13985.00
14024.00
14041.00
14027.00
14011.00
14000.00
14012.00
14030.00
14032.00
14012.00
13988.00
14001.00
14022.00
14020.00
14005.00
13985.00
13997.00
14030.00
14033.00
14016.00
14003.00
14012.00
14034.00
14025.00
13995.00
13988.00
14008.00
14032.00
14018.00
14003.00
14022.00
14007.00
14021.00
14025.00
14005.00
13995.00
14007.00
14041.00
14025.00
14015.00
14024.00
14016.00
14031.00
14038.00
14014.00
14011.00
14015.00
14034.00
14029.00
14026.00
14032.00
14023.00
14041.00
14032.00
14021.00
14005.00
14005.00
14044.00
14012.00
14012.00
14017.00
13997.00
14019.00
14030.00
14015.00
14005.00
14003.00
14019.00
14032.00
14019.00
13996.00
13997.00
14023.00
14040.00
14027.00
13994.00
14020.00
14023.00
14030.00
14010.00
13993.00
13993.00
14026.00
14035.00
14036.00
14015.00
14021.00
14031.00
14033.00
14041.00
14014.00
14004.00
14032.00
14044.00
14038.00
14027.00
14015.00
14040.00
14048.00
14035.00
14028.00
14026.00
14037.00
14043.00
14036.00
14022.00
14012.00
14020.00
14047.00
14046.00
14025.00
14018.00
14046.00
14019.00
14049.00
14027.00
14035.00
14026.00
14052.00
14039.00
14030.00
14014.00
14018.00
14045.00
14034.00
14028.00
14028.00
14036.00
14050.00
14060.00
14037.00
14034.00
14032.00
14050.00
14060.00
14050.00
14011.00
14034.00
14049.00
14050.00
14050.00
14046.00
14035.00
14060.00
14059.00
14051.00
14031.00
14038.00
14042.00
14035.00
14025.00
14018.00
14030.00
14044.00
14061.00
14026.00
14026.00
14028.00
14050.00
14055.00
14045.00
14027.00
14037.00
14050.00
14077.00
14045.00
14020.00
14025.00
14044.00
14054.00
14032.00
14028.00
14030.00
14034.00
14055.00
14041.00
14042.00
14025.00
14047.00
14047.00
14044.00
14018.00
14018.00
14029.00
14034.00
14059.00
14040.00
14040.00
14064.00
14060.00
14053.00
14023.00
14037.00
14028.00
14071.00
14055.00
14031.00
14047.00
14041.00
14058.00
14064.00
14017.00
14027.00
14024.00
14065.00
14049.00
14041.00
14051.00
14066.00
14065.00
14045.00
14055.00
14039.00
14040.00
14061.00
14059.00
14041.00
14049.00
14055.00
14081.00
14079.00
14055.00
14046.00
14060.00
14051.00
14053.00
14059.00
14046.00
14054.00
14052.00
14068.00
14054.00
14058.00
14056.00
14074.00
14061.00
14051.00
14034.00
14034.00
14062.00
14063.00
14046.00
14041.00
14055.00
14063.00
14067.00
14054.00
14039.00
14033.00
14050.00
14061.00
14059.00
14050.00
14056.00
14056.00
14071.00
14077.00
14059.00
14062.00
14066.00
14077.00
14041.00
14039.00
14055.00
14066.00
14067.00
14082.00
14041.00
14050.00
14053.00
14065.00
14047.00
14040.00
14040.00
14058.00
14063.00
14068.00
14046.00
14035.00
14056.00
14068.00
14053.00
14045.00
14023.00
14036.00
14063.00
14050.00
14052.00
14042.00
14044.00
14074.00
14079.00
14042.00
14035.00
14030.00
14058.00
14065.00
14058.00
14054.00
14043.00
14069.00
14075.00
14041.00
14014.00
14039.00
14059.00
14057.00
14049.00
14028.00
14053.00
14058.00
14060.00
14056.00
14041.00
14067.00
14070.00
14059.00
14061.00
14039.00
14038.00
14056.00
14052.00
14065.00
14032.00
14042.00
14059.00
14039.00
14051.00
14053.00
14057.00
14081.00
14073.00
14069.00
14047.00
14049.00
14066.00
14074.00
14047.00
14033.00
14031.00
14066.00
14067.00
14081.00
14047.00
14058.00
14062.00
14066.00
14063.00
14040.00
14047.00
14058.00
14071.00
14082.00
14048.00
14049.00
14071.00
14089.00
14072.00
14030.00
14029.00
14052.00
14077.00
14064.00
14037.00
14056.00
14048.00
14069.00
14056.00
14028.00
14042.00
14058.00
14064.00
14066.00
14050.00
14051.00
14071.00
14067.00
14064.00
14033.00
14039.00
14035.00
14075.00
14081.00
14054.00
14056.00
14073.00
14078.00
14069.00
14063.00
14045.00
14042.00
14075.00
14062.00
14053.00
14048.00
14073.00
14088.00
14084.00
14048.00
14057.00
14060.00
14069.00
14084.00
14067.00
14047.00
14047.00
14086.00
14087.00
14070.00
14064.00
14057.00
14075.00
14082.00
14049.00
14035.00
14058.00
14073.00
14079.00
14069.00
14056.00
14073.00
14066.00
14077.00
14041.00
14052.00
14040.00
14061.00
14074.00
14064.00
14054.00
14058.00
14074.00
14081.00
14072.00
14054.00
14048.00
14064.00
14055.00
14059.00
14040.00
14041.00
14079.00
14073.00
14053.00
14039.00
14041.00
14043.00
14045.00
14030.00
14023.00
14026.00
14048.00
14067.00
14057.00
14024.00
14023.00
14068.00
14043.00
14043.00
14023.00
14028.00
14020.00
14066.00
14059.00
14029.00
14036.00
14047.00
14059.00
14050.00
14037.00
14012.00
14036.00
14066.00
14050.00
14053.00
14035.00
14050.00
14052.00
14060.00
14048.00
14035.00
14032.00
14052.00
14042.00
14031.00
14036.00
14036.00
14056.00
14060.00
14035.00
14029.00
14048.00
14063.00
14063.00
14057.00
14040.00
14043.00
14059.00
14065.00
14052.00
14049.00
14049.00
14067.00
14070.00
14075.00
14049.00
14058.00
14060.00
14080.00
14052.00
14053.00
14047.00
14045.00
14093.00
14055.00
14035.00
14052.00
14079.00
14079.00
14082.00
14068.00
14061.00
14091.00
14091.00
14088.00
14055.00
14072.00
14068.00
14094.00
14082.00
14068.00
14078.00
14078.00
14091.00
14086.00
14059.00
14049.00
14060.00
14089.00
14082.00
14065.00
14074.00
14072.00
14091.00
14088.00
14059.00
14061.00
14052.00
14076.00
14082.00
14075.00
14067.00
14071.00
14069.00
14077.00
14060.00
14067.00
14068.00
14093.00
14084.00
14062.00
14060.00
14076.00
14099.00
14101.00
14079.00
14075.00
14090.00
14084.00
14080.00
14077.00
14070.00
14059.00
14112.00
14093.00
14096.00
14070.00
14081.00
14090.00
14096.00
14060.00
14051.00
14088.00
14083.00
14096.00
14091.00
14073.00
14085.00
14082.00
14088.00
14074.00
14049.00
14058.00
14074.00
14067.00
14071.00
14071.00
14071.00
14095.00
14094.00
14075.00
14065.00
14072.00
14088.00
14091.00
14073.00
14065.00
14066.00
14095.00
14111.00
14105.00
14095.00
14088.00
14097.00
14099.00
14093.00
14072.00
14076.00
14088.00
14098.00
14084.00
14056.00
14057.00
14078.00
14094.00
14079.00
14036.00
14057.00
14069.00
14056.00
14079.00
14055.00
14053.00
14077.00
14070.00
14068.00
14045.00
14039.00
14065.00
14062.00
14069.00
14050.00
14059.00
14055.00
14059.00
14059.00
14049.00
14030.00
14046.00
14065.00
14065.00
14037.00
14034.00
14044.00
14067.00
14067.00
14064.00
14046.00
14060.00
14063.00
14048.00
14048.00
14035.00
14069.00
14083.00
14075.00
14051.00
14048.00
14071.00
14065.00
14067.00
14053.00
14047.00
14025.00
14080.00
14064.00
14072.00
14049.00
14056.00
14063.00
14077.00
14060.00
14048.00
14057.00
14057.00
14071.00
14055.00
14045.00
14054.00
14063.00
14071.00
14065.00
14050.00
14040.00
14076.00
14074.00
14063.00
14053.00
14058.00
14079.00
14071.00
14075.00
14050.00
14054.00
14068.00
14070.00
14077.00
14046.00
14044.00
14054.00
14083.00
14064.00
14055.00
14067.00
14073.00
14065.00
14069.00
14053.00
14044.00
14062.00
14068.00
14070.00
14056.00
14037.00
14046.00
14076.00
14061.00
14062.00
14053.00
14074.00
14058.00
14079.00
14054.00
14034.00
14053.00
14058.00
14073.00
14047.00
14050.00
14052.00
14073.00
14086.00
14061.00
14063.00
14069.00
14079.00
14074.00
14061.00
14053.00
14050.00
14088.00
14084.00
14058.00
14061.00
14070.00
14073.00
14092.00
14069.00
14055.00
14070.00
14075.00
14074.00
14068.00
14040.00
14052.00
14082.00
14061.00
14060.00
14063.00
14070.00
14083.00
14091.00
14066.00
14037.00
14048.00
14071.00
14056.00
14055.00
14050.00
14062.00
14069.00
14062.00
14074.00
14048.00
14057.00
14039.00
14064.00
14051.00
14064.00
14046.00
14064.00
14078.00
14056.00
14051.00
14049.00
14066.00
14059.00
14066.00
14053.00
14068.00
14073.00
14079.00
14083.00
14064.00
14045.00
14076.00
14080.00
14075.00
14051.00
14050.00
14065.00
14073.00
14082.00
14084.00
14058.00
14081.00
14078.00
14072.00
14052.00
14051.00
14060.00
14074.00
14083.00
14064.00
14046.00
14060.00
14087.00
14076.00
14057.00
14059.00
14069.00
14067.00
14071.00
14063.00
14056.00
14080.00
14084.00
14087.00
14062.00
14051.00
14066.00
14081.00
14062.00
14068.00
14050.00
14045.00
14053.00
14082.00
14058.00
14048.00
14049.00
14073.00
14070.00
14066.00
14045.00
14059.00
14074.00
14069.00
14067.00
14055.00
14055.00
14088.00
14070.00
14065.00
14035.00
14063.00
14079.00
14084.00
14065.00
14045.00
14047.00
14067.00
14078.00
14053.00
14038.00
14042.00
14059.00
14075.00
14076.00
14060.00
14021.00
14070.00
14065.00
14067.00
14036.00
14044.00
14047.00
14080.00
14053.00
14044.00
14059.00
14063.00
14082.00
14074.00
14049.00
14038.00
14066.00
14063.00
14043.00
14037.00
14043.00
14041.00
14046.00
14064.00
14046.00
14034.00
14032.00
14066.00
14049.00
14049.00
14047.00
14051.00
14071.00
14066.00
14056.00
14044.00
14067.00
14078.00
14055.00
14038.00
14028.00
14048.00
14053.00
14067.00
14036.00
14054.00
14059.00
14065.00
14083.00
14044.00
14035.00
14054.00
14069.00
14060.00
14036.00
14042.00
14066.00
14064.00
14062.00
14063.00
14053.00
14042.00
14055.00
14072.00
14033.00
14039.00
14053.00
14065.00
14090.00
14044.00
14037.00
14040.00
14046.00
14059.00
14034.00
14051.00
14018.00
14043.00
14056.00
14058.00
14048.00
14044.00
14057.00
14072.00
14056.00
14044.00
14036.00
14052.00
14068.00
14061.00
14047.00
14054.00
14067.00
14071.00
14066.00
14063.00
14051.00
14065.00
14075.00
14054.00
14047.00
14052.00
14059.00
14088.00
14078.00
14040.00
14050.00
14072.00
14065.00
14049.00
14042.00
14064.00
14061.00
14086.00
14082.00
14061.00
14070.00
14048.00
14074.00
14070.00
14049.00
14044.00
14069.00
14068.00
14073.00
14057.00
14056.00
14056.00
14078.00
14055.00
14038.00
14038.00
14056.00
14080.00
14087.00
14057.00
14063.00
14048.00
14073.00
14049.00
14046.00
14030.00
14033.00
14066.00
14059.00
14063.00
14043.00
14062.00
14054.00
14070.00
14053.00
14032.00
14058.00
14078.00
14073.00
14057.00
14043.00
14052.00
14056.00
14051.00
14043.00
14040.00
14029.00
14046.00
14068.00
14072.00
14051.00
14057.00
14056.00
14069.00
14055.00
14041.00
14039.00
14053.00
14074.00
14064.00
14058.00
14053.00
14070.00
14061.00
14052.00
14037.00
14045.00
14036.00
14058.00
14042.00
14020.00
14030.00
14031.00
14034.00
14043.00
14002.00
14011.00
14009.00
14021.00
13994.00
13979.00
13979.00
13984.00
13992.00
13984.00
13961.00
13958.00
13953.00
13963.00
13947.00
13927.00
13925.00
13920.00
13929.00
13928.00
13912.00
13881.00
13908.00
13909.00
13893.00
13881.00
13874.00
13873.00
13886.00
13880.00
13846.00
13862.00
13852.00
13862.00
13880.00
13852.00
13845.00
13832.00
13853.00
13864.00
13861.00
13839.00
13839.00
13869.00
13848.00
13855.00
13823.00
13841.00
13837.00
13848.00
13836.00
13840.00
13866.00
13854.00
13859.00
13846.00
13837.00
13826.00
13845.00
13828.00
13844.00
13822.00
13831.00
13854.00
13855.00
13858.00
13839.00
13833.00
13850.00
13852.00
13827.00
13825.00
13820.00
13822.00
13851.00
13849.00
13827.00
13835.00
13823.00
13852.00
13842.00
13837.00
13808.00
13846.00
13859.00
13846.00
13849.00
13833.00
13848.00
13856.00
13857.00
13857.00
13823.00
13830.00
13849.00
13861.00
13849.00
13846.00
13857.00
13875.00
13870.00
13841.00
13828.00
13845.00
13862.00
13859.00
13843.00
13840.00
13860.00
13881.00
13872.00
13850.00
13865.00
13864.00
13854.00
13862.00
13830.00
13842.00
13847.00
13870.00
13869.00
13866.00
13838.00
13858.00
13870.00
13861.00
13855.00
13852.00
13854.00
13878.00
13866.00
13861.00
13851.00
13870.00
13844.00
13873.00
13859.00
13856.00
13843.00
13855.00
13867.00
13863.00
13845.00
13847.00
13860.00
13872.00
13862.00
13832.00
13843.00
13879.00
13861.00
13846.00
13855.00
13854.00
13880.00
13880.00
13865.00
13840.00
13832.00
13858.00
13856.00
13863.00
13819.00
13849.00
13854.00
13881.00
13868.00
13857.00
13849.00
13842.00
13853.00
13861.00
13832.00
13844.00
13839.00
13865.00
13855.00
13846.00
13840.00
13855.00
13886.00
13872.00
13846.00
13836.00
13861.00
13860.00
13851.00
13854.00
13843.00
13836.00
13856.00
13863.00
13861.00
13849.00
13842.00
13872.00
13865.00
13856.00
13860.00
13860.00
13872.00
13863.00
13857.00
13839.00
13857.00
13860.00
13863.00
13846.00
13850.00
13862.00
13872.00
13881.00
13843.00
13844.00
13838.00
13854.00
13853.00
13857.00
13857.00
13855.00
13879.00
13888.00
13855.00
13858.00
13850.00
13878.00
13865.00
13856.00
13861.00
13857.00
13866.00
13885.00
13870.00
13862.00
13844.00
13844.00
13879.00
13866.00
13845.00
13840.00
13867.00
13882.00
13883.00
13851.00
13872.00
13864.00
13867.00
13866.00
13855.00
13845.00
13857.00
13879.00
13852.00
13844.00
13832.00
13849.00
13858.00
13869.00
13840.00
13854.00
13846.00
13867.00
13882.00
13876.00
13870.00
13870.00
13886.00
13877.00
13871.00
13858.00
13862.00
13897.00
13883.00
13855.00
13866.00
13867.00
13887.00
13885.00
13879.00
13874.00
13883.00
13885.00
13894.00
13864.00
13867.00
13879.00
13871.00
13894.00
13892.00
13868.00
13882.00
13910.00
13891.00
13870.00
13849.00
13882.00
13891.00
13892.00
13895.00
13868.00
13873.00
13875.00
13885.00
13869.00
13870.00
13878.00
13898.00
13913.00
13882.00
13881.00
13890.00
13897.00
13909.00
13897.00
13878.00
13881.00
13901.00
13910.00
13890.00
13890.00
13887.00
13913.00
13899.00
13903.00
13898.00
13892.00
13896.00
13893.00
13885.00
13891.00
13903.00
13891.00
13911.00
13890.00
13883.00
13873.00
13898.00
13901.00
13883.00
13869.00
13881.00
13882.00
13907.00
13887.00
13885.00
13884.00
13884.00
13906.00
13905.00
13897.00
13870.00
13886.00
13881.00
13900.00
13884.00
13869.00
13895.00
13910.00
13908.00
13886.00
13878.00
13896.00
13907.00
13891.00
13888.00
13866.00
13884.00
13887.00
13911.00
13899.00
13900.00
13899.00
13891.00
13896.00
13873.00
13876.00
13889.00
13900.00
13919.00
13886.00
13884.00
13885.00
13900.00
13913.00
13880.00
13878.00
13876.00
13896.00
13916.00
13907.00
13886.00
13896.00
13908.00
13904.00
13890.00
13875.00
13881.00
13888.00
13892.00
13897.00
13888.00
13879.00
13908.00
13897.00
13910.00
13874.00
13888.00
13907.00
13908.00
13900.00
13865.00
13880.00
13902.00
13898.00
13908.00
13890.00
13895.00
13896.00
13906.00
13884.00
13890.00
13909.00
13908.00
13911.00
13902.00
13902.00
13897.00
13895.00
13897.00
13902.00
13885.00
13878.00
13894.00
13898.00
13901.00
13898.00
13890.00
13881.00
13899.00
13895.00
13893.00
13875.00
13898.00
13900.00
13890.00
13897.00
13893.00
13897.00
13909.00
13907.00
13883.00
13859.00
13901.00
13896.00
13899.00
13905.00
13878.00
13887.00
13919.00
13906.00
13903.00
13890.00
13888.00
13884.00
13910.00
13877.00
13888.00
13912.00
13913.00
13923.00
13891.00
13883.00
13875.00
13894.00
13907.00
13890.00
13868.00
13870.00
13897.00
13914.00
13894.00
13880.00
13879.00
13888.00
13888.00
13887.00
13848.00
13865.00
13862.00
13877.00
13862.00
13830.00
13840.00
13846.00
13852.00
13854.00
13817.00
13807.00
13820.00
13810.00
13800.00
13763.00
13769.00
13774.00
13764.00
13727.00
13712.00
13709.00
13712.00
13729.00
13715.00
13695.00
13680.00
13685.00
13701.00
13678.00
13622.00
13623.00
13642.00
13638.00
13633.00
13607.00
13614.00
13627.00
13619.00
13600.00
13581.00
13573.00
13575.00
13584.00
13562.00
13568.00
13559.00
13567.00
13580.00
13573.00
13567.00
13561.00
13554.00
13567.00
13574.00
13566.00
13569.00
13563.00
13578.00
13583.00
13567.00
13554.00
13572.00
13563.00
13590.00
13567.00
13548.00
13574.00
13592.00
13594.00
13594.00
13580.00
13588.00
13591.00
13581.00
13587.00
13558.00
13568.00
13576.00
13596.00
13588.00
13572.00
13590.00
13608.00
13611.00
13596.00
13566.00
13563.00
13591.00
13575.00
13588.00
13558.00
13573.00
13586.00
13592.00
13593.00
13595.00
13586.00
13592.00
13599.00
13600.00
13579.00
13585.00
13578.00
13605.00
13589.00
13570.00
13570.00
13582.00
13594.00
13593.00
13572.00
13570.00
13586.00
13593.00
13592.00
13585.00
13572.00
13578.00
13593.00
13592.00
13571.00
13549.00
13610.00
13592.00
13600.00
13581.00
13577.00
13585.00
13606.00
13610.00
13578.00
13588.00
13595.00
13582.00
13597.00
13590.00
13586.00
13603.00
13608.00
13614.00
13603.00
13588.00
13599.00
13599.00
13603.00
13596.00
13588.00
13583.00
13601.00
13603.00
13617.00
13590.00
13596.00
13603.00
13623.00
13602.00
13568.00
13594.00
13587.00
13610.00
13600.00
13585.00
13583.00
13586.00
13618.00
13601.00
13575.00
13586.00
13603.00
13605.00
13602.00
13591.00
13612.00
13612.00
13615.00
13623.00
13585.00
13605.00
13586.00
13616.00
13618.00
13608.00
13603.00
13638.00
13632.00
13614.00
13608.00
13601.00
13614.00
13607.00
13618.00
13587.00
13584.00
13611.00
13641.00
13618.00
13600.00
13601.00
13627.00
13632.00
13625.00
13607.00
13611.00
13616.00
13634.00
13608.00
13625.00
13607.00
13614.00
13643.00
13628.00
13617.00
13624.00
13616.00
13638.00
13645.00
13616.00
13612.00
13644.00
13645.00
13649.00
13640.00
13624.00
13638.00
13641.00
13641.00
13629.00
13619.00
13628.00
13639.00
13649.00
13638.00
13632.00
13622.00
13650.00
13630.00
13630.00
13624.00
13645.00
13650.00
13665.00
13634.00
13649.00
13645.00
13651.00
13654.00
13637.00
13599.00
13639.00
13638.00
13665.00
13652.00
13651.00
13650.00
13670.00
13662.00
13640.00
13634.00
13629.00
13649.00
13642.00
13616.00
13628.00
13633.00
13647.00
13651.00
13650.00
13617.00
13616.00
13630.00
13670.00
13646.00
13639.00
13631.00
13655.00
13673.00
13650.00
13636.00
13618.00
13649.00
13623.00
13644.00
13625.00
13630.00
13639.00
13647.00
13635.00
13627.00
13620.00
13632.00
13644.00
13641.00
13633.00
13608.00
13625.00
13665.00
13643.00
13643.00
13647.00
13656.00
13656.00
13652.00
13634.00
13620.00
13629.00
13660.00
13651.00
13626.00
13640.00
13662.00
13645.00
13672.00
13637.00
13624.00
13643.00
13641.00
13639.00
13639.00
13611.00
13639.00
13665.00
13654.00
13645.00
13632.00
13638.00
13668.00
13648.00
13645.00
13648.00
13662.00
13667.00
13659.00
13657.00
13643.00
13645.00
13679.00
13665.00
13652.00
13619.00
13647.00
13667.00
13658.00
13676.00
13651.00
13666.00
13648.00
13660.00
13643.00
13641.00
13617.00
13668.00
13672.00
13663.00
13655.00
13627.00
13662.00
13654.00
13661.00
13641.00
13644.00
13661.00
13656.00
13658.00
13647.00
13647.00
13651.00
13658.00
13640.00
13631.00
13637.00
13653.00
13659.00
13661.00
13631.00
13639.00
13648.00
13648.00
13629.00
13612.00
13603.00
13642.00
13649.00
13650.00
13646.00
13635.00
13649.00
13657.00
13640.00
13650.00
13625.00
13629.00
13637.00
13631.00
13623.00
13650.00
13667.00
13658.00
13655.00
13663.00
13629.00
13643.00
13643.00
13643.00
13622.00
13626.00
13632.00
13670.00
13657.00
13641.00
13638.00
13636.00
13645.00
13639.00
13616.00
13624.00
13623.00
13654.00
13641.00
13642.00
13642.00
13649.00
13653.00
13668.00
13636.00
13635.00
13633.00
13666.00
13648.00
13639.00
13628.00
13640.00
13664.00
13649.00
13660.00
13637.00
13637.00
13626.00
13655.00
13648.00
13631.00
13663.00
13669.00
13660.00
13646.00
13639.00
13649.00
13661.00
13657.00
13630.00
13621.00
13645.00
13664.00
13655.00
13639.00
13634.00
13626.00
13653.00
13629.00
13635.00
13620.00
13651.00
13644.00
13668.00
13652.00
13645.00
13649.00
13662.00
13668.00
13653.00
13640.00
13641.00
13656.00
13673.00
13661.00
13655.00
13652.00
13660.00
13667.00
13646.00
13636.00
13636.00
13643.00
13651.00
13659.00
13623.00
13638.00
13630.00
13653.00
13661.00
13637.00
13637.00
13637.00
13638.00
13616.00
13591.00
13584.00
13598.00
13606.00
13602.00
13562.00
13544.00
13544.00
13530.00
13521.00
13506.00
13488.00
13479.00
13488.00
13458.00
13432.00
13407.00
13393.00
13380.00
13373.00
13336.00
13311.00
13282.00
13286.00
13268.00
13213.00
13195.00
13169.00
13157.00
13119.00
13098.00
13054.00
13037.00
12997.00
12990.00
12944.00
12904.00
12889.00
12890.00
12849.00
12810.00
12761.00
12752.00
12737.00
12721.00
12714.00
12693.00
12672.00
12685.00
12675.00
12647.00
12630.00
12606.00
12598.00
12574.00
12542.00
12516.00
12516.00
12496.00
12499.00
12470.00
12444.00
12472.00
12477.00
12481.00
12469.00
12443.00
12448.00
12471.00
12491.00
12469.00
12487.00
12460.00
12469.00
12476.00
12469.00
12456.00
12461.00
12470.00
12486.00
12486.00
12476.00
12484.00
12488.00
12488.00
12467.00
12462.00
12469.00
12480.00
12491.00
12463.00
12457.00
12467.00
12488.00
12484.00
12501.00
12474.00
12472.00
12504.00
12495.00
12513.00
12495.00
12501.00
12505.00
12518.00
12525.00
12524.00
12513.00
12518.00
12529.00
12537.00
12531.00
12511.00
12540.00
12541.00
12545.00
12538.00
12524.00
12535.00
12548.00
12542.00
12529.00
12523.00
12537.00
12548.00
12555.00
12545.00
12532.00
12542.00
12545.00
12544.00
12521.00
12517.00
12523.00
12533.00
12538.00
12517.00
12516.00
12530.00
12544.00
12541.00
12517.00
12513.00
12519.00
12526.00
12547.00
12530.00
12515.00
12539.00
12530.00
12531.00
12526.00
12507.00
12514.00
12518.00
12555.00
12532.00
12529.00
12520.00
12536.00
12550.00
12539.00
12511.00
12529.00
12531.00
12547.00
12523.00
12542.00
12519.00
12526.00
12541.00
12531.00
12526.00
12520.00
12547.00
12543.00
12521.00
12508.00
12530.00
12536.00
12551.00
12548.00
12536.00
12528.00
12541.00
12556.00
12548.00
12518.00
12532.00
12522.00
12549.00
12557.00
12521.00
12522.00
12530.00
12539.00
12543.00
12532.00
12540.00
12537.00
12570.00
12573.00
12548.00
12566.00
12540.00
12557.00
12544.00
12536.00
12527.00
12558.00
12563.00
12559.00
12552.00
12531.00
12549.00
12567.00
12556.00
12545.00
12522.00
12518.00
12558.00
12561.00
12548.00
12537.00
12540.00
12553.00
12567.00
12538.00
12532.00
12539.00
12555.00
12528.00
12551.00
12548.00
12548.00
12570.00
12569.00
12544.00
12535.00
12539.00
12542.00
12548.00
12552.00
12540.00
12553.00
12566.00
12544.00
12539.00
12542.00
12539.00
12552.00
12543.00
12533.00
12533.00
12549.00
12560.00
12570.00
12550.00
12537.00
12560.00
12566.00
12571.00
12555.00
12548.00
12531.00
12562.00
12538.00
12545.00
12538.00
12543.00
12572.00
12571.00
12534.00
12541.00
12513.00
12558.00
12557.00
12542.00
12562.00
12558.00
12559.00
12564.00
12559.00
12532.00
12551.00
12556.00
12557.00
12536.00
12524.00
12532.00
12562.00
12546.00
12551.00
12530.00
12537.00
12549.00
12556.00
12562.00
12542.00
12532.00
12553.00
12542.00
12551.00
12533.00
12548.00
12570.00
12556.00
12558.00
12532.00
12543.00
12538.00
12575.00
12550.00
12540.00
12544.00
12567.00
12557.00
12556.00
12533.00
12521.00
12552.00
12553.00
12567.00
12554.00
12555.00
12563.00
12565.00
12580.00
12547.00
12548.00
12568.00
12558.00
12582.00
12566.00
12547.00
12556.00
12564.00
12562.00
12554.00
12554.00
12553.00
12570.00
12563.00
12547.00
12555.00
12589.00
12578.00
12564.00
12566.00
12569.00
12569.00
12581.00
12583.00
12576.00
12572.00
12576.00
12596.00
12615.00
12579.00
12564.00
12586.00
12586.00
12597.00
12588.00
12564.00
12576.00
12584.00
12596.00
12598.00
12580.00
12589.00
12601.00
12600.00
12584.00
12575.00
12584.00
12596.00
12607.00
12617.00
12583.00
12605.00
12595.00
12613.00
12603.00
12584.00
12596.00
12603.00
12615.00
12617.00
12574.00
12592.00
12623.00
12621.00
12619.00
12588.00
12615.00
12622.00
12627.00
12590.00
12607.00
12611.00
12626.00
12633.00
12611.00
12610.00
12585.00
12619.00
12628.00
12611.00
12584.00
12605.00
12616.00
12647.00
12640.00
12620.00
12613.00
12616.00
12643.00
12631.00
12611.00
12614.00
12610.00
12625.00
12634.00
12613.00
12624.00
12629.00
12646.00
12628.00
12607.00
12625.00
12641.00
12643.00
12633.00
12607.00
12604.00
12626.00
12639.00
12633.00
12610.00
12612.00
12602.00
12621.00
12612.00
12628.00
12626.00
12640.00
12645.00
12645.00
12639.00
12636.00
12629.00
12644.00
12655.00
12612.00
12648.00
12624.00
12662.00
12644.00
12631.00
12647.00
12660.00
12648.00
12645.00
12667.00
12627.00
12640.00
12656.00
12629.00
12633.00
12634.00
12638.00
12658.00
12632.00
12655.00
12633.00
12658.00
12672.00
12665.00
12657.00
12634.00
12634.00
12643.00
12652.00
12651.00
12633.00
12638.00
12645.00
12648.00
12637.00
12652.00
12621.00
12652.00
12660.00
12638.00
12627.00
12637.00
12632.00
12662.00
12637.00
12647.00
12645.00
12650.00
12676.00
12657.00
12639.00
12651.00
12640.00
12663.00
12645.00
12626.00
12634.00
12646.00
12653.00
12637.00
12626.00
12648.00
12655.00
12670.00
12666.00
12649.00
12647.00
12665.00
12647.00
12664.00
12643.00
12645.00
12649.00
12651.00
12654.00
12625.00
12633.00
12657.00
12664.00
12635.00
12653.00
12621.00
12651.00
12671.00
12659.00
12645.00
12644.00
12648.00
12669.00
12655.00
12659.00
12651.00
12635.00
12661.00
12665.00
12682.00
12650.00
12673.00
12678.00
12668.00
12674.00
12655.00
12673.00
12694.00
12716.00
12711.00
12717.00
12735.00
12757.00
12771.00
12777.00
12780.00
12796.00
12811.00
12836.00
12834.00
12818.00
12827.00
12840.00
12850.00
12837.00
12836.00
12847.00
12866.00
12882.00
12904.00
12922.00
12966.00
12997.00
12996.00
13026.00
13018.00
13053.00
13074.00
13068.00
13082.00
13081.00
13114.00
13132.00
13179.00
13173.00
13162.00
13187.00
13208.00
13225.00
13223.00
13215.00
13243.00
13260.00
13284.00
13285.00
13278.00
13295.00
13321.00
13338.00
13324.00
13330.00
13346.00
13358.00
13382.00
13391.00
13391.00
13392.00
13409.00
13416.00
13414.00
13415.00
13406.00
13424.00
13436.00
13440.00
13432.00
13438.00
13461.00
13467.00
13465.00
13458.00
13453.00
13476.00
13499.00
13464.00
13441.00
13470.00
13473.00
13505.00
13504.00
13491.00
13477.00
13491.00
13483.00
13519.00
13500.00
13492.00
13458.00
13516.00
13512.00
13485.00
13484.00
13491.00
13524.00
13516.00
13532.00
13498.00
13529.00
13543.00
13548.00
13531.00
13532.00
13529.00
13536.00
13547.00
13556.00
13512.00
13540.00
13553.00
13557.00
13560.00
13545.00
13542.00
13562.00
13570.00
13558.00
13544.00
13542.00
13574.00
13566.00
13563.00
13546.00
13566.00
13562.00
13589.00
13581.00
13568.00
13565.00
13572.00
13545.00
13576.00
13568.00
13582.00
13575.00
13592.00
13579.00
13565.00
13559.00
13568.00
13598.00
13562.00
13575.00
13566.00
13597.00
13607.00
13594.00
13586.00
13587.00
13588.00
13610.00
13603.00
13593.00
13602.00
13595.00
13619.00
13628.00
13598.00
13604.00
13614.00
13614.00
13621.00
13590.00
13601.00
13602.00
13617.00
13615.00
13608.00
13607.00
13609.00
13623.00
13629.00
13611.00
13614.00
13627.00
13639.00
13622.00
13632.00
13637.00
13625.00
13631.00
13627.00
13614.00
13618.00
13633.00
13644.00
13631.00
13644.00
13628.00
13636.00
13659.00
13658.00
13639.00
13643.00
13647.00
13656.00
13665.00
13630.00
13626.00
13640.00
13656.00
13666.00
13652.00
13627.00
13656.00
13658.00
13651.00
13644.00
13632.00
13630.00
13639.00
13667.00
13643.00
13635.00
13650.00
13643.00
13656.00
13629.00
13607.00
13619.00
13647.00
13627.00
13636.00
13624.00
13637.00
13647.00
13652.00
13634.00
13637.00
13631.00
13653.00
13653.00
13645.00
13646.00
13642.00
13658.00
13673.00
13664.00
13633.00
13617.00
13654.00
13642.00
13633.00
13645.00
13633.00
13643.00
13660.00
13653.00
13632.00
13644.00
13642.00
13659.00
13657.00
13628.00
13640.00
13647.00
13657.00
13667.00
13649.00
13640.00
13644.00
13649.00
13652.00
13638.00
13637.00
13659.00
13669.00
13656.00
13642.00
13627.00
13659.00
13661.00
13672.00
13628.00
13625.00
13655.00
13667.00
13664.00
13651.00
13636.00
13645.00
13667.00
13669.00
13640.00
13646.00
13632.00
13664.00
13642.00
13656.00
13622.00
13648.00
13676.00
13653.00
13652.00
13651.00
13637.00
13660.00
13644.00
13649.00
13644.00
13660.00
13678.00
13672.00
13672.00
13632.00
13647.00
13653.00
13672.00
13654.00
13654.00
13628.00
13652.00
13679.00
13665.00
13639.00
13655.00
13666.00
13659.00
13660.00
13642.00
13641.00
13661.00
13644.00
13642.00
13636.00
13646.00
13660.00
13655.00
13645.00
13661.00
13665.00
13662.00
13672.00
13659.00
13629.00
13654.00
13668.00
13676.00
13682.00
13671.00
13662.00
13668.00
13674.00
13659.00
13657.00
13648.00
13677.00
13685.00
13689.00
13661.00
13670.00
13667.00
13682.00
13688.00
13663.00
13641.00
13677.00
13668.00
13681.00
13669.00
13667.00
13687.00
13690.00
13679.00
13669.00
13673.00
13674.00
13691.00
13674.00
13665.00
13666.00
13651.00
13671.00
13689.00
13668.00
13666.00
13675.00
13663.00
13675.00
13677.00
13656.00
13669.00
13671.00
13666.00
13662.00
13647.00
13639.00
13654.00
13654.00
13668.00
13636.00
13661.00
13679.00
13651.00
13651.00
13647.00
13667.00
13671.00
13664.00
13647.00
13646.00
13652.00
13670.00
13689.00
13667.00
13649.00
13659.00
13671.00
13694.00
13657.00
13655.00
13664.00
13678.00
13684.00
13677.00
13689.00
13668.00
13677.00
13669.00
13651.00
13650.00
13659.00
13666.00
13683.00
13674.00
13665.00
13660.00
13659.00
13681.00
13655.00
13658.00
13643.00
13679.00
13689.00
13676.00
13663.00
13665.00
13698.00
13691.00
13679.00
13678.00
13669.00
13688.00
13707.00
13720.00
13709.00
13724.00
13737.00
13766.00
13767.00
13738.00
13751.00
13762.00
13802.00
13794.00
13783.00
13784.00
13799.00
13850.00
13844.00
13836.00
13832.00
13834.00
13860.00
13869.00
13830.00
13875.00
13872.00
13888.00
13890.00
13882.00
13875.00
13918.00
13906.00
13909.00
13895.00
13889.00
13895.00
13941.00
13925.00
13926.00
13933.00
13939.00
13958.00
13959.00
13930.00
13929.00
13930.00
13965.00
13945.00
13960.00
13931.00
13962.00
13977.00
13995.00
13968.00
13998.00
13948.00
13995.00
13990.00
13989.00
13958.00
13989.00
13995.00
13996.00
13977.00
13996.00
13960.00
14016.00
13992.00
13986.00
13957.00
13972.00
13983.00
13989.00
13990.00
13962.00
13979.00
13999.00
14008.00
13968.00
13956.00
13964.00
13990.00
13980.00
13963.00
13990.00
13992.00
13995.00
14006.00
13987.00
13969.00
13977.00
14000.00
13996.00
14009.00
13970.00
13969.00
13990.00
13995.00
14006.00
13993.00
13999.00
13984.00
14017.00
13986.00
13970.00
13978.00
14001.00
14033.00
14018.00
13980.00
13979.00
13999.00
14019.00
13986.00
13988.00
13983.00
13967.00
13994.00
14013.00
13979.00
13989.00
14007.00
14019.00
13997.00
13995.00
13998.00
14004.00
14008.00
14016.00
13987.00
13998.00
13988.00
14013.00
14039.00
14004.00
13986.00
14008.00
14013.00
14005.00
13976.00
13976.00
13985.00
14010.00
14023.00
14002.00
13991.00
13992.00
13990.00
14005.00
14007.00
13989.00
14002.00
14003.00
14010.00
14001.00
13983.00
13989.00
14012.00
14003.00
13996.00
13986.00
14008.00
14014.00
14020.00
14004.00
13982.00
13997.00
14007.00
14005.00
14001.00
13985.00
14009.00
13999.00
14026.00
14020.00
13996.00
13998.00
14009.00
14023.00
13998.00
13979.00
13990.00
14000.00
14008.00
14003.00
13986.00
13997.00
13998.00
14019.00
13997.00
13979.00
13993.00
14025.00
14027.00
13999.00
13994.00
14001.00
14006.00
14033.00
14025.00
14014.00
13981.00
14029.00
14014.00
14007.00
13985.00
14012.00
14022.00
14022.00
14014.00
13994.00
13997.00
14016.00
14028.00
14025.00
14011.00
13999.00
14027.00
14044.00
14033.00
14003.00
13999.00
14007.00
14023.00
14001.00
13996.00
13984.00
14003.00
14037.00
14018.00
14003.00
14020.00
14010.00
14019.00
14026.00
14005.00
13994.00
14002.00
14006.00
14033.00
14021.00
14020.00
14040.00
14011.00
14038.00
14025.00
14013.00
14018.00
14010.00
14024.00
14009.00
14005.00
13999.00
14036.00
14033.00
14015.00
13999.00
14004.00
14029.00
14032.00
14022.00
13996.00
14004.00
14026.00
14032.00
14023.00
14013.00
14024.00
14048.00
14043.00
14020.00
14005.00
13996.00
14025.00
14046.00
14026.00
14018.00
14020.00
14023.00
14035.00
14028.00
14013.00
14031.00
14038.00
14040.00
14035.00
14030.00
14034.00
14037.00
14045.00
14006.00
14017.00
14024.00
14029.00
14033.00
14011.00
13990.00
14014.00
14038.00
14018.00
14051.00
14020.00
14014.00
14047.00
14041.00
14037.00
14010.00
14003.00
14023.00
14038.00
14025.00
14011.00
14011.00
14034.00
14018.00
14020.00
14011.00
14017.00
14035.00
14054.00
14058.00
14033.00
14029.00
14051.00
14038.00
14041.00
14032.00
14022.00
14034.00
14047.00
14053.00
14040.00
14021.00
14040.00
14047.00
14031.00
14029.00
14015.00
14020.00
14034.00
14037.00
14026.00
14016.00
14041.00
14066.00
14057.00
14036.00
14016.00
14030.00
14049.00
14052.00
14022.00
14022.00
14042.00
14073.00
14070.00
14061.00
14040.00
14051.00
14064.00
14069.00
14051.00
14044.00
14068.00
14062.00
14064.00
14072.00
14047.00
14060.00
14069.00
14069.00
14059.00
14052.00
14050.00
14051.00
14072.00
14066.00
14055.00
14048.00
14059.00
14053.00
14059.00
14037.00
14053.00
14053.00
14057.00
14047.00
14050.00
14035.00
14072.00
14088.00
14068.00
14053.00
14053.00
14052.00
14067.00
14066.00
14048.00
14048.00
14053.00
14073.00
14059.00
14057.00
14043.00
14051.00
14066.00
14056.00
14040.00
14037.00
14057.00
14065.00
14069.00
14060.00
14047.00
14066.00
14061.00
14043.00
14024.00
14048.00
14054.00
14063.00
14073.00
14056.00
14050.00
14056.00
14080.00
14066.00
14043.00
14043.00
14051.00
14064.00
14067.00
14050.00
14055.00
14065.00
14079.00
14078.00
14045.00
14042.00
14035.00
14067.00
14070.00
14066.00
14057.00
14072.00
14077.00
14057.00
14071.00
14055.00
14055.00
14077.00
14070.00
14058.00
14045.00
14060.00
14080.00
14072.00
14056.00
14039.00
14039.00
14069.00
14043.00
14054.00
14046.00
14043.00
14076.00
14074.00
14079.00
14065.00
14070.00
14079.00
14097.00
14067.00
14059.00
14047.00
14047.00
14085.00
14066.00
14048.00
14059.00
14074.00
14072.00
14062.00
14042.00
14041.00
14069.00
14089.00
14067.00
14057.00
14063.00
14082.00
14078.00
14073.00
14046.00
14045.00
14061.00
14087.00
14081.00
14059.00
14063.00
14087.00
14095.00
14067.00
14046.00
14045.00
14068.00
14058.00
14055.00
14053.00
14044.00
14075.00
14073.00
14088.00
14060.00
14043.00
14070.00
14072.00
14078.00
14052.00
14046.00
14092.00
14088.00
14089.00
14065.00
14061.00
14087.00
14078.00
14087.00
14059.00
14083.00
14100.00
14122.00
14117.00
14095.00
14104.00
14114.00
14131.00
14115.00
14126.00
14115.00
14133.00
14145.00
14177.00
14185.00
14161.00
14186.00
14202.00
14214.00
14198.00
14189.00
14198.00
14197.00
14217.00
14201.00
14199.00
14219.00
14192.00
14231.00
14230.00
14203.00
14209.00
14227.00
14245.00
14251.00
14217.00
14248.00
14257.00
14269.00
14246.00
14226.00
14230.00
14229.00
14245.00
14242.00
14234.00
14256.00
14268.00
14264.00
14256.00
14232.00
14231.00
14261.00
14249.00
14252.00
14234.00
14240.00
14254.00
14265.00
14256.00
14239.00
14241.00
14254.00
14249.00
14261.00
14233.00
14232.00
14260.00
14268.00
14256.00
14252.00
14253.00
14258.00
14276.00
14273.00
14246.00
14246.00
14258.00
14269.00
14271.00
14249.00
14254.00
14263.00
14265.00
14264.00
14229.00
14255.00
14248.00
14263.00
14275.00
14243.00
14257.00
14280.00
14270.00
14265.00
14247.00
14247.00
14246.00
14264.00
14268.00
14250.00
14263.00
14283.00
14286.00
14276.00
14250.00
14244.00
14248.00
14283.00
14267.00
14247.00
14255.00
14248.00
14277.00
14280.00
14264.00
14254.00
14243.00
14273.00
14254.00
14255.00
14252.00
14259.00
14287.00
14284.00
14267.00
14250.00
14248.00
14272.00
14281.00
14269.00
14242.00
14242.00
14264.00
14279.00
14275.00
14277.00
14249.00
14274.00
14290.00
14270.00
14257.00
14251.00
14290.00
14284.00
14279.00
14259.00
14279.00
14265.00
14285.00
14265.00
14255.00
14254.00
14279.00
14279.00
14292.00
14263.00
14273.00
14284.00
14299.00
14292.00
14265.00
14244.00
14265.00
14277.00
14275.00
14266.00
14277.00
14277.00
14295.00
14283.00
14253.00
14253.00
14266.00
14265.00
14284.00
14264.00
14270.00
14273.00
14268.00
14276.00
14258.00
14249.00
14294.00
14305.00
14284.00
14280.00
14266.00
14277.00
14294.00
14300.00
14272.00
14266.00
14283.00
14279.00
14289.00
14267.00
14268.00
14281.00
14283.00
14280.00
14282.00
14270.00
14287.00
14292.00
14279.00
14269.00
14262.00
14271.00
14268.00
14279.00
14273.00
14260.00
14287.00
14295.00
14300.00
14263.00
14252.00
14274.00
14285.00
14286.00
14275.00
14263.00
14282.00
14294.00
14296.00
14285.00
14269.00
14283.00
14302.00
14293.00
14270.00
14266.00
14264.00
14282.00
14283.00
14284.00
14263.00
14276.00
14303.00
14299.00
14274.00
14259.00
14280.00
14271.00
14279.00
14284.00
14263.00
14262.00
14280.00
14292.00
14272.00
14257.00
14251.00
14280.00
14282.00
14276.00
14261.00
14278.00
14271.00
14294.00
14288.00
14261.00
14241.00
14270.00
14284.00
14280.00
14265.00
14283.00
14291.00
14295.00
14281.00
14258.00
14264.00
14279.00
14281.00
14271.00
14245.00
14249.00
14276.00
14292.00
14280.00
14271.00
14267.00
14271.00
14278.00
14249.00
14249.00
14253.00
14271.00
14284.00
14275.00
14264.00
14254.00
14272.00
14280.00
14267.00
14260.00
14274.00
14280.00
14284.00
14264.00
14260.00
14267.00
14260.00
14276.00
14266.00
14251.00
14230.00
14233.00
14267.00
14264.00
14256.00
14249.00
14267.00
14275.00
14276.00
14258.00
14240.00
14256.00
14271.00
14266.00
14259.00
14246.00
14254.00
14284.00
14266.00
14257.00
14242.00
14242.00
14263.00
14270.00
14257.00
14258.00
14277.00
14288.00
14274.00
14272.00
14271.00
14270.00
14264.00
14282.00
14251.00
14249.00
14284.00
14308.00
14272.00
14283.00
14264.00
14255.00
14278.00
14283.00
14282.00
14236.00
14237.00
14286.00
14272.00
14282.00
14261.00
14259.00
14275.00
14282.00
14270.00
14265.00
14261.00
14274.00
14270.00
14261.00
14258.00
14255.00
14275.00
14272.00
14279.00
14254.00
14254.00
14257.00
14283.00
14292.00
14254.00
14256.00
14267.00
14277.00
14265.00
14258.00
14249.00
14275.00
14284.00
14294.00
14268.00
14263.00
14288.00
14296.00
14289.00
14272.00
14268.00
