15818.00
15797.00
15825.00
15850.00
15832.00
15800.00
15787.00
15799.00
15830.00
15810.00
15795.00
15791.00
15815.00
15823.00
15826.00
15798.00
15776.00
15815.00
15831.00
15845.00
15805.00
15789.00
15808.00
15830.00
15838.00
15801.00
15803.00
15805.00
15819.00
15824.00
15799.00
15790.00
15814.00
15844.00
15840.00
15810.00
15788.00
15804.00
15839.00
15822.00
15804.00
15789.00
15788.00
15836.00
15859.00
15831.00
15793.00
15791.00
15817.00
15831.00
15802.00
15763.00
15786.00
15813.00
15843.00
15818.00
15773.00
15759.00
15808.00
15820.00
15820.00
15768.00
15784.00
15827.00
15846.00
15843.00
15781.00
15770.00
15799.00
15848.00
15821.00
15801.00
15794.00
15812.00
15837.00
15845.00
15792.00
15786.00
15815.00
15830.00
15825.00
15791.00
15782.00
15803.00
15820.00
15819.00
15789.00
15786.00
15800.00
15829.00
15829.00
15790.00
15769.00
15793.00
15820.00
15828.00
15817.00
15771.00
15796.00
15813.00
15814.00
15785.00
15758.00
15771.00
15828.00
15822.00
15814.00
15781.00
15795.00
15827.00
15842.00
15813.00
15787.00
15773.00
15806.00
15830.00
15832.00
15793.00
15788.00
15837.00
15855.00
15831.00
15790.00
15780.00
15806.00
15841.00
15827.00
15793.00
15789.00
15824.00
15843.00
15834.00
15801.00
15775.00
15816.00
15841.00
15839.00
15786.00
15804.00
15824.00
15851.00
15842.00
15802.00
15800.00
15812.00
15860.00
15830.00
15804.00
15780.00
15803.00
15840.00
15861.00
15820.00
15785.00
15777.00
15830.00
15838.00
15820.00
15795.00
15812.00
15809.00
15843.00
15821.00
15779.00
15796.00
15825.00
15847.00
15831.00
15807.00
15801.00
15821.00
15867.00
15841.00
15806.00
15790.00
15840.00
15865.00
15832.00
15806.00
15789.00
15826.00
15859.00
15848.00
15820.00
15799.00
15821.00
15841.00
15841.00
15808.00
15787.00
15808.00
15854.00
15835.00
15804.00
15788.00
15803.00
15845.00
15829.00
15789.00
15769.00
15795.00
15835.00
15825.00
15805.00
15793.00
15807.00
15844.00
15853.00
15820.00
15799.00
15804.00
15848.00
15840.00
15818.00
15771.00
15787.00
15836.00
15834.00
15814.00
15782.00
15789.00
15829.00
15836.00
15812.00
15759.00
15778.00
15830.00
15840.00
15829.00
15797.00
15805.00
15839.00
15860.00
15838.00
15803.00
15796.00
15827.00
15842.00
15829.00
15779.00
15805.00
15825.00
15851.00
15837.00
15782.00
15786.00
15816.00
15825.00
15818.00
15786.00
15786.00
15800.00
15855.00
15838.00
15783.00
15783.00
15805.00
15830.00
15839.00
15781.00
15778.00
15803.00
15831.00
15829.00
15792.00
15749.00
15794.00
15806.00
15810.00
15793.00
15767.00
15792.00
15836.00
15841.00
15813.00
15786.00
15791.00
15816.00
15834.00
15822.00
15768.00
15792.00
15811.00
15849.00
15829.00
15781.00
15797.00
15819.00
15834.00
15824.00
15782.00
15785.00
15811.00
15832.00
15822.00
15786.00
15784.00
15814.00
15842.00
15847.00
15795.00
15793.00
15813.00
15840.00
15835.00
15792.00
15784.00
15808.00
15848.00
15824.00
15790.00
15770.00
15802.00
15831.00
15845.00
15799.00
15781.00
15795.00
15841.00
15854.00
15802.00
15769.00
15785.00
15820.00
15823.00
15808.00
15773.00
15797.00
15817.00
15828.00
15789.00
15754.00
15780.00
15809.00
15822.00
15786.00
15773.00
15788.00
15838.00
15838.00
15821.00
15768.00
15795.00
15803.00
15819.00
15797.00
15752.00
15767.00
15816.00
15831.00
15801.00
15758.00
15780.00
15791.00
15827.00
15811.00
15784.00
15785.00
15816.00
15837.00
15840.00
15816.00
15799.00
15811.00
15850.00
15837.00
15797.00
15803.00
15822.00
15845.00
15852.00
15809.00
15796.00
15805.00
15837.00
15837.00
15784.00
15770.00
15778.00
15819.00
15806.00
15778.00
15746.00
15765.00
15819.00
15806.00
15778.00
15758.00
15770.00
15800.00
15816.00
15795.00
15779.00
15785.00
15812.00
15824.00
15801.00
15764.00
15787.00
15800.00
15822.00
15795.00
15764.00
15798.00
15829.00
15849.00
15836.00
15780.00
15780.00
15823.00
15832.00
15799.00
15771.00
15761.00
15824.00
15835.00
15823.00
15794.00
15791.00
15808.00
15834.00
15818.00
15782.00
15783.00
15824.00
15841.00
15839.00
15804.00
15796.00
15820.00
15850.00
15839.00
15828.00
15792.00
15810.00
15864.00
15874.00
15826.00
15808.00
15835.00
15850.00
15869.00
15821.00
15820.00
15841.00
15858.00
15852.00
15836.00
15794.00
15812.00
15854.00
15846.00
15817.00
15786.00
15817.00
15844.00
15854.00
15837.00
15822.00
15834.00
15867.00
15867.00
15851.00
15806.00
15813.00
15848.00
15859.00
15845.00
15820.00
15824.00
15846.00
15857.00
15858.00
15819.00
15820.00
15840.00
15870.00
15848.00
15804.00
15811.00
15846.00
15851.00
15871.00
15834.00
15837.00
15856.00
15875.00
15866.00
15827.00
15816.00
15851.00
15870.00
15829.00
15828.00
15813.00
15837.00
15864.00
15879.00
15818.00
15801.00
15824.00
15849.00
15856.00
15833.00
15806.00
15829.00
15857.00
15883.00
15838.00
15826.00
15834.00
15850.00
15866.00
15808.00
15803.00
15821.00
15867.00
15871.00
15855.00
15808.00
15818.00
15853.00
15865.00
15831.00
15815.00
15792.00
15867.00
15860.00
15851.00
15805.00
15820.00
15848.00
15851.00
15834.00
15798.00
15801.00
15840.00
15881.00
15865.00
15803.00
15816.00
15850.00
15846.00
15830.00
15781.00
15782.00
15812.00
15835.00
15823.00
15783.00
15790.00
15816.00
15842.00
15826.00
15790.00
15767.00
15797.00
15848.00
15838.00
15798.00
15791.00
15815.00
15825.00
15828.00
15777.00
15771.00
15788.00
15812.00
15816.00
15778.00
15767.00
15795.00
15823.00
15832.00
15793.00
15763.00
15777.00
15816.00
15827.00
15782.00
15747.00
15772.00
15835.00
15821.00
15795.00
15777.00
15766.00
15813.00
15826.00
15787.00
15789.00
15793.00
15827.00
15827.00
15811.00
15781.00
15806.00
15828.00
15841.00
15815.00
15791.00
15807.00
15836.00
15853.00
15837.00
15800.00
15812.00
15834.00
15852.00
15823.00
15786.00
15793.00
15838.00
15836.00
15845.00
15819.00
15815.00
15833.00
15860.00
15848.00
15791.00
15792.00
15820.00
15849.00
15840.00
15818.00
15810.00
15832.00
15857.00
15852.00
15819.00
15791.00
15811.00
15857.00
15853.00
15821.00
15797.00
15825.00
15862.00
15861.00
15826.00
15814.00
15823.00
15858.00
15872.00
15835.00
15828.00
15836.00
15870.00
15877.00
15843.00
15825.00
15836.00
15865.00
15858.00
15830.00
15819.00
15831.00
15864.00
15884.00
15860.00
15816.00
15821.00
15859.00
15863.00
15850.00
15809.00
15809.00
15856.00
15856.00
15862.00
15832.00
15823.00
15870.00
15881.00
15859.00
15825.00
15834.00
15859.00
15878.00
15857.00
15836.00
15833.00
15861.00
15887.00
15879.00
15833.00
15811.00
15849.00
15881.00
15860.00
15837.00
15831.00
15863.00
15889.00
15882.00
15844.00
15824.00
15838.00
15877.00
15875.00
15840.00
15840.00
15847.00
15884.00
15865.00
15846.00
15844.00
15842.00
15875.00
15892.00
15852.00
15834.00
15833.00
15895.00
15886.00
15841.00
15825.00
15852.00
15881.00
15878.00
15853.00
15811.00
15823.00
15872.00
15862.00
15848.00
15827.00
15843.00
15889.00
15890.00
15848.00
15834.00
15829.00
15867.00
15890.00
15870.00
15827.00
15845.00
15871.00
15893.00
15874.00
15815.00
15826.00
15865.00
15887.00
15863.00
15833.00
15835.00
15832.00
15876.00
15863.00
15821.00
15828.00
15858.00
15880.00
15880.00
15830.00
15816.00
15845.00
15870.00
15865.00
15825.00
15815.00
15849.00
15875.00
15860.00
15829.00
15812.00
15835.00
15862.00
15876.00
15843.00
15834.00
15852.00
15889.00
15870.00
15819.00
15814.00
15839.00
15863.00
15873.00
15857.00
15824.00
15860.00
15872.00
15858.00
15860.00
15814.00
15846.00
15891.00
15889.00
15854.00
15821.00
15851.00
15868.00
15896.00
15864.00
15813.00
15831.00
15871.00
15890.00
15862.00
15827.00
15859.00
15865.00
15894.00
15861.00
15819.00
15837.00
15858.00
15886.00
15866.00
15828.00
15829.00
15847.00
15872.00
15892.00
15826.00
15834.00
15865.00
15881.00
15870.00
15827.00
15837.00
15854.00
15886.00
15859.00
15828.00
15834.00
15854.00
15883.00
15870.00
15848.00
15818.00
15849.00
15877.00
15877.00
15840.00
15826.00
15831.00
15884.00
15883.00
15847.00
15836.00
15848.00
15886.00
15882.00
15838.00
15820.00
15842.00
15870.00
15861.00
15847.00
15834.00
15853.00
15873.00
15873.00
15823.00
15812.00
15829.00
15857.00
15856.00
15850.00
15818.00
15840.00
15878.00
15878.00
15837.00
15814.00
15823.00
15855.00
15867.00
15846.00
15809.00
15831.00
15867.00
15869.00
15845.00
15826.00
15814.00
15848.00
15873.00
15832.00
15807.00
15814.00
15849.00
15852.00
15842.00
15830.00
15813.00
15843.00
15852.00
15831.00
15808.00
15801.00
15843.00
15860.00
15852.00
15826.00
15824.00
15855.00
15875.00
15860.00
15811.00
15815.00
15844.00
15868.00
15880.00
15829.00
15825.00
15831.00
15879.00
15880.00
15832.00
15825.00
15833.00
15883.00
15886.00
15840.00
15840.00
15848.00
15864.00
15870.00
15831.00
15811.00
15822.00
15862.00
15859.00
15837.00
15796.00
15813.00
15862.00
15851.00
15832.00
15802.00
15831.00
15858.00
15887.00
15851.00
15829.00
15834.00
15881.00
15890.00
15845.00
15814.00
15821.00
15855.00
15881.00
15872.00
15837.00
15834.00
15870.00
15874.00
15861.00
15842.00
15840.00
15870.00
15884.00
15853.00
15824.00
15849.00
15882.00
15880.00
15866.00
15827.00
15836.00
15870.00
15883.00
15876.00
15831.00
15816.00
15836.00
15899.00
15876.00
15825.00
15825.00
15863.00
15884.00
15865.00
15800.00
15825.00
15856.00
15881.00
15874.00
15857.00
15838.00
15859.00
15883.00
15878.00
15842.00
15823.00
15838.00
15890.00
15881.00
15847.00
15833.00
15854.00
15890.00
15886.00
15853.00
15822.00
15850.00
15863.00
15863.00
15841.00
15823.00
15828.00
15877.00
15883.00
15858.00
15832.00
15839.00
15877.00
15880.00
15857.00
15831.00
15834.00
15892.00
15898.00
15868.00
15830.00
15838.00
15862.00
15881.00
15853.00
15802.00
15820.00
15859.00
15875.00
15868.00
15839.00
15819.00
15850.00
15881.00
15846.00
15821.00
15831.00
15865.00
15874.00
15859.00
15816.00
15836.00
15859.00
15892.00
15858.00
15830.00
15822.00
15854.00
15865.00
15862.00
15837.00
15818.00
15864.00
15871.00
15871.00
15846.00
15827.00
15845.00
15870.00
15871.00
15838.00
15838.00
15863.00
15866.00
15888.00
15850.00
15834.00
15851.00
15881.00
15887.00
15844.00
15842.00
15852.00
15902.00
15896.00
15858.00
15841.00
15843.00
15873.00
15887.00
15844.00
15829.00
15862.00
15904.00
15903.00
15856.00
15832.00
15851.00
15885.00
15899.00
15859.00
15825.00
15843.00
15892.00
15886.00
15856.00
15827.00
15848.00
15868.00
15882.00
15868.00
15815.00
15841.00
15885.00
15911.00
15886.00
15845.00
15844.00
15879.00
15886.00
15878.00
15819.00
15828.00
15861.00
15891.00
15858.00
15827.00
15829.00
15880.00
15881.00
15865.00
15818.00
15817.00
15871.00
15881.00
15854.00
15823.00
15840.00
15851.00
15888.00
15872.00
15829.00
15833.00
15850.00
15871.00
15869.00
15835.00
15824.00
15847.00
15888.00
15893.00
15855.00
15840.00
15859.00
15880.00
15877.00
15836.00
15836.00
15873.00
15895.00
15897.00
15865.00
15833.00
15855.00
15883.00
15874.00
15866.00
15842.00
15865.00
15896.00
15896.00
15864.00
15837.00
15860.00
15881.00
15883.00
15862.00
15825.00
15851.00
15881.00
15888.00
15860.00
15850.00
15860.00
15895.00
15890.00
15862.00
15843.00
15853.00
15884.00
15895.00
15870.00
15836.00
15853.00
15887.00
15902.00
15866.00
15837.00
15848.00
15876.00
15904.00
15894.00
15858.00
15853.00
15887.00
15903.00
15883.00
15843.00
15837.00
15896.00
15895.00
15890.00
15857.00
15842.00
15884.00
15883.00
15885.00
15847.00
15816.00
15865.00
15900.00
15887.00
15838.00
15830.00
15866.00
15883.00
15907.00
15854.00
15842.00
15883.00
15901.00
15896.00
15851.00
15831.00
15890.00
15901.00
15903.00
15873.00
15856.00
15856.00
15889.00
15886.00
15851.00
15846.00
15860.00
15899.00
15893.00
15859.00
15829.00
15852.00
15904.00
15894.00
15857.00
15831.00
15852.00
15867.00
15877.00
15825.00
15823.00
15855.00
15888.00
15886.00
15852.00
15833.00
15829.00
15860.00
15870.00
15848.00
15811.00
15821.00
15848.00
15868.00
15849.00
15813.00
15835.00
15843.00
15868.00
15842.00
15794.00
15814.00
15834.00
15854.00
15861.00
15809.00
15820.00
15843.00
15875.00
15860.00
15801.00
15802.00
15829.00
15853.00
15875.00
15839.00
15842.00
15865.00
15871.00
15857.00
15803.00
15805.00
15834.00
15862.00
15849.00
15797.00
15829.00
15846.00
15871.00
15871.00
15825.00
15817.00
15845.00
15879.00
15876.00
15825.00
15815.00
15836.00
15878.00
15877.00
15863.00
15815.00
15835.00
15871.00
15874.00
15840.00
15831.00
15845.00
15892.00
15884.00
15858.00
15819.00
15832.00
15885.00
15879.00
15854.00
15797.00
15845.00
15874.00
15887.00
15867.00
15833.00
15852.00
15880.00
15886.00
15852.00
15834.00
15842.00
15866.00
15883.00
15860.00
15816.00
15858.00
15880.00
15876.00
15854.00
15826.00
15824.00
15847.00
15847.00
15871.00
15820.00
15828.00
15856.00
15884.00
15871.00
15814.00
15812.00
15864.00
15881.00
15889.00
15855.00
15837.00
15863.00
15898.00
15882.00
15848.00
15830.00
15855.00
15880.00
15896.00
15850.00
15852.00
15867.00
15909.00
15900.00
15860.00
15851.00
15867.00
15874.00
15872.00
15860.00
15816.00
15846.00
15880.00
15888.00
15866.00
15833.00
15857.00
15877.00
15893.00
15857.00
15825.00
15835.00
15883.00
15904.00
15867.00
15844.00
15847.00
15888.00
15881.00
15872.00
15838.00
15849.00
15869.00
15890.00
15872.00
15841.00
15849.00
15893.00
15896.00
15859.00
15840.00
15847.00
15877.00
15899.00
15882.00
15834.00
15832.00
15858.00
15892.00
15859.00
15827.00
15836.00
15848.00
15888.00
15856.00
15795.00
15798.00
15831.00
15854.00
15817.00
15777.00
15745.00
15757.00
15769.00
15744.00
15684.00
15653.00
15658.00
15662.00
15625.00
15561.00
15514.00
15468.00
15486.00
15422.00
15357.00
15270.00
15260.00
15260.00
15224.00
15148.00
15095.00
15056.00
15058.00
15040.00
14980.00
14937.00
14935.00
14954.00
14955.00
14917.00
14903.00
14907.00
14973.00
14987.00
14952.00
14934.00
14951.00
14995.00
15014.00
15002.00
14981.00
14984.00
15059.00
15069.00
15054.00
15033.00
15045.00
15075.00
15097.00
15075.00
15046.00
15047.00
15098.00
15103.00
15109.00
15073.00
15064.00
15105.00
15109.00
15120.00
15071.00
15102.00
15141.00
15165.00
15157.00
15123.00
15123.00
15151.00
15176.00
15163.00
15124.00
15112.00
15161.00
15188.00
15192.00
15149.00
15138.00
15158.00
15200.00
15188.00
15157.00
15151.00
15165.00
15190.00
15219.00
15186.00
15165.00
15159.00
15200.00
15211.00
15191.00
15141.00
15159.00
15197.00
15218.00
15182.00
15162.00
15169.00
15215.00
15220.00
15177.00
15157.00
15166.00
15198.00
15207.00
15188.00
15157.00
15188.00
15208.00
15240.00
15201.00
15169.00
15191.00
15214.00
15233.00
15224.00
15173.00
15178.00
15243.00
15267.00
15248.00
15198.00
15207.00
15238.00
15245.00
15225.00
15222.00
15212.00
15242.00
15276.00
15246.00
15207.00
15204.00
15235.00
15251.00
15244.00
15203.00
15201.00
15233.00
15262.00
15247.00
15225.00
15203.00
15207.00
15259.00
15249.00
15204.00
15204.00
15200.00
15251.00
15257.00
15215.00
15204.00
15207.00
15251.00
15260.00
15226.00
15199.00
15196.00
15249.00
15259.00
15247.00
15189.00
15233.00
15268.00
15260.00
15249.00
15212.00
15219.00
15253.00
15279.00
15245.00
15216.00
15241.00
15271.00
15290.00
15262.00
15231.00
15232.00
15252.00
15271.00
15239.00
15213.00
15196.00
15256.00
15272.00
15252.00
15217.00
15222.00
15244.00
15266.00
15262.00
15222.00
15239.00
15227.00
15274.00
15268.00
15230.00
15219.00
15242.00
15280.00
15267.00
15218.00
15212.00
15235.00
15270.00
15276.00
15237.00
15225.00
15252.00
15292.00
15290.00
15239.00
15214.00
15248.00
15285.00
15290.00
15256.00
15236.00
15265.00
15296.00
15290.00
15270.00
15237.00
15245.00
15278.00
15302.00
15252.00
15221.00
15254.00
15297.00
15300.00
15269.00
15233.00
15251.00
15272.00
15301.00
15268.00
15239.00
15244.00
15285.00
15287.00
15300.00
15250.00
15273.00
15296.00
15324.00
15303.00
15267.00
15275.00
15290.00
15331.00
15329.00
15272.00
15270.00
15280.00
15326.00
15304.00
15264.00
15242.00
15294.00
15314.00
15321.00
15266.00
15265.00
15297.00
15330.00
15290.00
15256.00
15256.00
15269.00
15335.00
15317.00
15269.00
15264.00
15288.00
15333.00
15331.00
15295.00
15250.00
15274.00
15305.00
15300.00
15278.00
15243.00
15283.00
15311.00
15332.00
15282.00
15275.00
15291.00
15321.00
15310.00
15313.00
15257.00
15292.00
15326.00
15302.00
15304.00
15262.00
15268.00
15295.00
15326.00
15312.00
15276.00
15261.00
15309.00
15345.00
15323.00
15272.00
15283.00
15306.00
15339.00
15296.00
15281.00
15266.00
15300.00
15346.00
15321.00
15290.00
15272.00
15310.00
15344.00
15323.00
15294.00
15286.00
15318.00
15325.00
15334.00
15294.00
15278.00
15317.00
15333.00
15334.00
15290.00
15272.00
15305.00
15347.00
15336.00
15295.00
15289.00
15313.00
15344.00
15349.00
15297.00
15290.00
15307.00
15332.00
15334.00
15322.00
15297.00
15299.00
15338.00
15338.00
15335.00
15273.00
15305.00
15341.00
15353.00
15316.00
15308.00
15314.00
15360.00
15346.00
15350.00
15294.00
15297.00
15347.00
15342.00
15326.00
15297.00
15309.00
15328.00
15363.00
15323.00
15297.00
15283.00
15331.00
15353.00
15329.00
15304.00
15312.00
15325.00
15365.00
15350.00
15303.00
15296.00
15330.00
15348.00
15339.00
15322.00
15289.00
15333.00
15371.00
15340.00
15310.00
15290.00
15327.00
15352.00
15339.00
15292.00
15293.00
15324.00
15345.00
15348.00
15322.00
15288.00
15295.00
15347.00
15345.00
15298.00
15256.00
15290.00
15324.00
15334.00
15298.00
15266.00
15277.00
15320.00
15290.00
15261.00
15214.00
15230.00
15260.00
15252.00
15177.00
15141.00
15125.00
15142.00
15132.00
15081.00
15022.00
14974.00
14999.00
15006.00
14932.00
14843.00
14812.00
14785.00
14764.00
14695.00
14609.00
14551.00
14531.00
14487.00
14444.00
14332.00
14276.00
14248.00
14205.00
14135.00
14048.00
13978.00
13956.00
13922.00
13867.00
13762.00
13712.00
13664.00
13644.00
13562.00
13453.00
13381.00
13374.00
13336.00
13281.00
13189.00
13105.00
13075.00
13072.00
13024.00
12938.00
12878.00
12851.00
12850.00
12833.00
12790.00
12736.00
12764.00
12803.00
12777.00
12743.00
12717.00
12744.00
12765.00
12805.00
12760.00
12715.00
12749.00
12790.00
12810.00
12757.00
12733.00
12770.00
12801.00
12822.00
12789.00
12755.00
12765.00
12819.00
12816.00
12805.00
12755.00
12760.00
12783.00
12815.00
12785.00
12748.00
12738.00
12780.00
12802.00
12773.00
12734.00
12722.00
12761.00
12780.00
12774.00
12728.00
12714.00
12742.00
12779.00
12762.00
12735.00
12709.00
12736.00
12767.00
12767.00
12701.00
12705.00
12725.00
12774.00
12760.00
12739.00
12703.00
12727.00
12748.00
12773.00
12739.00
12694.00
12719.00
12760.00
12775.00
12734.00
12696.00
12731.00
12774.00
12761.00
12733.00
12703.00
12706.00
12753.00
12775.00
12752.00
12709.00
12714.00
12748.00
12753.00
12723.00
12696.00
12692.00
12749.00
12745.00
12737.00
12686.00
12708.00
12725.00
12754.00
12743.00
12702.00
12704.00
12740.00
12749.00
12748.00
12701.00
12708.00
12740.00
12752.00
12739.00
12704.00
12696.00
12725.00
12754.00
12735.00
12704.00
12685.00
12713.00
12752.00
12727.00
12701.00
12683.00
12706.00
12739.00
12733.00
12693.00
12679.00
12706.00
12740.00
12747.00
12706.00
12676.00
12705.00
12731.00
12743.00
12694.00
12668.00
12704.00
12756.00
12744.00
12719.00
12694.00
12701.00
12736.00
12736.00
12719.00
12690.00
12686.00
12723.00
12746.00
12706.00
12685.00
12652.00
12711.00
12749.00
12717.00
12665.00
12670.00
12711.00
12750.00
12734.00
12674.00
12683.00
12711.00
12716.00
12720.00
12663.00
12658.00
12683.00
12735.00
12705.00
12678.00
12674.00
12706.00
12733.00
12730.00
12688.00
12659.00
12696.00
12741.00
12724.00
12708.00
12664.00
12708.00
12741.00
12729.00
12686.00
12668.00
12679.00
12728.00
12713.00
12681.00
12675.00
12687.00
12735.00
12742.00
12708.00
12682.00
12690.00
12723.00
12742.00
12712.00
12679.00
12702.00
12725.00
12753.00
12721.00
12678.00
12687.00
12719.00
12744.00
12708.00
12661.00
12675.00
12732.00
12741.00
12727.00
12696.00
12692.00
12720.00
12756.00
12720.00
12693.00
12677.00
12720.00
12747.00
12729.00
12683.00
12689.00
12721.00
12756.00
12738.00
12703.00
12675.00
12724.00
12734.00
12728.00
12691.00
12669.00
12722.00
12755.00
12753.00
12707.00
12677.00
12697.00
12737.00
12738.00
12698.00
12669.00
12716.00
12758.00
12752.00
12712.00
12688.00
12702.00
12730.00
12755.00
12732.00
12673.00
12692.00
12733.00
12763.00
12738.00
12689.00
12694.00
12732.00
12758.00
12737.00
12664.00
12692.00
12715.00
12746.00
12739.00
12689.00
12700.00
12733.00
12752.00
12735.00
12679.00
12681.00
12710.00
12754.00
12740.00
12709.00
12698.00
12728.00
12741.00
12716.00
12692.00
12676.00
12710.00
12741.00
12758.00
12723.00
12704.00
12718.00
12763.00
12752.00
12703.00
12690.00
12696.00
12738.00
12739.00
12718.00
12686.00
12704.00
12755.00
12751.00
12729.00
12691.00
12699.00
12758.00
12751.00
12720.00
12685.00
12706.00
12762.00
12764.00
12709.00
12708.00
12707.00
12733.00
12758.00
12736.00
12685.00
12698.00
12729.00
12774.00
12738.00
12693.00
12721.00
12734.00
12769.00
12746.00
12698.00
12693.00
12751.00
12770.00
12754.00
12716.00
12721.00
12733.00
12753.00
12759.00
12702.00
12688.00
12725.00
12758.00
12749.00
12730.00
12710.00
12729.00
12769.00
12764.00
12720.00
12683.00
12718.00
12734.00
12764.00
12718.00
12703.00
12723.00
12743.00
12768.00
12733.00
12674.00
12723.00
12765.00
12771.00
12749.00
12708.00
12733.00
12754.00
12753.00
12756.00
12688.00
12717.00
12738.00
12797.00
12767.00
12706.00
12717.00
12752.00
12778.00
12763.00
12715.00
12718.00
12741.00
12770.00
12781.00
12739.00
12721.00
12757.00
12790.00
12784.00
12728.00
12713.00
12753.00
12795.00
12787.00
12720.00
12714.00
12771.00
12794.00
12801.00
12752.00
12740.00
12759.00
12795.00
12792.00
12752.00
12742.00
12769.00
12784.00
12807.00
12766.00
12740.00
12748.00
12774.00
12786.00
12772.00
12740.00
12768.00
12796.00
12821.00
12790.00
12734.00
12744.00
12789.00
12815.00
12779.00
12729.00
12741.00
12781.00
12821.00
12761.00
12730.00
12719.00
12756.00
12758.00
12736.00
12653.00
12628.00
12627.00
12640.00
12603.00
12544.00
12482.00
12492.00
12487.00
12410.00
12301.00
12226.00
12205.00
12188.00
12132.00
12026.00
11930.00
11886.00
11851.00
11791.00
11682.00
11569.00
11511.00
11465.00
11412.00
11314.00
11191.00
11117.00
11076.00
11012.00
10909.00
10804.00
10737.00
10707.00
10637.00
10526.00
10397.00
10341.00
10312.00
10269.00
10185.00
10091.00
10035.00
9993.00
9994.00
9902.00
9821.00
9769.00
9771.00
9758.00
9715.00
9642.00
9614.00
9607.00
9618.00
9593.00
9540.00
9541.00
9563.00
9620.00
9602.00
9575.00
9564.00
9579.00
9638.00
9643.00
9619.00
9611.00
9644.00
9699.00
9711.00
9681.00
9667.00
9697.00
9737.00
9741.00
9726.00
9682.00
9713.00
9734.00
9765.00
9740.00
9695.00
9703.00
9743.00
9747.00
9733.00
9696.00
9700.00
9716.00
9751.00
9729.00
9687.00
9682.00
9727.00
9738.00
9732.00
9672.00
9682.00
9707.00
9735.00
9708.00
9673.00
9670.00
9705.00
9720.00
9719.00
9697.00
9691.00
9718.00
9747.00
9720.00
9690.00
9672.00
9683.00
9723.00
9720.00
9703.00
9676.00
9711.00
9745.00
9749.00
9713.00
9696.00
9710.00
9752.00
9757.00
9716.00
9698.00
9718.00
9760.00
9768.00
9754.00
9705.00
9713.00
9750.00
9767.00
9734.00
9703.00
9709.00
9758.00
9767.00
9741.00
9703.00
9696.00
9738.00
9766.00
9738.00
9715.00
9718.00
9742.00
9777.00
9758.00
9717.00
9701.00
9730.00
9796.00
9753.00
9729.00
9721.00
9728.00
9771.00
9772.00
9728.00
9698.00
9737.00
9777.00
9772.00
9749.00
9719.00
9754.00
9790.00
9792.00
9758.00
9727.00
9748.00
9774.00
9785.00
9757.00
9714.00
9759.00
9781.00
9784.00
9764.00
9718.00
9752.00
9795.00
9792.00
9779.00
9740.00
9747.00
9777.00
9795.00
9766.00
9737.00
9726.00
9750.00
9792.00
9766.00
9743.00
9737.00
9774.00
9794.00
9770.00
9736.00
9733.00
9739.00
9782.00
9767.00
9733.00
9722.00
9758.00
9798.00
9793.00
9755.00
9723.00
9755.00
9782.00
9768.00
9765.00
9728.00
9748.00
9785.00
9793.00
9757.00
9721.00
9734.00
9785.00
9792.00
9766.00
9733.00
9774.00
9801.00
9810.00
9791.00
9752.00
9763.00
9787.00
9817.00
9798.00
9750.00
9749.00
9801.00
9804.00
9794.00
9753.00
9761.00
9780.00
9808.00
9807.00
9755.00
9748.00
9806.00
9828.00
9824.00
9785.00
9773.00
9786.00
9828.00
9815.00
9778.00
9770.00
9788.00
9819.00
9820.00
9792.00
9747.00
9773.00
9813.00
9829.00
9798.00
9754.00
9787.00
9826.00
9825.00
9790.00
9757.00
9769.00
9799.00
9811.00
9809.00
9778.00
9780.00
9819.00
9842.00
9828.00
9780.00
9772.00
9824.00
9831.00
9829.00
9798.00
9788.00
9825.00
9845.00
9825.00
9783.00
9790.00
9810.00
9843.00
9837.00
9803.00
9789.00
9825.00
9853.00
9846.00
9804.00
9790.00
9822.00
9866.00
9881.00
9839.00
9807.00
9830.00
9865.00
9860.00
9806.00
9795.00
9815.00
9862.00
9873.00
9847.00
9817.00
9829.00
9856.00
9861.00
9831.00
9820.00
9819.00
9846.00
9882.00
9861.00
9823.00
9831.00
9842.00
9881.00
9860.00
9826.00
9821.00
9842.00
9862.00
9855.00
9811.00
9798.00
9850.00
9888.00
9866.00
9836.00
9813.00
9839.00
9863.00
9877.00
9825.00
9809.00
9846.00
9881.00
9872.00
9828.00
9828.00
9831.00
9871.00
9872.00
9853.00
9821.00
9839.00
9878.00
9880.00
9843.00
9827.00
9817.00
9868.00
9883.00
9862.00
9837.00
9849.00
9875.00
9893.00
9848.00
9823.00
9817.00
9856.00
9878.00
9869.00
9829.00
9840.00
9869.00
9895.00
9875.00
9831.00
9822.00
9846.00
9903.00
9886.00
9838.00
9837.00
9859.00
9881.00
9877.00
9839.00
9800.00
9845.00
9888.00
9887.00
9848.00
9831.00
9843.00
9887.00
9882.00
9843.00
9804.00
9841.00
9873.00
9886.00
9851.00
9821.00
9837.00
9873.00
9868.00
9843.00
9809.00
9825.00
9881.00
9886.00
9865.00
9831.00
9838.00
9870.00
9886.00
9865.00
9815.00
9847.00
9866.00
9879.00
9888.00
9832.00
9838.00
9864.00
9889.00
9875.00
9841.00
9825.00
9862.00
9894.00
9890.00
9847.00
9845.00
9867.00
9891.00
9880.00
9850.00
9825.00
9854.00
9897.00
9899.00
9839.00
9847.00
9828.00
9882.00
9885.00
9845.00
9822.00
9846.00
9877.00
9883.00
9870.00
9819.00
9848.00
9885.00
9886.00
9867.00
9814.00
9840.00
9876.00
9894.00
9875.00
9839.00
9846.00
9873.00
9895.00
9879.00
9836.00
9841.00
9867.00
9895.00
9860.00
9814.00
9781.00
9805.00
9820.00
9774.00
9720.00
9689.00
9695.00
9709.00
9676.00
9595.00
9533.00
9532.00
9538.00
9502.00
9424.00
9374.00
9338.00
9346.00
9326.00
9250.00
9173.00
9181.00
9165.00
9142.00
9074.00
9007.00
8977.00
8981.00
8974.00
8918.00
8858.00
8833.00
8825.00
8828.00
8788.00
8718.00
8709.00
8701.00
8703.00
8655.00
8573.00
8569.00
8561.00
8566.00
8543.00
8466.00
8465.00
8479.00
8472.00
8445.00
8375.00
8334.00
8358.00
8392.00
8366.00
8340.00
8325.00
8343.00
8373.00
8367.00
8321.00
8307.00
8321.00
8358.00
8356.00
8326.00
8289.00
8305.00
8333.00
8343.00
8316.00
8291.00
8316.00
8334.00
8346.00
8339.00
8296.00
8313.00
8339.00
8368.00
8334.00
8304.00
8317.00
8347.00
8368.00
8357.00
8298.00
8323.00
8342.00
8374.00
8347.00
8312.00
8312.00
8335.00
8361.00
8356.00
8315.00
8294.00
8324.00
8352.00
8363.00
8318.00
8292.00
8324.00
8351.00
8341.00
8288.00
8283.00
8287.00
8338.00
8345.00
8313.00
8279.00
8286.00
8345.00
8325.00
8303.00
8277.00
8303.00
8346.00
8329.00
8315.00
8268.00
8293.00
8337.00
8348.00
8319.00
8276.00
8278.00
8326.00
8361.00
8325.00
8285.00
8287.00
8300.00
8327.00
8316.00
8268.00
8268.00
8308.00
8344.00
8341.00
8287.00
8287.00
8305.00
8348.00
8315.00
8315.00
8288.00
8317.00
8355.00
8349.00
8309.00
8295.00
8320.00
8349.00
8360.00
8294.00
8307.00
8309.00
8358.00
8360.00
8321.00
8296.00
8311.00
8361.00
8362.00
8320.00
8294.00
8303.00
8354.00
8361.00
8343.00
8295.00
8306.00
8340.00
8357.00
8349.00
8282.00
8294.00
8337.00
8350.00
8350.00
8302.00
8295.00
8320.00
8349.00
8323.00
8296.00
8287.00
8329.00
8368.00
8354.00
8312.00
8298.00
8319.00
8349.00
8333.00
8308.00
8275.00
8311.00
8353.00
8352.00
8307.00
8279.00
8311.00
8355.00
8345.00
8307.00
8283.00
8310.00
8354.00
8370.00
8321.00
8288.00
8300.00
8324.00
8354.00
8308.00
8281.00
8311.00
8330.00
8357.00
8322.00
8281.00
8289.00
8331.00
8357.00
8339.00
8302.00
8294.00
8328.00
8368.00
8354.00
8327.00
8317.00
8339.00
8389.00
8366.00
8319.00
8306.00
8333.00
8376.00
8359.00
8317.00
8302.00
8319.00
8355.00
8353.00
8324.00
8296.00
8321.00
8368.00
8368.00
8337.00
8303.00
8323.00
8352.00
8369.00
8317.00
8287.00
8305.00
8358.00
8356.00
8354.00
8302.00
8321.00
8356.00
8379.00
8349.00
8293.00
8294.00
8325.00
8359.00
8337.00
8307.00
8315.00
8348.00
8371.00
8350.00
8305.00
8302.00
8333.00
8346.00
8357.00
8321.00
8299.00
8308.00
8373.00
8336.00
8309.00
8304.00
8344.00
8362.00
8374.00
8320.00
8299.00
8322.00
8363.00
8363.00
8326.00
8286.00
8313.00
8347.00
8354.00
8334.00
8284.00
8294.00
8331.00
8358.00
8310.00
8258.00
8296.00
8343.00
8347.00
8329.00
8279.00
8303.00
8337.00
8338.00
8333.00
8291.00
8285.00
8325.00
8349.00
8335.00
8274.00
8269.00
8302.00
8331.00
8323.00
8287.00
8278.00
8310.00
8339.00
8332.00
8293.00
8284.00
8321.00
8346.00
8328.00
8286.00
8262.00
8296.00
8327.00
8345.00
8298.00
8269.00
8284.00
8328.00
8342.00
8298.00
8275.00
8277.00
8329.00
8328.00
8300.00
8271.00
8281.00
8321.00
8335.00
8293.00
8258.00
8264.00
8305.00
8338.00
8303.00
8269.00
8286.00
8294.00
8332.00
8309.00
8250.00
8268.00
8313.00
8344.00
8318.00
8286.00
8279.00
8286.00
8328.00
8304.00
8259.00
8263.00
8293.00
8327.00
8322.00
8283.00
8265.00
8278.00
8343.00
8309.00
8277.00
8256.00
8290.00
8324.00
8324.00
8305.00
8275.00
8295.00
8329.00
8337.00
8300.00
8278.00
8246.00
8310.00
8328.00
8304.00
8263.00
8277.00
8303.00
8335.00
8291.00
8272.00
8291.00
8318.00
8344.00
8323.00
8262.00
8281.00
8309.00
8323.00
8317.00
8276.00
8264.00
8320.00
8350.00
8337.00
8281.00
8274.00
8304.00
8328.00
8327.00
8296.00
8280.00
8290.00
8342.00
8341.00
8302.00
8296.00
8312.00
8355.00
8364.00
8330.00
8302.00
8309.00
8349.00
8375.00
8345.00
8325.00
8333.00
8363.00
8354.00
8346.00
8298.00
8323.00
8368.00
8377.00
8345.00
8306.00
8306.00
8347.00
8360.00
8346.00
8282.00
8306.00
8337.00
8359.00
8353.00
8308.00
8308.00
8347.00
8366.00
8329.00
8286.00
8304.00
8330.00
8364.00
8351.00
8311.00
8302.00
8337.00
8348.00
8348.00
8309.00
8298.00
8337.00
8395.00
8396.00
8386.00
8380.00
8428.00
8477.00
8504.00
8490.00
8514.00
8575.00
8663.00
8717.00
8732.00
8743.00
8831.00
8914.00
8972.00
8990.00
9020.00
9091.00
9174.00
9273.00
9295.00
9328.00
9382.00
9465.00
9559.00
9586.00
9618.00
9676.00
9772.00
9825.00
9871.00
9884.00
9943.00
10015.00
10084.00
10109.00
10099.00
10124.00
10181.00
10239.00
10263.00
10272.00
10276.00
10329.00
10392.00
10391.00
10392.00
10382.00
10437.00
10486.00
10497.00
10481.00
10462.00
10528.00
10580.00
10573.00
10540.00
10506.00
10542.00
10577.00
10586.00
10574.00
10522.00
10583.00
10616.00
10626.00
10599.00
10549.00
10576.00
10608.00
10642.00
10619.00
10567.00
10562.00
10614.00
10627.00
10617.00
10574.00
10573.00
10598.00
10619.00
10610.00
10560.00
10545.00
10582.00
10635.00
10609.00
10564.00
10552.00
10608.00
10635.00
10618.00
10577.00
10555.00
10592.00
10641.00
10629.00
10595.00
10579.00
10599.00
10643.00
10617.00
10607.00
10570.00
10603.00
10634.00
10657.00
10619.00
10588.00
10618.00
10666.00
10671.00
10638.00
10599.00
10618.00
10661.00
10696.00
10668.00
10644.00
10673.00
10723.00
10754.00
10730.00
10681.00
10693.00
10747.00
10757.00
10733.00
10699.00
10708.00
10739.00
10767.00
10754.00
10700.00
10697.00
10725.00
10763.00
10757.00
10723.00
10708.00
10748.00
10765.00
10765.00
10702.00
10699.00
10725.00
10754.00
10762.00
10720.00
10712.00
10740.00
10775.00
10772.00
10743.00
10696.00
10719.00
10779.00
10780.00
10740.00
10687.00
10723.00
10751.00
10772.00
10734.00
10699.00
10707.00
10757.00
10764.00
10743.00
10691.00
10716.00
10759.00
10780.00
10758.00
10709.00
10716.00
10755.00
10785.00
10746.00
10715.00
10716.00
10760.00
10783.00
10758.00
10726.00
10714.00
10749.00
10780.00
10768.00
10705.00
10699.00
10748.00
10785.00
10765.00
10750.00
10723.00
10739.00
10776.00
10767.00
10740.00
10700.00
10732.00
10760.00
10785.00
10744.00
10725.00
10721.00
10785.00
10791.00
10762.00
10718.00
10739.00
10781.00
10788.00
10740.00
10722.00
10734.00
10763.00
10796.00
10742.00
10716.00
10717.00
10762.00
10782.00
10761.00
10733.00
10734.00
10763.00
10791.00
10766.00
10719.00
10708.00
10733.00
10775.00
10758.00
10732.00
10736.00
10758.00
10787.00
10779.00
10725.00
10719.00
10738.00
10796.00
10768.00
10755.00
10726.00
10754.00
10786.00
10791.00
10751.00
10720.00
10737.00
10773.00
10791.00
10754.00
10737.00
10756.00
10801.00
10794.00
10759.00
10732.00
10725.00
10770.00
10785.00
10774.00
10740.00
10748.00
10790.00
10811.00
10764.00
10721.00
10734.00
10765.00
10801.00
10757.00
10714.00
10734.00
10777.00
10807.00
10797.00
10727.00
10716.00
10779.00
10796.00
10773.00
10738.00
10733.00
10774.00
10799.00
10822.00
10752.00
10751.00
10764.00
10813.00
10802.00
10764.00
10749.00
10758.00
10813.00
10815.00
10761.00
10748.00
10768.00
10803.00
10811.00
10755.00
10724.00
10753.00
10796.00
10821.00
10792.00
10747.00
10772.00
10785.00
10810.00
10767.00
10721.00
10748.00
10790.00
10809.00
10786.00
10744.00
10757.00
10802.00
10820.00
10801.00
10735.00
10753.00
10773.00
10804.00
10805.00
10751.00
10756.00
10793.00
10812.00
10815.00
10760.00
10755.00
10783.00
10824.00
10796.00
10744.00
10744.00
10804.00
10812.00
10812.00
10768.00
10753.00
10767.00
10812.00
10799.00
10763.00
10737.00
10768.00
10806.00
10824.00
10785.00
10743.00
10768.00
10805.00
10835.00
10775.00
10744.00
10753.00
10784.00
10813.00
10780.00
10752.00
10777.00
10819.00
10821.00
10797.00
10750.00
10764.00
10787.00
10830.00
10799.00
10766.00
10753.00
10789.00
10838.00
10808.00
10778.00
10761.00
10798.00
10830.00
10819.00
10778.00
10783.00
10810.00
10842.00
10828.00
10791.00
10775.00
10786.00
10820.00
10808.00
10774.00
10776.00
10814.00
10835.00
10831.00
10786.00
10763.00
10783.00
10828.00
10833.00
10798.00
10765.00
10775.00
10822.00
10828.00
10799.00
10765.00
10780.00
10824.00
10831.00
10806.00
10754.00
10768.00
10820.00
10834.00
10809.00
10781.00
10758.00
10820.00
10824.00
10781.00
10770.00
10766.00
10813.00
10864.00
10839.00
10788.00
10768.00
10818.00
10840.00
10822.00
10780.00
10748.00
10786.00
10835.00
10818.00
10785.00
10770.00
10803.00
10839.00
10821.00
10786.00
10758.00
10789.00
10835.00
10831.00
10788.00
10787.00
10810.00
10841.00
10839.00
10807.00
10761.00
10793.00
10815.00
10834.00
10801.00
10776.00
10801.00
10830.00
10836.00
10813.00
10765.00
10781.00
10825.00
10834.00
10816.00
10770.00
10789.00
10805.00
10842.00
10828.00
10772.00
10780.00
10810.00
10832.00
10828.00
10787.00
10775.00
10820.00
10858.00
10834.00
10794.00
10772.00
10822.00
10854.00
10825.00
10781.00
10768.00
10808.00
10851.00
10848.00
10822.00
10795.00
10833.00
10870.00
10884.00
10837.00
10845.00
10914.00
11067.00
11160.00
11239.00
11279.00
11407.00
11549.00
11650.00
11766.00
11882.00
12053.00
12245.00
12372.00
12479.00
12594.00
12778.00
12986.00
13154.00
13256.00
13352.00
13515.00
13705.00
13922.00
14089.00
14201.00
14345.00
14514.00
14627.00
14714.00
14740.00
14799.00
14846.00
14936.00
14931.00
14933.00
14958.00
15001.00
15024.00
15023.00
14969.00
14976.00
15007.00
15035.00
15061.00
15016.00
15001.00
15014.00
15036.00
15059.00
15001.00
14976.00
15003.00
15065.00
15068.00
15037.00
15003.00
15030.00
15072.00
15054.00
15032.00
15010.00
15012.00
15061.00
15075.00
15042.00
15023.00
15021.00
15060.00
15076.00
15057.00
15026.00
15041.00
15054.00
15085.00
15066.00
15032.00
15042.00
15087.00
15108.00
15081.00
15047.00
15021.00
15056.00
15096.00
15077.00
15065.00
15042.00
15083.00
15109.00
15082.00
15042.00
15029.00
15054.00
15080.00
15096.00
15066.00
15048.00
15073.00
15110.00
15126.00
15077.00
15066.00
15085.00
15108.00
15112.00
15091.00
15061.00
15098.00
15132.00
15135.00
15091.00
15064.00
15090.00
15123.00
15149.00
15099.00
15068.00
15089.00
15122.00
15161.00
15139.00
15062.00
15067.00
15109.00
15147.00
15124.00
15064.00
15099.00
15133.00
15170.00
15157.00
15094.00
15087.00
15117.00
15158.00
15138.00
15103.00
15071.00
15128.00
15161.00
15147.00
15126.00
15112.00
15103.00
15156.00
15154.00
15122.00
15109.00
15140.00
15148.00
15169.00
15136.00
15099.00
15129.00
15175.00
15154.00
15138.00
15091.00
15115.00
15158.00
15159.00
15150.00
15116.00
15110.00
15168.00
15197.00
15167.00
15124.00
15135.00
15182.00
15179.00
15160.00
15136.00
15142.00
15184.00
15204.00
15185.00
15125.00
15139.00
15186.00
15195.00
15193.00
15142.00
15158.00
15179.00
15216.00
15202.00
15158.00
15157.00
15174.00
15212.00
15206.00
15158.00
15142.00
15169.00
15207.00
15208.00
15174.00
15144.00
15178.00
15225.00
15210.00
15174.00
15144.00
15157.00
15203.00
15207.00
15200.00
15142.00
15172.00
15219.00
15209.00
15183.00
15146.00
15163.00
15193.00
15214.00
15189.00
15174.00
15178.00
15211.00
15218.00
15212.00
15153.00
15166.00
15220.00
15216.00
15211.00
15163.00
15173.00
15212.00
15241.00
15235.00
15189.00
15187.00
15212.00
15245.00
15200.00
15180.00
15187.00
15211.00
15244.00
15233.00
15207.00
15195.00
15215.00
15251.00
15247.00
15196.00
15187.00
15223.00
15247.00
15260.00
15219.00
15200.00
15212.00
15243.00
15247.00
15214.00
15207.00
15204.00
15246.00
15249.00
15222.00
15201.00
15225.00
15253.00
15234.00
15215.00
15179.00
15190.00
15226.00
15242.00
15235.00
15209.00
15198.00
15250.00
15258.00
15249.00
15205.00
15217.00
15247.00
15257.00
15229.00
15207.00
15201.00
15245.00
15272.00
15256.00
15216.00
15198.00
15243.00
15270.00
15244.00
15227.00
15210.00
15249.00
15264.00
15253.00
15219.00
15192.00
15224.00
15253.00
15250.00
15215.00
15208.00
15221.00
15263.00
15270.00
15216.00
15190.00
15231.00
15269.00
15265.00
15239.00
15217.00
15233.00
15266.00
15285.00
15238.00
15206.00
15228.00
15259.00
15262.00
15225.00
15198.00
15217.00
15274.00
15276.00
15261.00
15226.00
15218.00
15263.00
15270.00
15258.00
15210.00
15226.00
15273.00
15286.00
15256.00
15221.00
15212.00
15254.00
15272.00
15272.00
15223.00
15214.00
15256.00
15277.00
15265.00
15220.00
15221.00
15245.00
15263.00
15260.00
15219.00
15211.00
15249.00
15273.00
15279.00
15250.00
15215.00
15246.00
15286.00
15267.00
15233.00
15224.00
15232.00
15286.00
15273.00
15247.00
15224.00
15248.00
15292.00
15292.00
15260.00
15212.00
15233.00
15287.00
15308.00
15255.00
15237.00
15255.00
15287.00
15303.00
15262.00
15217.00
15250.00
15275.00
15287.00
15275.00
15253.00
15257.00
15301.00
15335.00
15291.00
15247.00
15256.00
15272.00
15336.00
15292.00
15259.00
15250.00
15306.00
15332.00
15320.00
15266.00
15284.00
15298.00
15319.00
15318.00
15279.00
15241.00
15289.00
15310.00
15309.00
15261.00
15244.00
15259.00
15315.00
15301.00
15271.00
15240.00
15264.00
15317.00
15313.00
15287.00
15258.00
15295.00
15309.00
15324.00
15287.00
15259.00
15264.00
15307.00
15301.00
15299.00
15252.00
15292.00
15323.00
15316.00
15298.00
15254.00
15297.00
15313.00
15328.00
15316.00
15268.00
15282.00
15289.00
15347.00
15322.00
15281.00
15287.00
15314.00
15340.00
15326.00
15266.00
15276.00
15310.00
15333.00
15333.00
15257.00
15274.00
15321.00
15345.00
15311.00
15270.00
15286.00
15320.00
15350.00
15343.00
15284.00
15294.00
15303.00
15332.00
15313.00
15270.00
15292.00
15311.00
15336.00
15341.00
15325.00
15292.00
15321.00
15352.00
15348.00
15324.00
15312.00
15324.00
15358.00
15346.00
15312.00
15281.00
15311.00
15362.00
15368.00
15327.00
15316.00
15340.00
15385.00
15392.00
15354.00
15328.00
15338.00
15390.00
15412.00
15392.00
15352.00
15398.00
15474.00
15512.00
15491.00
15473.00
15479.00
15539.00
15553.00
15537.00
15490.00
15497.00
15535.00
15563.00
15523.00
15481.00
15491.00
15539.00
15564.00
15565.00
15510.00
15509.00
15557.00
15581.00
15580.00
15543.00
15535.00
15559.00
15637.00
15609.00
15565.00
15567.00
15599.00
15642.00
15651.00
15602.00
15614.00
15633.00
15661.00
15638.00
15612.00
15601.00
15631.00
15664.00
15668.00
15645.00
15622.00
15649.00
15676.00
15688.00
15639.00
15621.00
15614.00
15675.00
15669.00
15651.00
15640.00
15657.00
15682.00
15688.00
15660.00
15642.00
15650.00
15705.00
15697.00
15683.00
15647.00
15652.00
15708.00
15722.00
15700.00
15649.00
15669.00
15698.00
15717.00
15695.00
15652.00
15659.00
15725.00
15726.00
15719.00
15661.00
15665.00
15694.00
15704.00
15700.00
15663.00
15652.00
15686.00
15698.00
15708.00
15684.00
15667.00
15707.00
15714.00
15698.00
15666.00
15659.00
15666.00
15697.00
15702.00
15666.00
15657.00
15679.00
15694.00
15710.00
15692.00
15673.00
15683.00
15724.00
15729.00
15675.00
15669.00
15684.00
15718.00
15699.00
15705.00
15664.00
15702.00
15701.00
15732.00
15692.00
15668.00
15681.00
15738.00
15756.00
15728.00
15685.00
15688.00
15709.00
15747.00
15712.00
15671.00
15677.00
15713.00
15752.00
15720.00
15706.00
15691.00
15733.00
15753.00
15720.00
15704.00
15690.00
15716.00
15747.00
15730.00
15697.00
15662.00
15713.00
15763.00
15714.00
15681.00
15683.00
15718.00
15732.00
15723.00
15684.00
15688.00
15708.00
15749.00
15735.00
15703.00
15688.00
15714.00
15739.00
15733.00
15687.00
15693.00
15717.00
15755.00
15751.00
15722.00
15707.00
15727.00
15747.00
15754.00
15729.00
15693.00
15704.00
15755.00
15771.00
15720.00
15718.00
15735.00
15769.00
15758.00
15708.00
15703.00
15709.00
15763.00
15773.00
15745.00
15704.00
15740.00
15760.00
15792.00
15764.00
15717.00
15728.00
15759.00
15781.00
15731.00
15721.00
15750.00
15772.00
15779.00
15767.00
15723.00
15739.00
15763.00
15791.00
15773.00
15723.00
15732.00
15772.00
15788.00
15779.00
15726.00
15728.00
15776.00
15791.00
15779.00
15749.00
15723.00
15775.00
15815.00
15785.00
15740.00
15717.00
15767.00
15790.00
15780.00
15747.00
15737.00
15761.00
15801.00
15805.00
15768.00
15752.00
15783.00
15795.00
15799.00
15763.00
15729.00
15780.00
15811.00
15818.00
15758.00
15743.00
15760.00
15810.00
15804.00
15777.00
15729.00
15756.00
15800.00
15810.00
15777.00
15759.00
15782.00
15805.00
15811.00
15793.00
15755.00
15770.00
15800.00
15822.00
15797.00
15769.00
15785.00
15815.00
15821.00
15819.00
15775.00
15772.00
15796.00
15804.00
15790.00
15748.00
15759.00
15796.00
15805.00
15824.00
15750.00
15757.00
15792.00
15799.00
15808.00
15778.00
15772.00
15809.00
15843.00
15815.00
15788.00
15754.00
15796.00
15823.00
15801.00
15768.00
15760.00
15806.00
15838.00
15838.00
15791.00
15777.00
15789.00
15826.00
15825.00
15779.00
15763.00
15795.00
15808.00
15843.00
15804.00
15780.00
15795.00
15807.00
15827.00
15803.00
15769.00
15790.00
15824.00
15826.00
15808.00
15770.00
15785.00
15826.00
15819.00
15791.00
15765.00
15785.00
15830.00
15853.00
15822.00
15786.00
15789.00
15810.00
15823.00
15820.00
15782.00
15782.00
15818.00
15852.00
15828.00
15792.00
15787.00
15820.00
15838.00
15818.00
15772.00
15765.00
15809.00
15839.00
15806.00
15762.00
15781.00
15812.00
15841.00
15817.00
15780.00
15784.00
15797.00
15825.00
15820.00
15778.00
15789.00
15801.00
15837.00
15835.00
15789.00
15771.00
15796.00
15839.00
15824.00
15804.00
15766.00
15811.00
15842.00
15826.00
15798.00
15792.00
15807.00
15828.00
15828.00
15800.00
15777.00
15803.00
15841.00
15842.00
15808.00
15778.00
15794.00
15844.00
15840.00
15820.00
15787.00
15793.00
15845.00
15847.00
15819.00
15790.00
15821.00
15838.00
15837.00
15822.00
15782.00
15816.00
15843.00
15867.00
15846.00
15811.00
15837.00
15855.00
15871.00
15840.00
15804.00
15803.00
15830.00
