41247.00
41267.00
41235.00
41186.00
41203.00
41276.00
41263.00
41241.00
41197.00
41206.00
41247.00
41251.00
41232.00
41195.00
41207.00
41249.00
41258.00
41228.00
41188.00
41184.00
41231.00
41257.00
41238.00
41194.00
41158.00
41227.00
41254.00
41240.00
41160.00
41154.00
41189.00
41235.00
41228.00
41186.00
41162.00
41207.00
41252.00
41226.00
41185.00
41174.00
41207.00
41241.00
41220.00
41190.00
41178.00
41184.00
41246.00
41222.00
41173.00
41170.00
41184.00
41234.00
41251.00
41195.00
41164.00
41186.00
41246.00
41252.00
41191.00
41164.00
41173.00
41225.00
41238.00
41212.00
41172.00
41187.00
41219.00
41256.00
41196.00
41156.00
41181.00
41212.00
41244.00
41211.00
41174.00
41156.00
41200.00
41231.00
41220.00
41173.00
41180.00
41194.00
41247.00
41218.00
41153.00
41155.00
41204.00
41245.00
41214.00
41178.00
41163.00
41198.00
41240.00
41219.00
41180.00
41139.00
41180.00
41228.00
41226.00
41165.00
41149.00
41176.00
41236.00
41206.00
41183.00
41164.00
41166.00
41240.00
41237.00
41196.00
41163.00
41173.00
41225.00
41231.00
41193.00
41153.00
41165.00
41231.00
41221.00
41201.00
41144.00
41153.00
41229.00
41249.00
41197.00
41152.00
41153.00
41208.00
41236.00
41224.00
41137.00
41158.00
41194.00
41246.00
41218.00
41172.00
41171.00
41209.00
41252.00
41231.00
41180.00
41171.00
41199.00
41231.00
41222.00
41175.00
41154.00
41185.00
41242.00
41232.00
41191.00
41179.00
41179.00
41256.00
41235.00
41192.00
41151.00
41175.00
41223.00
41219.00
41193.00
41144.00
41178.00
41237.00
41242.00
41200.00
41177.00
41173.00
41231.00
41253.00
41213.00
41164.00
41194.00
41224.00
41247.00
41220.00
41163.00
41159.00
41223.00
41244.00
41222.00
41172.00
41177.00
41216.00
41257.00
41227.00
41172.00
41167.00
41193.00
41255.00
41212.00
41177.00
41166.00
41196.00
41252.00
41234.00
41179.00
41171.00
41197.00
41239.00
41226.00
41185.00
41142.00
41169.00
41234.00
41225.00
41164.00
41149.00
41182.00
41242.00
41243.00
41175.00
41153.00
41180.00
41230.00
41237.00
41227.00
41163.00
41177.00
41221.00
41247.00
41194.00
41146.00
41169.00
41231.00
41248.00
41222.00
41167.00
41163.00
41230.00
41253.00
41217.00
41160.00
41168.00
41227.00
41263.00
41223.00
41197.00
41173.00
41208.00
41252.00
41226.00
41174.00
41167.00
41220.00
41267.00
41240.00
41192.00
41171.00
41200.00
41258.00
41241.00
41175.00
41160.00
41195.00
41257.00
41240.00
41203.00
41166.00
41192.00
41258.00
41249.00
41189.00
41153.00
41191.00
41222.00
41242.00
41197.00
41182.00
41202.00
41264.00
41245.00
41221.00
41173.00
41202.00
41261.00
41274.00
41237.00
41184.00
41190.00
41244.00
41257.00
41246.00
41174.00
41185.00
41256.00
41272.00
41230.00
41180.00
41187.00
41226.00
41244.00
41236.00
41183.00
41182.00
41210.00
41264.00
41229.00
41173.00
41166.00
41211.00
41246.00
41232.00
41195.00
41172.00
41210.00
41282.00
41252.00
41190.00
41181.00
41213.00
41266.00
41251.00
41191.00
41187.00
41201.00
41265.00
41237.00
41206.00
41168.00
41203.00
41260.00
41252.00
41207.00
41179.00
41198.00
41250.00
41261.00
41241.00
41162.00
41189.00
41234.00
41262.00
41213.00
41172.00
41177.00
41230.00
41242.00
41215.00
41167.00
41177.00
41229.00
41246.00
41207.00
41159.00
41146.00
41217.00
41263.00
41238.00
41153.00
41177.00
41218.00
41258.00
41225.00
41176.00
41165.00
41202.00
41253.00
41220.00
41169.00
41150.00
41211.00
41257.00
41235.00
41184.00
41170.00
41202.00
41257.00
41255.00
41183.00
41176.00
41189.00
41260.00
41234.00
41191.00
41156.00
41197.00
41256.00
41248.00
41215.00
41157.00
41193.00
41238.00
41244.00
41208.00
41157.00
41187.00
41260.00
41259.00
41207.00
41161.00
41188.00
41240.00
41254.00
41214.00
41170.00
41179.00
41225.00
41265.00
41217.00
41183.00
41175.00
41218.00
41252.00
41215.00
41161.00
41160.00
41234.00
41250.00
41236.00
41188.00
41174.00
41213.00
41253.00
41234.00
41173.00
41163.00
41208.00
41248.00
41237.00
41161.00
41176.00
41219.00
41249.00
41218.00
41178.00
41154.00
41182.00
41254.00
41252.00
41179.00
41152.00
41198.00
41244.00
41261.00
41200.00
41177.00
41200.00
41257.00
41251.00
41197.00
41169.00
41181.00
41262.00
41254.00
41207.00
41173.00
41189.00
41256.00
41253.00
41208.00
41163.00
41172.00
41214.00
41232.00
41205.00
41148.00
41158.00
41206.00
41258.00
41210.00
41159.00
41160.00
41221.00
41246.00
41226.00
41172.00
41173.00
41225.00
41256.00
41211.00
41177.00
41168.00
41215.00
41235.00
41224.00
41158.00
41153.00
41188.00
41243.00
41233.00
41173.00
41153.00
41190.00
41244.00
41219.00
41191.00
41161.00
41180.00
41239.00
41222.00
41189.00
41141.00
41179.00
41218.00
41251.00
41206.00
41156.00
41180.00
41234.00
41257.00
41187.00
41168.00
41177.00
41249.00
41240.00
41210.00
41159.00
41172.00
41230.00
41238.00
41196.00
41164.00
41156.00
41205.00
41244.00
41198.00
41171.00
41180.00
41224.00
41250.00
41215.00
41161.00
41179.00
41209.00
41227.00
41206.00
41154.00
41178.00
41220.00
41233.00
41214.00
41160.00
41169.00
41209.00
41249.00
41224.00
41166.00
41161.00
41202.00
41266.00
41237.00
41193.00
41153.00
41199.00
41241.00
41245.00
41213.00
41190.00
41210.00
41248.00
41250.00
41205.00
41158.00
41202.00
41245.00
41241.00
41200.00
41159.00
41171.00
41252.00
41244.00
41182.00
41159.00
41179.00
41233.00
41244.00
41185.00
41160.00
41173.00
41244.00
41245.00
41197.00
41136.00
41153.00
41211.00
41234.00
41209.00
41159.00
41150.00
41211.00
41246.00
41220.00
41171.00
41152.00
41206.00
41236.00
41204.00
41178.00
41165.00
41183.00
41249.00
41231.00
41164.00
41169.00
41211.00
41235.00
41241.00
41186.00
41163.00
41201.00
41268.00
41239.00
41176.00
41145.00
41188.00
41259.00
41235.00
41182.00
41161.00
41182.00
41247.00
41263.00
41185.00
41135.00
41185.00
41244.00
41226.00
41212.00
41156.00
41182.00
41240.00
41262.00
41206.00
41157.00
41183.00
41231.00
41260.00
41208.00
41163.00
41182.00
41237.00
41261.00
41207.00
41141.00
41155.00
41233.00
41241.00
41214.00
41148.00
41146.00
41212.00
41266.00
41225.00
41161.00
41172.00
41219.00
41246.00
41225.00
41174.00
41157.00
41220.00
41251.00
41225.00
41151.00
41161.00
41202.00
41254.00
41207.00
41157.00
41150.00
41194.00
41251.00
41209.00
41179.00
41152.00
41181.00
41238.00
41234.00
41210.00
41148.00
41188.00
41242.00
41229.00
41198.00
41145.00
41174.00
41230.00
41234.00
41205.00
41154.00
41187.00
41258.00
41252.00
41198.00
41140.00
41173.00
41237.00
41230.00
41193.00
41143.00
41157.00
41213.00
41242.00
41197.00
41139.00
41138.00
41199.00
41239.00
41197.00
41159.00
41173.00
41230.00
41227.00
41214.00
41153.00
41157.00
41205.00
41248.00
41201.00
41171.00
41173.00
41195.00
41248.00
41233.00
41165.00
41158.00
41191.00
41276.00
41215.00
41172.00
41166.00
41193.00
41245.00
41233.00
41166.00
41140.00
41172.00
41237.00
41212.00
41175.00
41151.00
41183.00
41239.00
41241.00
41204.00
41177.00
41179.00
41231.00
41246.00
41182.00
41150.00
41176.00
41225.00
41240.00
41202.00
41146.00
41168.00
41244.00
41233.00
41202.00
41158.00
41174.00
41219.00
41255.00
41221.00
41154.00
41152.00
41218.00
41242.00
41220.00
41165.00
41177.00
41225.00
41251.00
41237.00
41170.00
41182.00
41215.00
41253.00
41221.00
41185.00
41180.00
41216.00
41261.00
41238.00
41183.00
41183.00
41205.00
41274.00
41218.00
41174.00
41162.00
41189.00
41245.00
41235.00
41169.00
41150.00
41197.00
41253.00
41243.00
41209.00
41155.00
41208.00
41254.00
41245.00
41182.00
41150.00
41191.00
41235.00
41260.00
41220.00
41163.00
41173.00
41238.00
41244.00
41198.00
41162.00
41175.00
41250.00
41276.00
41248.00
41173.00
41152.00
41239.00
41237.00
41200.00
41159.00
41172.00
41242.00
41237.00
41203.00
41153.00
41153.00
41218.00
41248.00
41214.00
41169.00
41178.00
41225.00
41260.00
41240.00
41183.00
41157.00
41198.00
41237.00
41216.00
41161.00
41135.00
41206.00
41247.00
41225.00
41167.00
41160.00
41198.00
41244.00
41220.00
41149.00
41123.00
41168.00
41235.00
41204.00
41157.00
41134.00
41184.00
41222.00
41216.00
41148.00
41136.00
41161.00
41220.00
41223.00
41162.00
41124.00
41140.00
41217.00
41201.00
41173.00
41129.00
41135.00
41209.00
41225.00
41178.00
41141.00
41151.00
41219.00
41230.00
41192.00
41144.00
41132.00
41206.00
41201.00
41181.00
41127.00
41135.00
41207.00
41224.00
41200.00
41133.00
41154.00
41207.00
41248.00
41215.00
41153.00
41146.00
41194.00
41219.00
41211.00
41130.00
41147.00
41177.00
41224.00
41196.00
41157.00
41138.00
41168.00
41227.00
41206.00
41162.00
41139.00
41167.00
41223.00
41214.00
41156.00
41139.00
41160.00
41219.00
41223.00
41152.00
41126.00
41146.00
41214.00
41202.00
41185.00
41132.00
41163.00
41223.00
41217.00
41179.00
41140.00
41160.00
41223.00
41237.00
41176.00
41146.00
41166.00
41202.00
41215.00
41178.00
41134.00
41149.00
41190.00
41238.00
41180.00
41129.00
41138.00
41219.00
41226.00
41182.00
41145.00
41145.00
41202.00
41235.00
41167.00
41139.00
41142.00
41199.00
41233.00
41196.00
41121.00
41133.00
41177.00
41234.00
41209.00
41150.00
41142.00
41183.00
41230.00
41204.00
41152.00
41138.00
41192.00
41222.00
41211.00
41154.00
41142.00
41162.00
41210.00
41186.00
41143.00
41128.00
41153.00
41210.00
41175.00
41130.00
41119.00
41168.00
41218.00
41203.00
41157.00
41117.00
41165.00
41226.00
41220.00
41176.00
41140.00
41149.00
41202.00
41213.00
41172.00
41127.00
41139.00
41217.00
41234.00
41186.00
41145.00
41160.00
41227.00
41220.00
41188.00
41138.00
41126.00
41188.00
41238.00
41185.00
41134.00
41143.00
41195.00
41216.00
41193.00
41139.00
41156.00
41197.00
41219.00
41206.00
41131.00
41131.00
41203.00
41221.00
41198.00
41146.00
41118.00
41185.00
41221.00
41213.00
41151.00
41143.00
41177.00
41230.00
41238.00
41178.00
41153.00
41185.00
41250.00
41236.00
41169.00
41152.00
41177.00
41252.00
41221.00
41181.00
41141.00
41174.00
41219.00
41212.00
41176.00
41141.00
41173.00
41217.00
41212.00
41180.00
41157.00
41168.00
41237.00
41249.00
41196.00
41151.00
41162.00
41219.00
41222.00
41190.00
41135.00
41161.00
41234.00
41228.00
41177.00
41130.00
41129.00
41194.00
41234.00
41194.00
41134.00
41131.00
41183.00
41234.00
41200.00
41144.00
41128.00
41211.00
41251.00
41198.00
41141.00
41143.00
41204.00
41233.00
41211.00
41167.00
41138.00
41193.00
41242.00
41215.00
41153.00
41147.00
41163.00
41237.00
41207.00
41160.00
41135.00
41180.00
41220.00
41190.00
41152.00
41119.00
41156.00
41217.00
41217.00
41167.00
41129.00
41158.00
41207.00
41206.00
41172.00
41117.00
41146.00
41213.00
41205.00
41178.00
41118.00
41149.00
41219.00
41215.00
41161.00
41133.00
41128.00
41201.00
41227.00
41191.00
41136.00
41139.00
41209.00
41236.00
41193.00
41152.00
41143.00
41199.00
41231.00
41193.00
41149.00
41143.00
41179.00
41239.00
41188.00
41147.00
41136.00
41193.00
41231.00
41213.00
41167.00
41158.00
41164.00
41212.00
41191.00
41149.00
41118.00
41173.00
41234.00
41218.00
41161.00
41147.00
41179.00
41244.00
41217.00
41165.00
41127.00
41182.00
41226.00
41210.00
41165.00
41154.00
41190.00
41236.00
41237.00
41184.00
41125.00
41145.00
41232.00
41217.00
41168.00
41131.00
41139.00
41196.00
41214.00
41182.00
41147.00
41156.00
41193.00
41233.00
41188.00
41147.00
41158.00
41225.00
41242.00
41205.00
41160.00
41141.00
41199.00
41250.00
41208.00
41163.00
41174.00
41220.00
41243.00
41192.00
41147.00
41152.00
41202.00
41249.00
41211.00
41153.00
41151.00
41211.00
41252.00
41210.00
41170.00
41160.00
41201.00
41231.00
41221.00
41159.00
41138.00
41192.00
41234.00
41234.00
41174.00
41145.00
41177.00
41229.00
41222.00
41173.00
41145.00
41162.00
41229.00
41217.00
41182.00
41154.00
41192.00
41241.00
41235.00
41183.00
41152.00
41173.00
41225.00
41228.00
41168.00
41141.00
41166.00
41221.00
41230.00
41197.00
41151.00
41153.00
41214.00
41232.00
41188.00
41136.00
41132.00
41197.00
41217.00
41178.00
41128.00
41135.00
41193.00
41220.00
41182.00
41136.00
41130.00
41191.00
41230.00
41188.00
41135.00
41135.00
41175.00
41231.00
41205.00
41155.00
41139.00
41167.00
41220.00
41177.00
41141.00
41132.00
41167.00
41241.00
41199.00
41157.00
41127.00
41158.00
41226.00
41195.00
41144.00
41139.00
41143.00
41223.00
41205.00
41152.00
41129.00
41152.00
41206.00
41212.00
41162.00
41133.00
41134.00
41219.00
41221.00
41176.00
41133.00
41159.00
41234.00
41236.00
41201.00
41137.00
41163.00
41212.00
41237.00
41203.00
41161.00
41161.00
41221.00
41233.00
41197.00
41158.00
41144.00
41197.00
41243.00
41197.00
41159.00
41147.00
41204.00
41246.00
41217.00
41154.00
41170.00
41220.00
41251.00
41241.00
41187.00
41181.00
41226.00
41303.00
41268.00
41237.00
41220.00
41264.00
41325.00
41343.00
41291.00
41280.00
41315.00
41379.00
41386.00
41345.00
41317.00
41364.00
41432.00
41443.00
41399.00
41346.00
41402.00
41461.00
41478.00
41433.00
41404.00
41421.00
41500.00
41505.00
41456.00
41429.00
41453.00
41527.00
41540.00
41510.00
41453.00
41483.00
41551.00
41539.00
41535.00
41468.00
41484.00
41552.00
41601.00
41553.00
41502.00
41510.00
41555.00
41583.00
41569.00
41499.00
41491.00
41549.00
41589.00
41559.00
41496.00
41482.00
41527.00
41595.00
41569.00
41490.00
41474.00
41518.00
41566.00
41559.00
41488.00
41461.00
41509.00
41557.00
41543.00
41473.00
41458.00
41483.00
41547.00
41523.00
41486.00
41439.00
41471.00
41536.00
41514.00
41475.00
41432.00
41466.00
41534.00
41542.00
41484.00
41440.00
41448.00
41519.00
41527.00
41492.00
41450.00
41469.00
41519.00
41541.00
41507.00
41449.00
41456.00
41516.00
41541.00
41493.00
41440.00
41454.00
41506.00
41543.00
41508.00
41464.00
41441.00
41501.00
41542.00
41525.00
41460.00
41473.00
41519.00
41559.00
41538.00
41470.00
41467.00
41507.00
41570.00
41540.00
41471.00
41476.00
41515.00
41568.00
41540.00
41478.00
41470.00
41508.00
41560.00
41544.00
41487.00
41464.00
41484.00
41537.00
41546.00
41490.00
41463.00
41490.00
41537.00
41544.00
41504.00
41451.00
41504.00
41540.00
41539.00
41501.00
41456.00
41487.00
41548.00
41563.00
41509.00
41461.00
41483.00
41524.00
41560.00
41514.00
41468.00
41454.00
41520.00
41547.00
41506.00
41451.00
41457.00
41533.00
41544.00
41517.00
41469.00
41448.00
41508.00
41538.00
41513.00
41458.00
41440.00
41492.00
41537.00
41512.00
41463.00
41456.00
41486.00
41536.00
41526.00
41465.00
41435.00
41482.00
41553.00
41518.00
41480.00
41445.00
41480.00
41541.00
41518.00
41463.00
41430.00
41460.00
41525.00
41497.00
41463.00
41435.00
41459.00
41529.00
41529.00
41476.00
41447.00
41468.00
41541.00
41540.00
41498.00
41450.00
41443.00
41517.00
41540.00
41486.00
41442.00
41459.00
41507.00
41539.00
41490.00
41446.00
41460.00
41520.00
41546.00
41500.00
41446.00
41435.00
41510.00
41533.00
41490.00
41469.00
41451.00
41514.00
41539.00
41515.00
41454.00
41459.00
41500.00
41562.00
41518.00
41449.00
41448.00
41474.00
41533.00
41514.00
41454.00
41430.00
41466.00
41531.00
41528.00
41479.00
41446.00
41476.00
41537.00
41534.00
41460.00
41439.00
41467.00
41543.00
41521.00
41461.00
41429.00
41473.00
41512.00
41541.00
41481.00
41428.00
41453.00
41519.00
41545.00
41481.00
41434.00
41450.00
41514.00
41530.00
41496.00
41451.00
41456.00
41525.00
41535.00
41510.00
41451.00
41470.00
41501.00
41540.00
41503.00
41460.00
41452.00
41517.00
41557.00
41519.00
41468.00
41438.00
41495.00
41545.00
41518.00
41462.00
41459.00
41475.00
41533.00
41536.00
41462.00
41474.00
41467.00
41530.00
41509.00
41458.00
41429.00
41470.00
41533.00
41525.00
41466.00
41423.00
41443.00
41513.00
41508.00
41457.00
41415.00
41429.00
41496.00
41501.00
41483.00
41427.00
41451.00
41505.00
41518.00
41477.00
41431.00
41438.00
41506.00
41518.00
41485.00
41436.00
41448.00
41502.00
41523.00
41486.00
41434.00
41431.00
41478.00
41505.00
41465.00
41434.00
41420.00
41456.00
41521.00
41461.00
41410.00
41416.00
41448.00
41494.00
41477.00
41426.00
41415.00
41422.00
41479.00
41483.00
41416.00
41402.00
41442.00
41502.00
41480.00
41437.00
41395.00
41448.00
41525.00
41488.00
41431.00
41402.00
41433.00
41508.00
41509.00
41454.00
41426.00
41422.00
41499.00
41522.00
41483.00
41442.00
41465.00
41507.00
41528.00
41485.00
41445.00
41435.00
41532.00
41535.00
41498.00
41440.00
41429.00
41494.00
41522.00
41489.00
41427.00
41442.00
41475.00
41516.00
41478.00
41437.00
41440.00
41481.00
41528.00
41497.00
41443.00
41463.00
41473.00
41532.00
41517.00
41450.00
41440.00
41464.00
41521.00
41511.00
41468.00
41449.00
41481.00
41530.00
41512.00
41460.00
41429.00
41473.00
41517.00
41525.00
41464.00
41422.00
41453.00
41507.00
41516.00
41460.00
41415.00
41451.00
41502.00
41532.00
41492.00
41443.00
41456.00
41486.00
41528.00
41469.00
41422.00
41424.00
41493.00
41519.00
41489.00
41425.00
41439.00
41473.00
41511.00
41480.00
41416.00
41451.00
41472.00
41519.00
41495.00
41436.00
41444.00
41499.00
41531.00
41518.00
41472.00
41450.00
41488.00
41542.00
41547.00
41476.00
41472.00
41515.00
41610.00
41583.00
41566.00
41538.00
41578.00
41676.00
41674.00
41660.00
41660.00
41692.00
41775.00
41802.00
41770.00
41758.00
41807.00
41898.00
41921.00
41894.00
41874.00
41926.00
42038.00
42083.00
42071.00
42056.00
42112.00
42216.00
42280.00
42291.00
42284.00
42345.00
42456.00
42571.00
42609.00
42617.00
42698.00
42804.00
42937.00
43009.00
43018.00
43072.00
43199.00
43335.00
43395.00
43431.00
43489.00
43628.00
43755.00
43827.00
43872.00
43936.00
44053.00
44206.00
44271.00
44284.00
44336.00
44454.00
44581.00
44644.00
44681.00
44729.00
44805.00
44913.00
44989.00
44971.00
44981.00
45042.00
45147.00
45161.00
45149.00
45119.00
45160.00
45223.00
45256.00
45223.00
45167.00
45182.00
45210.00
45237.00
45195.00
45135.00
45134.00
45179.00
45194.00
45142.00
45078.00
45048.00
45090.00
45118.00
45099.00
45044.00
45017.00
45068.00
45124.00
45078.00
45012.00
44997.00
45041.00
45106.00
45079.00
45019.00
45004.00
45031.00
45090.00
45067.00
45006.00
44969.00
45011.00
45067.00
45061.00
44994.00
44944.00
44972.00
45034.00
45049.00
44993.00
44962.00
44990.00
45038.00
45056.00
45010.00
44954.00
44972.00
45033.00
45047.00
45007.00
44956.00
44961.00
45030.00
45035.00
44999.00
44948.00
44956.00
45003.00
45037.00
44997.00
44938.00
44944.00
44994.00
45028.00
45012.00
44943.00
44941.00
44988.00
45041.00
45000.00
44943.00
44924.00
44983.00
45023.00
44985.00
44927.00
44906.00
44951.00
45011.00
45002.00
44949.00
44917.00
44952.00
45014.00
45000.00
44951.00
44907.00
44949.00
45007.00
45002.00
44948.00
44903.00
44934.00
44992.00
45006.00
44952.00
44905.00
44922.00
44994.00
44997.00
44944.00
44892.00
44906.00
44984.00
44992.00
44953.00
44898.00
44905.00
44982.00
44993.00
44948.00
44891.00
44899.00
44957.00
44997.00
44956.00
44899.00
44893.00
44952.00
44987.00
44958.00
44917.00
44914.00
44948.00
45004.00
44977.00
44917.00
44905.00
44948.00
45000.00
44991.00
44925.00
44912.00
44936.00
44998.00
45007.00
44947.00
44908.00
44953.00
45011.00
45013.00
44949.00
44918.00
44932.00
45011.00
45007.00
44960.00
44912.00
44949.00
44994.00
45007.00
44960.00
44914.00
44939.00
45007.00
45013.00
44969.00
44909.00
44930.00
44990.00
45019.00
44985.00
44925.00
44938.00
44996.00
45020.00
44990.00
44926.00
44921.00
44974.00
45007.00
44982.00
44932.00
44920.00
44967.00
45024.00
44995.00
44938.00
44925.00
44968.00
45013.00
44996.00
44926.00
44930.00
44954.00
45017.00
45008.00
44953.00
44929.00
44945.00
45008.00
45003.00
44955.00
44923.00
44947.00
45025.00
44997.00
44953.00
44913.00
44933.00
44984.00
44996.00
44938.00
44907.00
44919.00
44992.00
45009.00
44966.00
44915.00
44937.00
44994.00
45002.00
44963.00
44920.00
44910.00
44962.00
44994.00
44958.00
44902.00
44908.00
44956.00
44985.00
44963.00
44888.00
44883.00
44942.00
44997.00
44965.00
44900.00
44880.00
44933.00
44969.00
44951.00
44883.00
44866.00
44902.00
44973.00
44961.00
44896.00
44856.00
44885.00
44947.00
44953.00
44883.00
44850.00
44904.00
44952.00
44953.00
44899.00
44870.00
44877.00
44947.00
44944.00
44911.00
44860.00
44859.00
44932.00
44966.00
44904.00
44858.00
44878.00
44940.00
44965.00
44920.00
44872.00
44883.00
44947.00
44988.00
44935.00
44885.00
44860.00
44943.00
44974.00
44943.00
44881.00
44887.00
44941.00
44979.00
44957.00
44914.00
44921.00
44957.00
45009.00
44992.00
44940.00
44913.00
44970.00
45036.00
45010.00
44935.00
44923.00
44957.00
45014.00
45011.00
44944.00
44917.00
44945.00
45000.00
44995.00
44937.00
44898.00
44929.00
44986.00
44997.00
44938.00
44892.00
44908.00
44977.00
45007.00
44944.00
44896.00
44916.00
44963.00
44992.00
44953.00
44887.00
44913.00
44970.00
44994.00
44959.00
44907.00
44913.00
44961.00
44989.00
44965.00
44905.00
44898.00
44957.00
45010.00
44975.00
44933.00
44925.00
44960.00
45011.00
44999.00
44924.00
44927.00
44961.00
45020.00
45008.00
44949.00
44931.00
44966.00
45037.00
45014.00
44977.00
44939.00
44986.00
45048.00
45037.00
44985.00
44948.00
44993.00
45028.00
45044.00
44976.00
44949.00
44975.00
45033.00
45050.00
45005.00
44963.00
44976.00
45034.00
45036.00
44988.00
44941.00
44957.00
45014.00
45037.00
45000.00
44941.00
44951.00
45018.00
45032.00
45013.00
44942.00
44940.00
44993.00
45037.00
44999.00
44953.00
44945.00
44984.00
45032.00
44983.00
44947.00
44935.00
44966.00
45036.00
45011.00
44954.00
44934.00
44967.00
45015.00
45003.00
44955.00
44919.00
44959.00
45009.00
45003.00
44939.00
44918.00
44916.00
44993.00
44982.00
44919.00
44879.00
44895.00
44950.00
44956.00
44904.00
44857.00
44870.00
44927.00
44950.00
44895.00
44855.00
44858.00
44928.00
44955.00
44914.00
44861.00
44882.00
44930.00
44973.00
44948.00
44905.00
44913.00
44971.00
45028.00
45018.00
44990.00
45016.00
45100.00
45194.00
45197.00
45206.00
45241.00
45345.00
45450.00
45512.00
45533.00
45601.00
45731.00
45883.00
45944.00
46001.00
46085.00
46245.00
46428.00
46554.00
46648.00
46741.00
46922.00
47130.00
47255.00
47349.00
47435.00
47582.00
47764.00
47885.00
47940.00
47995.00
48106.00
48251.00
48352.00
48387.00
48425.00
48512.00
48629.00
48716.00
48728.00
48722.00
48778.00
48879.00
48956.00
48936.00
48893.00
48910.00
48970.00
48991.00
48955.00
48894.00
48860.00
48891.00
48931.00
48890.00
48813.00
48783.00
48824.00
48880.00
48852.00
48775.00
48770.00
48808.00
48849.00
48836.00
48771.00
48761.00
48785.00
48835.00
48830.00
48778.00
48732.00
48758.00
48821.00
48807.00
48760.00
48709.00
48728.00
48792.00
48777.00
48723.00
48666.00
48685.00
48748.00
48761.00
48703.00
48648.00
48656.00
48726.00
48745.00
48686.00
48630.00
48628.00
48703.00
48717.00
48679.00
48624.00
48628.00
48678.00
48721.00
48675.00
48636.00
48623.00
48673.00
48722.00
48680.00
48610.00
48606.00
48660.00
48698.00
48664.00
48609.00
48594.00
48640.00
48692.00
48665.00
48605.00
48582.00
48600.00
48679.00
48652.00
48598.00
48559.00
48600.00
48674.00
48665.00
48613.00
48570.00
48587.00
48671.00
48677.00
48641.00
48599.00
48617.00
48688.00
48713.00
48675.00
48612.00
48653.00
48714.00
48746.00
48714.00
48677.00
48674.00
48749.00
48787.00
48744.00
48694.00
48684.00
48736.00
48799.00
48768.00
48712.00
48725.00
48782.00
48840.00
48787.00
48752.00
48755.00
48801.00
48858.00
48832.00
48773.00
48786.00
48805.00
48868.00
48851.00
48790.00
48786.00
48820.00
48873.00
48856.00
48817.00
48783.00
48814.00
48872.00
48869.00
48814.00
48770.00
48805.00
48858.00
48853.00
48822.00
48786.00
48807.00
48855.00
48861.00
48833.00
48782.00
48800.00
48851.00
48856.00
48826.00
48768.00
48791.00
48850.00
48854.00
48817.00
48750.00
48759.00
48798.00
48815.00
48794.00
48732.00
48746.00
48787.00
48820.00
48787.00
48750.00
48737.00
48788.00
48831.00
48799.00
48750.00
48738.00
48778.00
48835.00
48804.00
48768.00
48740.00
48788.00
48828.00
48810.00
48754.00
48728.00
48767.00
48807.00
48807.00
48750.00
48713.00
48739.00
48818.00
48799.00
48759.00
48730.00
48748.00
48816.00
48805.00
48768.00
48711.00
48744.00
48804.00
48796.00
48750.00
48713.00
48735.00
48795.00
48800.00
48773.00
48719.00
48734.00
48793.00
48831.00
48779.00
48720.00
48742.00
48775.00
48817.00
48787.00
48732.00
48739.00
48772.00
48833.00
48800.00
48749.00
48732.00
48777.00
48826.00
48796.00
48744.00
48725.00
48778.00
48822.00
48792.00
48749.00
48732.00
48778.00
48841.00
48817.00
48770.00
48735.00
48781.00
48836.00
48840.00
48783.00
48737.00
48762.00
48844.00
48821.00
48775.00
48738.00
48764.00
48817.00
48831.00
48780.00
48729.00
48737.00
48808.00
48827.00
48785.00
48725.00
48724.00
48787.00
48802.00
48740.00
48712.00
48705.00
48771.00
48805.00
48754.00
48705.00
48716.00
48771.00
48812.00
48762.00
48695.00
48689.00
48727.00
48785.00
48752.00
48700.00
48675.00
48724.00
48768.00
48735.00
48681.00
48663.00
48697.00
48765.00
48744.00
48695.00
48669.00
48709.00
48759.00
48743.00
48697.00
48665.00
48704.00
48767.00
48753.00
48694.00
48657.00
48673.00
48739.00
48738.00
48693.00
48646.00
48664.00
48728.00
48741.00
48688.00
48634.00
48659.00
48718.00
48742.00
48692.00
48658.00
48663.00
48726.00
48748.00
48709.00
48638.00
48662.00
48713.00
48748.00
48704.00
48663.00
48671.00
48708.00
48757.00
48736.00
48667.00
48658.00
48716.00
48766.00
48726.00
48668.00
48664.00
48693.00
48764.00
48724.00
48678.00
48658.00
48701.00
48747.00
48744.00
48686.00
48664.00
48699.00
48755.00
48749.00
48694.00
48668.00
48686.00
48774.00
48745.00
48714.00
48657.00
48687.00
48742.00
48754.00
48693.00
48659.00
48689.00
48739.00
48746.00
48700.00
48670.00
48689.00
48745.00
48773.00
48728.00
48671.00
48688.00
48749.00
48765.00
48735.00
48685.00
48692.00
48749.00
48796.00
48743.00
48694.00
48695.00
48744.00
48795.00
48773.00
48707.00
48709.00
48755.00
48807.00
48771.00
48715.00
48701.00
48741.00
48800.00
48785.00
48716.00
48700.00
48743.00
48808.00
48795.00
48733.00
48711.00
48745.00
48809.00
48794.00
48744.00
48708.00
48742.00
48809.00
48803.00
48768.00
48716.00
48753.00
48808.00
48816.00
48772.00
48730.00
48737.00
48816.00
48815.00
48786.00
48724.00
48730.00
48796.00
48808.00
48764.00
48694.00
48706.00
48762.00
48785.00
48757.00
48686.00
48678.00
48762.00
48778.00
48752.00
48701.00
48696.00
48758.00
48793.00
48766.00
48701.00
48699.00
48748.00
48799.00
48773.00
48719.00
48713.00
48756.00
48819.00
48796.00
48741.00
48739.00
48788.00
48856.00
48867.00
48828.00
48831.00
48882.00
48966.00
48991.00
48972.00
48965.00
49035.00
49149.00
49193.00
49176.00
49191.00
49265.00
49377.00
49445.00
49456.00
49461.00
49542.00
49677.00
49750.00
49754.00
49770.00
49842.00
49969.00
50062.00
50078.00
50110.00
50165.00
50290.00
50375.00
50404.00
50416.00
50478.00
50596.00
50695.00
50734.00
50744.00
50801.00
50913.00
51017.00
51045.00
51042.00
51091.00
51189.00
51284.00
51310.00
51315.00
51343.00
51433.00
51513.00
51508.00
51474.00
51478.00
51540.00
51619.00
51630.00
51573.00
51553.00
51587.00
51662.00
51659.00
51632.00
51586.00
51622.00
51701.00
51700.00
51661.00
51610.00
51652.00
51713.00
51727.00
51674.00
51636.00
51663.00
51720.00
51750.00
51707.00
51650.00
51664.00
51722.00
51746.00
51707.00
51665.00
51665.00
51720.00
51752.00
51732.00
51666.00
51675.00
51724.00
51763.00
51728.00
51668.00
51668.00
51707.00
51761.00
51730.00
51674.00
51647.00
51699.00
51752.00
51725.00
51665.00
51652.00
51696.00
51764.00
51737.00
51674.00
51651.00
51672.00
51737.00
51723.00
51673.00
51627.00
51661.00
51698.00
51709.00
51650.00
51594.00
51612.00
51693.00
51678.00
51642.00
51585.00
51608.00
51665.00
51694.00
51663.00
51620.00
51643.00
51690.00
51727.00
51681.00
51627.00
51621.00
51705.00
51723.00
51686.00
51634.00
51623.00
51667.00
51721.00
51674.00
51619.00
51616.00
51678.00
51734.00
51698.00
51642.00
51630.00
51685.00
51730.00
51716.00
51658.00
51642.00
51695.00
51752.00
51739.00
51697.00
51661.00
51715.00
51764.00
51762.00
51710.00
51681.00
51720.00
51796.00
51773.00
51739.00
51702.00
51736.00
51805.00
51819.00
51759.00
51722.00
51746.00
51821.00
51835.00
51782.00
51740.00
51753.00
51829.00
51824.00
51806.00
51741.00
51748.00
51814.00
51846.00
51793.00
51733.00
51728.00
51789.00
51818.00
51783.00
51744.00
51737.00
51773.00
51840.00
51822.00
51757.00
51753.00
51803.00
51859.00
51833.00
51758.00
51752.00
51791.00
51857.00
51833.00
51780.00
51750.00
51792.00
51859.00
51831.00
51778.00
51763.00
51786.00
51840.00
51826.00
51776.00
51745.00
51771.00
51848.00
51849.00
51800.00
51761.00
51783.00
51869.00
51873.00
51831.00
51788.00
51797.00
51872.00
51898.00
51846.00
51794.00
51821.00
51860.00
51892.00
51853.00
51801.00
51814.00
51869.00
51910.00
51865.00
51814.00
51806.00
51881.00
51905.00
51876.00
51813.00
51808.00
51851.00
51913.00
51874.00
51827.00
51805.00
51855.00
51928.00
51894.00
51855.00
51843.00
51882.00
51942.00
51935.00
51886.00
51866.00
51898.00
51959.00
51943.00
51887.00
51840.00
51879.00
51942.00
51923.00
51879.00
51826.00
51854.00
51909.00
51908.00
51857.00
51819.00
51841.00
51895.00
51904.00
51860.00
51824.00
51841.00
51913.00
51942.00
51897.00
51834.00
51854.00
51929.00
51943.00
51906.00
51856.00
51846.00
51902.00
51938.00
51898.00
51836.00
51833.00
51890.00
51913.00
51900.00
51833.00
51816.00
51870.00
51919.00
51878.00
51825.00
51796.00
51852.00
51910.00
51877.00
51819.00
51789.00
51821.00
51880.00
51854.00
51796.00
51760.00
51795.00
51845.00
51824.00
51778.00
51722.00
51765.00
51832.00
51829.00
51762.00
51729.00
51734.00
51805.00
51805.00
51756.00
51704.00
51728.00
51806.00
51816.00
51768.00
51727.00
51725.00
51811.00
51844.00
51781.00
51728.00
51740.00
51803.00
51846.00
51792.00
51718.00
51720.00
51786.00
51822.00
51796.00
51736.00
51723.00
51760.00
51815.00
51791.00
51723.00
51722.00
51753.00
51810.00
51780.00
51718.00
51698.00
51737.00
51792.00
51776.00
51713.00
51688.00
51718.00
51778.00
51757.00
51713.00
51678.00
51716.00
51779.00
51771.00
51724.00
51670.00
51703.00
51777.00
51757.00
51717.00
51674.00
51690.00
51768.00
51780.00
51719.00
51662.00
51676.00
51747.00
51766.00
51722.00
51667.00
51679.00
51741.00
51774.00
51735.00
51681.00
51667.00
51735.00
51773.00
51716.00
51662.00
51659.00
51724.00
51767.00
51716.00
51662.00
51643.00
51700.00
51738.00
51709.00
51651.00
51644.00
51669.00
51729.00
51706.00
51659.00
51643.00
51684.00
51749.00
51718.00
51674.00
51642.00
51682.00
51746.00
51714.00
51676.00
51632.00
51675.00
51737.00
51739.00
51674.00
51633.00
51668.00
51736.00
51734.00
51680.00
51634.00
51657.00
51726.00
51719.00
51668.00
51619.00
51627.00
51703.00
51732.00
51680.00
51623.00
51638.00
51696.00
51730.00
51675.00
51628.00
51633.00
51703.00
51731.00
51694.00
51636.00
51636.00
51710.00
51747.00
51716.00
51653.00
51658.00
51700.00
51755.00
51729.00
51660.00
51657.00
51706.00
51752.00
51726.00
51667.00
51653.00
51687.00
51746.00
51723.00
51665.00
51648.00
51685.00
51752.00
51728.00
51671.00
51654.00
51671.00
51741.00
51726.00
51668.00
51623.00
51647.00
51693.00
51687.00
51606.00
51563.00
51565.00
51621.00
51597.00
51514.00
51448.00
51438.00
51464.00
51433.00
51353.00
51240.00
51203.00
51214.00
51184.00
51095.00
50994.00
50955.00
50976.00
50963.00
50900.00
50785.00
50759.00
50766.00
50776.00
50705.00
50621.00
50580.00
50603.00
50613.00
50546.00
50458.00
50405.00
50407.00
50427.00
50344.00
50249.00
50184.00
50173.00
50178.00
50102.00
49987.00
49918.00
49915.00
49920.00
49856.00
49768.00
49673.00
49664.00
49671.00
49628.00
49524.00
49438.00
49440.00
49464.00
49422.00
49334.00
49258.00
49258.00
49310.00
49277.00
49197.00
49137.00
49132.00
49183.00
49177.00
49107.00
49047.00
49054.00
49103.00
49108.00
49057.00
48977.00
48991.00
49056.00
49075.00
49026.00
48963.00
48960.00
49035.00
49065.00
49028.00
48961.00
48970.00
49016.00
49048.00
49019.00
48964.00
48963.00
49019.00
49063.00
49030.00
48966.00
48948.00
48999.00
49061.00
49030.00
48981.00
48951.00
49008.00
49073.00
49049.00
48998.00
48977.00
49019.00
49085.00
49082.00
49011.00
48995.00
49031.00
49103.00
49085.00
49029.00
48991.00
49023.00
49079.00
49081.00
49023.00
48994.00
49007.00
49074.00
49079.00
49037.00
48986.00
49005.00
49073.00
49090.00
49041.00
48994.00
48997.00
49078.00
49091.00
49061.00
49007.00
49014.00
49079.00
49109.00
49076.00
49021.00
49016.00
49080.00
49127.00
49082.00
49028.00
49022.00
49060.00
49126.00
49095.00
49038.00
49028.00
49068.00
49123.00
49099.00
49040.00
49028.00
49078.00
49130.00
49115.00
49058.00
49045.00
49085.00
49129.00
49115.00
49059.00
49022.00
49060.00
49126.00
49107.00
49053.00
49027.00
49061.00
49118.00
49112.00
49078.00
49027.00
49050.00
49120.00
49130.00
49092.00
49048.00
49054.00
49109.00
49123.00
49085.00
49040.00
49050.00
49115.00
49119.00
49090.00
49025.00
49046.00
49102.00
49128.00
49081.00
49036.00
49036.00
49083.00
49116.00
49088.00
49031.00
49009.00
49075.00
49107.00
49075.00
49006.00
48995.00
49036.00
49100.00
49048.00
49005.00
48983.00
49016.00
49081.00
49053.00
49004.00
48973.00
49025.00
49071.00
49057.00
49011.00
48970.00
49007.00
49062.00
49047.00
48994.00
48950.00
48995.00
49053.00
49046.00
48997.00
48953.00
48977.00
49044.00
49059.00
49018.00
48973.00
48995.00
49065.00
49086.00
49043.00
49002.00
49026.00
49090.00
49115.00
49069.00
49021.00
49044.00
49101.00
49135.00
49104.00
49063.00
49079.00
49145.00
49203.00
49174.00
49138.00
49144.00
49225.00
49268.00
49244.00
49190.00
49186.00
49239.00
49292.00
49268.00
49204.00
49196.00
49227.00
49286.00
49262.00
49207.00
49168.00
49217.00
49275.00
49266.00
49201.00
49174.00
49214.00
49288.00
49269.00
49221.00
49179.00
49202.00
49273.00
49277.00
49231.00
49191.00
49212.00
49292.00
49292.00
49248.00
49195.00
49226.00
49265.00
49281.00
49239.00
49195.00
49211.00
49267.00
49301.00
49258.00
49189.00
49210.00
49276.00
49306.00
49271.00
49219.00
49230.00
49279.00
49312.00
49271.00
49204.00
49221.00
49261.00
49319.00
49277.00
49229.00
49219.00
49278.00
49325.00
49304.00
49243.00
49228.00
49267.00
49332.00
49310.00
49264.00
49233.00
49271.00
49329.00
49325.00
49261.00
49236.00
49277.00
49352.00
49337.00
49287.00
49257.00
49284.00
49359.00
49353.00
49317.00
49275.00
49302.00
49361.00
49373.00
49339.00
49272.00
49306.00
49362.00
49385.00
49330.00
49292.00
49325.00
49368.00
49395.00
49350.00
49299.00
49304.00
49360.00
49391.00
49366.00
49295.00
49297.00
49359.00
49391.00
49351.00
49308.00
49315.00
49359.00
49396.00
49369.00
49309.00
49303.00
49347.00
49407.00
49383.00
49327.00
49311.00
49347.00
49410.00
49399.00
49339.00
49310.00
49356.00
49407.00
49388.00
49366.00
49329.00
49355.00
49420.00
49414.00
49373.00
49329.00
49355.00
49424.00
49428.00
49371.00
49337.00
49366.00
49432.00
49441.00
49395.00
49361.00
49373.00
49435.00
49447.00
49409.00
49367.00
49380.00
49441.00
49467.00
49435.00
49382.00
49379.00
49437.00
49488.00
49429.00
49376.00
49374.00
49436.00
49482.00
49455.00
49393.00
49375.00
49423.00
49474.00
49446.00
49407.00
49374.00
49436.00
49504.00
49486.00
49422.00
49428.00
49454.00
49514.00
49495.00
49437.00
49428.00
49460.00
49528.00
49525.00
49472.00
49441.00
49481.00
49551.00
49543.00
49493.00
49464.00
49486.00
49560.00
49555.00
49517.00
49470.00
49491.00
49547.00
49562.00
49513.00
49475.00
49499.00
49547.00
49565.00
49530.00
49479.00
49493.00
49543.00
49571.00
49536.00
49486.00
49492.00
49548.00
49581.00
49550.00
49492.00
49495.00
49537.00
49583.00
49550.00
49497.00
49498.00
49539.00
49592.00
49567.00
49508.00
49488.00
49532.00
49579.00
49553.00
49486.00
49455.00
49489.00
49536.00
49505.00
49438.00
49391.00
49427.00
49447.00
49400.00
49338.00
49276.00
49276.00
49303.00
49264.00
49191.00
49118.00
49100.00
49133.00
49090.00
49005.00
48926.00
48926.00
48954.00
48918.00
48838.00
48751.00
48730.00
48730.00
48706.00
48617.00
48502.00
48456.00
48453.00
48424.00
48331.00
48230.00
48199.00
48205.00
48205.00
48129.00
48029.00
47968.00
47993.00
47989.00
47919.00
47820.00
47767.00
47756.00
47761.00
47674.00
47571.00
47512.00
47503.00
47507.00
47428.00
47321.00
47255.00
47264.00
47268.00
47242.00
47122.00
47050.00
47046.00
47077.00
47032.00
46976.00
46900.00
46888.00
46929.00
46899.00
46831.00
46746.00
46763.00
46779.00
46756.00
46683.00
46615.00
46614.00
46631.00
46630.00
46584.00
46515.00
46497.00
46564.00
46565.00
46519.00
46465.00
46474.00
46503.00
46525.00
46493.00
46425.00
46423.00
46477.00
46515.00
46472.00
46414.00
46390.00
46447.00
46484.00
46465.00
46406.00
46395.00
46430.00
46501.00
46450.00
46410.00
46379.00
46422.00
46468.00
46460.00
46411.00
46368.00
46403.00
46462.00
46456.00
46378.00
46361.00
46377.00
46449.00
46437.00
46384.00
46353.00
46370.00
46424.00
46434.00
46360.00
46318.00
46327.00
46410.00
46407.00
46355.00
46299.00
46315.00
46381.00
46390.00
46347.00
46286.00
46279.00
46352.00
46354.00
46313.00
46232.00
46213.00
46236.00
46260.00
46201.00
46126.00
46151.00
46216.00
46265.00
46234.00
46158.00
46145.00
46198.00
46235.00
46214.00
46132.00
46110.00
46170.00
46232.00
46192.00
46128.00
46106.00
46141.00
46206.00
46193.00
46132.00
46098.00
46131.00
46192.00
46161.00
46105.00
46074.00
46076.00
46161.00
46150.00
46110.00
46048.00
46068.00
46153.00
46168.00
46129.00
46086.00
46111.00
46171.00
46177.00
46122.00
46074.00
46081.00
46150.00
46175.00
46134.00
46068.00
46068.00
46144.00
46184.00
46138.00
46089.00
46088.00
46132.00
46182.00
46140.00
46088.00
46081.00
46129.00
46179.00
46143.00
46088.00
46072.00
46126.00
46188.00
46167.00
46112.00
46097.00
46138.00
46206.00
46187.00
46131.00
46102.00
46143.00
46218.00
46204.00
46137.00
46102.00
46120.00
46202.00
46177.00
46115.00
46089.00
46113.00
46181.00
46186.00
46136.00
46096.00
46118.00
46189.00
46212.00
46160.00
46113.00
46121.00
46188.00
46215.00
46171.00
46136.00
46141.00
46213.00
46244.00
46198.00
46142.00
46154.00
46219.00
46261.00
46225.00
46174.00
46186.00
46235.00
46291.00
46258.00
46211.00
46203.00
46259.00
46316.00
46282.00
46221.00
46213.00
46269.00
46315.00
46299.00
46244.00
46226.00
46264.00
46345.00
46326.00
46274.00
46232.00
46286.00
46343.00
46332.00
46265.00
46238.00
46262.00
46334.00
46335.00
46275.00
46233.00
46244.00
46313.00
46314.00
46274.00
46229.00
46240.00
46311.00
46325.00
46284.00
46216.00
46235.00
46308.00
46328.00
46286.00
46234.00
46257.00
46309.00
46344.00
46301.00
46253.00
46247.00
46311.00
46348.00
46305.00
46252.00
46251.00
46287.00
46341.00
46300.00
46233.00
46225.00
46284.00
46343.00
46300.00
46250.00
46225.00
46265.00
46326.00
46315.00
46259.00
46229.00
46275.00
46319.00
46320.00
46271.00
46220.00
46243.00
46328.00
46313.00
46265.00
46211.00
46249.00
46307.00
46303.00
46271.00
46204.00
46232.00
46296.00
46284.00
46245.00
46191.00
46194.00
46264.00
46280.00
46213.00
46160.00
46182.00
46218.00
46244.00
46192.00
46116.00
46121.00
46192.00
46213.00
46161.00
46093.00
46095.00
46143.00
46172.00
46146.00
46081.00
46062.00
46108.00
46182.00
46135.00
46070.00
46024.00
46100.00
46141.00
46122.00
46058.00
46031.00
46062.00
46138.00
46113.00
46048.00
46026.00
46059.00
46121.00
46112.00
46063.00
46008.00
46048.00
46117.00
46126.00
46065.00
46015.00
46043.00
46120.00
46118.00
46067.00
46006.00
46037.00
46110.00
46119.00
46074.00
46011.00
46029.00
46094.00
46119.00
46069.00
46015.00
46018.00
46075.00
46110.00
46074.00
46010.00
46029.00
46091.00
46114.00
46079.00
46021.00
46000.00
46074.00
46109.00
46072.00
46003.00
46001.00
46049.00
46109.00
46058.00
45986.00
45970.00
46008.00
46067.00
46058.00
45976.00
45953.00
45997.00
46056.00
46028.00
45981.00
45945.00
45970.00
46032.00
46022.00
45965.00
45937.00
45972.00
46041.00
46019.00
45956.00
45932.00
45942.00
46024.00
46017.00
45972.00
45905.00
45934.00
46010.00
46019.00
45967.00
45914.00
45931.00
45992.00
46013.00
45968.00
45903.00
45917.00
45987.00
46016.00
45987.00
45929.00
45926.00
45997.00
46035.00
45988.00
45918.00
45924.00
45973.00
46036.00
45994.00
45929.00
45919.00
45980.00
46030.00
45995.00
45931.00
45928.00
45977.00
46035.00
46015.00
45943.00
45924.00
45962.00
46028.00
46002.00
45951.00
45907.00
45948.00
46011.00
46002.00
45939.00
45902.00
45935.00
46007.00
46007.00
45942.00
45917.00
45926.00
46003.00
46008.00
45956.00
45904.00
45927.00
46006.00
46001.00
45963.00
45905.00
45910.00
45972.00
46005.00
45947.00
45888.00
45911.00
45977.00
45995.00
45965.00
45911.00
45902.00
45976.00
46007.00
45959.00
45894.00
45900.00
45958.00
46001.00
45958.00
45883.00
45873.00
45918.00
45957.00
45912.00
45830.00
45804.00
45838.00
45864.00
45815.00
45714.00
45664.00
45671.00
45691.00
45632.00
45528.00
45434.00
45440.00
45455.00
45397.00
45288.00
45201.00
45190.00
45193.00
45130.00
45006.00
44921.00
44894.00
44912.00
44857.00
44771.00
44672.00
44663.00
44674.00
44633.00
44532.00
44433.00
44411.00
44415.00
44397.00
44290.00
44186.00
44140.00
44157.00
44141.00
44054.00
43948.00
43896.00
43904.00
43902.00
43794.00
43691.00
43634.00
43645.00
43635.00
43535.00
43433.00
43378.00
43382.00
43376.00
43314.00
43202.00
43159.00
43152.00
43188.00
43126.00
43036.00
43014.00
43019.00
43043.00
42995.00
42930.00
42867.00
42892.00
42930.00
42915.00
42831.00
42804.00
42830.00
42891.00
42875.00
42818.00
42792.00
42803.00
42862.00
42864.00
42810.00
42763.00
42797.00
42856.00
42859.00
42813.00
42754.00
42778.00
42842.00
42854.00
42807.00
42754.00
42770.00
42831.00
42846.00
42800.00
42745.00
42753.00
42804.00
42814.00
42765.00
42716.00
42722.00
42777.00
42795.00
42765.00
42718.00
42717.00
42756.00
42791.00
42754.00
42681.00
42681.00
42735.00
42770.00
42749.00
42673.00
42664.00
42714.00
42760.00
42747.00
42679.00
42648.00
42699.00
42748.00
42711.00
42664.00
42637.00
42670.00
42736.00
42707.00
42653.00
42614.00
42669.00
42718.00
42707.00
42658.00
42607.00
42647.00
42701.00
42695.00
42649.00
42604.00
42638.00
42699.00
42715.00
42648.00
42594.00
42617.00
42671.00
42698.00
42652.00
42591.00
42598.00
42671.00
42688.00
42637.00
42608.00
42601.00
42669.00
42696.00
42649.00
42589.00
42598.00
42658.00
42677.00
42651.00
42597.00
42594.00
42629.00
42687.00
42653.00
42586.00
42575.00
42619.00
42677.00
42639.00
42594.00
42570.00
42611.00
42665.00
42654.00
42577.00
42571.00
42602.00
42664.00
42643.00
42590.00
42560.00
42594.00
42652.00
42635.00
42574.00
42550.00
42578.00
42647.00
42644.00
42589.00
42560.00
42595.00
42650.00
42656.00
42615.00
42569.00
42582.00
42645.00
42659.00
42611.00
42552.00
42559.00
42646.00
42644.00
42614.00
42563.00
42573.00
42626.00
42634.00
42608.00
42555.00
42556.00
42604.00
42656.00
42601.00
42536.00
42545.00
42602.00
42637.00
42603.00
42549.00
42541.00
42600.00
42660.00
42607.00
42546.00
42521.00
42592.00
42635.00
42608.00
42539.00
42529.00
42578.00
42630.00
42609.00
42556.00
42525.00
42565.00
42634.00
42610.00
42540.00
42530.00
42548.00
42626.00
42600.00
42554.00
42515.00
42558.00
42628.00
42614.00
42577.00
42518.00
42551.00
42613.00
42606.00
42557.00
42540.00
42540.00
42611.00
42610.00
42575.00
42529.00
42537.00
42595.00
42608.00
42552.00
42503.00
42513.00
42564.00
42574.00
42557.00
42496.00
42490.00
42544.00
42598.00
42548.00
42502.00
42500.00
42562.00
42589.00
42555.00
42498.00
42486.00
42535.00
42578.00
42555.00
42478.00
42470.00
42527.00
42569.00
42544.00
42488.00
42477.00
42535.00
42587.00
42569.00
42506.00
42487.00
42526.00
42578.00
42570.00
42516.00
42486.00
42515.00
42579.00
42567.00
42528.00
42477.00
42518.00
42568.00
42560.00
42522.00
42468.00
42498.00
42559.00
42553.00
42516.00
42464.00
42484.00
42544.00
42544.00
42502.00
42443.00
42460.00
42507.00
42536.00
42492.00
42428.00
42461.00
42515.00
42547.00
42489.00
42440.00
42418.00
42507.00
42535.00
42487.00
42437.00
42421.00
42484.00
42519.00
42498.00
42436.00
42437.00
42476.00
42512.00
42490.00
42436.00
42429.00
42456.00
42514.00
42491.00
42433.00
42414.00
42468.00
42521.00
42498.00
42447.00
42428.00
42462.00
42529.00
42500.00
42442.00
42434.00
42458.00
42513.00
42499.00
42444.00
42413.00
42431.00
42505.00
42484.00
42443.00
42405.00
42429.00
42502.00
42493.00
42461.00
42405.00
42403.00
42475.00
42499.00
42465.00
42403.00
42421.00
42462.00
42499.00
42459.00
42405.00
42412.00
42468.00
42502.00
42452.00
42393.00
42401.00
42462.00
