41603.00
41584.00
41539.00
41531.00
41564.00
41605.00
41596.00
41535.00
41527.00
41549.00
41593.00
41585.00
41564.00
41526.00
41559.00
41592.00
41596.00
41550.00
41544.00
41553.00
41599.00
41609.00
41575.00
41539.00
41560.00
41615.00
41624.00
41594.00
41548.00
41557.00
41619.00
41616.00
41567.00
41529.00
41550.00
41598.00
41618.00
41585.00
41551.00
41556.00
41589.00
41633.00
41610.00
41545.00
41552.00
41581.00
41613.00
41597.00
41559.00
41540.00
41575.00
41621.00
41610.00
41573.00
41546.00
41576.00
41616.00
41619.00
41559.00
41535.00
41563.00
41618.00
41601.00
41570.00
41542.00
41571.00
41604.00
41605.00
41572.00
41516.00
41558.00
41595.00
41626.00
41581.00
41544.00
41556.00
41600.00
41612.00
41590.00
41549.00
41553.00
41586.00
41618.00
41604.00
41540.00
41552.00
41606.00
41619.00
41609.00
41571.00
41563.00
41596.00
41621.00
41617.00
41568.00
41555.00
41598.00
41655.00
41635.00
41583.00
41599.00
41614.00
41668.00
41665.00
41624.00
41602.00
41632.00
41688.00
41701.00
41679.00
41651.00
41675.00
41738.00
41769.00
41733.00
41710.00
41720.00
41794.00
41829.00
41790.00
41780.00
41782.00
41854.00
41861.00
41842.00
41806.00
41797.00
41844.00
41858.00
41836.00
41784.00
41770.00
41843.00
41862.00
41822.00
41772.00
41777.00
41784.00
41847.00
41808.00
41767.00
41719.00
41775.00
41815.00
41807.00
41768.00
41747.00
41774.00
41819.00
41808.00
41762.00
41732.00
41759.00
41795.00
41799.00
41763.00
41733.00
41757.00
41805.00
41815.00
41777.00
41748.00
41774.00
41809.00
41826.00
41803.00
41758.00
41779.00
41834.00
41851.00
41822.00
41765.00
41794.00
41813.00
41838.00
41816.00
41778.00
41772.00
41805.00
41847.00
41816.00
41776.00
41772.00
41799.00
41855.00
41829.00
41798.00
41788.00
41806.00
41856.00
41841.00
41814.00
41821.00
41826.00
41869.00
41858.00
41830.00
41792.00
41828.00
41894.00
41898.00
41850.00
41837.00
41841.00
41883.00
41905.00
41858.00
41823.00
41847.00
41884.00
41882.00
41865.00
41821.00
41852.00
41911.00
41925.00
41883.00
41839.00
41860.00
41904.00
41915.00
41869.00
41855.00
41836.00
41862.00
41891.00
41864.00
41830.00
41813.00
41858.00
41885.00
41869.00
41821.00
41801.00
41855.00
41885.00
41879.00
41858.00
41831.00
41846.00
41892.00
41899.00
41863.00
41838.00
41858.00
41905.00
41886.00
41888.00
41841.00
41871.00
41910.00
41913.00
41878.00
41868.00
41865.00
41914.00
41907.00
41904.00
41877.00
41905.00
41946.00
41970.00
41945.00
41903.00
41926.00
41956.00
41976.00
41956.00
41923.00
41946.00
41980.00
42013.00
41988.00
41918.00
41928.00
41957.00
41982.00
41970.00
41921.00
41910.00
41941.00
41973.00
41962.00
41914.00
41898.00
41929.00
41977.00
41971.00
41930.00
41912.00
41941.00
42008.00
42000.00
41986.00
41962.00
41981.00
42049.00
42064.00
42030.00
42020.00
42071.00
42117.00
42126.00
42127.00
42094.00
42129.00
42192.00
42210.00
42217.00
42185.00
42225.00
42265.00
42320.00
42321.00
42297.00
42348.00
42400.00
42443.00
42446.00
42420.00
42447.00
42516.00
42572.00
42607.00
42604.00
42608.00
42674.00
42754.00
42768.00
42759.00
42803.00
42880.00
42961.00
42981.00
43001.00
43040.00
43120.00
43226.00
43288.00
43317.00
43358.00
43473.00
43605.00
43677.00
43735.00
43773.00
43891.00
44025.00
44147.00
44216.00
44284.00
44417.00
44589.00
44722.00
44825.00
44933.00
45107.00
45312.00
45505.00
45697.00
45874.00
46115.00
46376.00
46668.00
46882.00
47069.00
47288.00
47531.00
47754.00
47891.00
48008.00
48159.00
48316.00
48501.00
48610.00
48705.00
48813.00
48972.00
49138.00
49220.00
49295.00
49372.00
49501.00
49629.00
49709.00
49740.00
49778.00
49890.00
49999.00
50088.00
50126.00
50184.00
50281.00
50385.00
50479.00
50519.00
50550.00
50649.00
50765.00
50847.00
50898.00
50943.00
50992.00
51042.00
51129.00
51116.00
51087.00
51122.00
51187.00
51237.00
51220.00
51171.00
51192.00
51207.00
51243.00
51227.00
51186.00
51173.00
51197.00
51224.00
51230.00
51191.00
51169.00
51213.00
51264.00
51259.00
51227.00
51195.00
51222.00
51262.00
51252.00
51220.00
51186.00
51194.00
51231.00
51222.00
51172.00
51131.00
51131.00
51150.00
51127.00
51069.00
50999.00
50975.00
50963.00
50954.00
50859.00
50781.00
50736.00
50716.00
50661.00
50568.00
50451.00
50367.00
50301.00
50248.00
50135.00
49998.00
49917.00
49848.00
49790.00
49684.00
49561.00
49464.00
49407.00
49336.00
49203.00
49044.00
48948.00
48866.00
48817.00
48685.00
48509.00
48344.00
48220.00
48143.00
47999.00
47822.00
47625.00
47481.00
47383.00
47281.00
47114.00
46931.00
46759.00
46598.00
46432.00
46222.00
46017.00
45846.00
45711.00
45523.00
45318.00
45101.00
44974.00
44902.00
44796.00
44640.00
44456.00
44365.00
44289.00
44215.00
44072.00
43912.00
43796.00
43746.00
43707.00
43602.00
43427.00
43359.00
43294.00
43270.00
43203.00
43093.00
42989.00
42941.00
42916.00
42852.00
42758.00
42683.00
42608.00
42626.00
42540.00
42453.00
42374.00
42367.00
42364.00
42311.00
42233.00
42151.00
42161.00
42171.00
42161.00
42115.00
42049.00
42026.00
42051.00
42069.00
42001.00
41965.00
41944.00
41986.00
41986.00
41968.00
41910.00
41908.00
41947.00
41976.00
41947.00
41903.00
41907.00
41921.00
41971.00
41949.00
41928.00
41884.00
41943.00
41968.00
41947.00
41924.00
41911.00
41937.00
41954.00
41952.00
41931.00
41886.00
41921.00
41966.00
41973.00
41936.00
41898.00
41913.00
41967.00
41962.00
41941.00
41919.00
41955.00
42005.00
42045.00
42005.00
41986.00
42022.00
42091.00
42123.00
42123.00
42098.00
42156.00
42205.00
42266.00
42268.00
42262.00
42288.00
42388.00
42479.00
42513.00
42519.00
42581.00
42687.00
42785.00
42854.00
42866.00
42913.00
43044.00
43161.00
43254.00
43291.00
43361.00
43513.00
43671.00
43804.00
43881.00
44020.00
44176.00
44354.00
44512.00
44620.00
44743.00
44905.00
45135.00
45304.00
45442.00
45591.00
45791.00
46030.00
46289.00
46514.00
46724.00
46980.00
47234.00
47484.00
47679.00
47862.00
48082.00
48344.00
48559.00
48725.00
48841.00
48991.00
49176.00
49371.00
49493.00
49612.00
49723.00
49886.00
50045.00
50133.00
50190.00
50281.00
50418.00
50545.00
50610.00
50636.00
50670.00
50758.00
50863.00
50932.00
50937.00
50992.00
51070.00
51184.00
51222.00
51228.00
51178.00
51170.00
51238.00
51251.00
51255.00
51254.00
51347.00
51436.00
51478.00
51460.00
51457.00
51493.00
51549.00
51537.00
51524.00
51467.00
51465.00
51497.00
51502.00
51452.00
51373.00
51341.00
51341.00
51355.00
51293.00
51197.00
51128.00
51092.00
51048.00
50939.00
50813.00
50690.00
50595.00
50527.00
50380.00
50212.00
50071.00
49942.00
49818.00
49661.00
49487.00
49299.00
49163.00
49024.00
48840.00
48633.00
48445.00
48295.00
48157.00
47932.00
47684.00
47492.00
47336.00
47203.00
47016.00
46746.00
46474.00
46283.00
46116.00
45922.00
45682.00
45440.00
45256.00
45170.00
45059.00
44884.00
44713.00
44583.00
44502.00
44449.00
44320.00
44162.00
44024.00
43969.00
43886.00
43775.00
43637.00
43530.00
43470.00
43428.00
43319.00
43204.00
43106.00
43071.00
43047.00
42950.00
42862.00
42769.00
42756.00
42759.00
42699.00
42612.00
42545.00
42542.00
42550.00
42507.00
42421.00
42354.00
42340.00
42361.00
42354.00
42294.00
42229.00
42225.00
42250.00
42231.00
42181.00
42112.00
42082.00
42110.00
42138.00
42073.00
42000.00
41995.00
42038.00
42066.00
42053.00
41995.00
41976.00
42033.00
42087.00
42056.00
42002.00
41996.00
42030.00
42068.00
42038.00
42019.00
41984.00
42020.00
42062.00
42061.00
41998.00
41981.00
41997.00
42056.00
42041.00
41994.00
41960.00
41989.00
42052.00
42057.00
42017.00
42004.00
42035.00
42099.00
42119.00
42113.00
42096.00
42121.00
42190.00
42207.00
42207.00
42203.00
42260.00
42336.00
42390.00
42413.00
42439.00
42530.00
42641.00
42762.00
42823.00
42877.00
42989.00
43137.00
43281.00
43355.00
43441.00
43597.00
43774.00
43967.00
44115.00
44267.00
44414.00
44626.00
44841.00
45003.00
45144.00
45316.00
45561.00
45836.00
46082.00
46298.00
46550.00
46873.00
47242.00
47535.00
47781.00
48019.00
48261.00
48539.00
48746.00
48943.00
49135.00
49317.00
49550.00
49720.00
49858.00
49973.00
50132.00
50269.00
50392.00
50468.00
50528.00
50637.00
50768.00
50887.00
50949.00
50972.00
51044.00
51172.00
51279.00
51351.00
51384.00
51425.00
51512.00
51620.00
51659.00
51666.00
51706.00
51769.00
51844.00
51867.00
51837.00
51824.00
51860.00
51911.00
51893.00
51875.00
51861.00
51878.00
51928.00
51935.00
51907.00
51886.00
51910.00
51942.00
51939.00
51901.00
51880.00
51897.00
51937.00
51935.00
51866.00
51795.00
51734.00
51691.00
51632.00
51512.00
51355.00
51206.00
51057.00
50903.00
50679.00
50412.00
50158.00
49937.00
49693.00
49421.00
49120.00
48862.00
48624.00
48406.00
48140.00
47861.00
47632.00
47406.00
47152.00
46877.00
46565.00
46325.00
46098.00
45858.00
45555.00
45269.00
45058.00
44869.00
44724.00
44533.00
44307.00
44095.00
43973.00
43874.00
43751.00
43566.00
43402.00
43281.00
43228.00
43159.00
43041.00
42895.00
42843.00
42800.00
42766.00
42690.00
42602.00
42593.00
42571.00
42564.00
42494.00
42415.00
42395.00
42407.00
42421.00
42356.00
42308.00
42288.00
42295.00
42340.00
42296.00
42248.00
42220.00
42250.00
42276.00
42260.00
42182.00
42180.00
42202.00
42246.00
42237.00
42198.00
42154.00
42194.00
42250.00
42229.00
42189.00
42176.00
42202.00
42234.00
42240.00
42208.00
42155.00
42194.00
42253.00
42262.00
42238.00
42225.00
42262.00
42343.00
42407.00
42447.00
42493.00
42550.00
42692.00
42832.00
42890.00
42983.00
43105.00
43278.00
43443.00
43576.00
43695.00
43864.00
44119.00
44379.00
44560.00
44735.00
44930.00
45170.00
45440.00
45645.00
45863.00
46102.00
46402.00
46712.00
47016.00
47273.00
47542.00
47835.00
48150.00
48381.00
48611.00
48854.00
49142.00
49428.00
49661.00
49843.00
50033.00
50221.00
50441.00
50636.00
50791.00
50879.00
51007.00
51143.00
51256.00
51318.00
51385.00
51473.00
51585.00
51670.00
51683.00
51712.00
51753.00
51805.00
51838.00
51804.00
51786.00
51755.00
51795.00
51801.00
51766.00
51723.00
51713.00
51732.00
51741.00
51730.00
51694.00
51681.00
51728.00
51770.00
51728.00
51680.00
51660.00
51691.00
51729.00
51716.00
51686.00
51652.00
51668.00
51692.00
51644.00
51585.00
51523.00
51498.00
51468.00
51370.00
51254.00
51136.00
51045.00
50961.00
50823.00
50673.00
50487.00
50361.00
50242.00
50084.00
49863.00
49653.00
49474.00
49338.00
49191.00
48987.00
48765.00
48584.00
48401.00
48237.00
48009.00
47782.00
47595.00
47452.00
47280.00
47052.00
46810.00
46617.00
46471.00
46309.00
46103.00
45872.00
45664.00
45521.00
45362.00
45187.00
45010.00
44864.00
44761.00
44684.00
44548.00
44390.00
44268.00
44194.00
44149.00
44029.00
43906.00
43776.00
43709.00
43670.00
43627.00
43502.00
43408.00
43347.00
43303.00
43233.00
43140.00
43030.00
42992.00
42976.00
42917.00
42817.00
42741.00
42696.00
42691.00
42675.00
42601.00
42529.00
42524.00
42526.00
42527.00
42458.00
42407.00
42389.00
42406.00
42434.00
42422.00
42355.00
42322.00
42356.00
42374.00
42367.00
42322.00
42327.00
42344.00
42402.00
42377.00
42344.00
42344.00
42359.00
42387.00
42410.00
42386.00
42394.00
42402.00
42462.00
42476.00
42451.00
42428.00
42481.00
42533.00
42549.00
42546.00
42539.00
42582.00
42660.00
42719.00
42720.00
42734.00
42806.00
42905.00
42989.00
43064.00
43096.00
43203.00
43349.00
43449.00
43540.00
43599.00
43721.00
43881.00
44046.00
44196.00
44324.00
44508.00
44725.00
44940.00
45128.00
45325.00
45555.00
45833.00
46140.00
46424.00
46668.00
46945.00
47243.00
47536.00
47743.00
47932.00
48167.00
48416.00
48700.00
48895.00
49067.00
49252.00
49431.00
49657.00
49825.00
49965.00
50115.00
50287.00
50450.00
50596.00
50703.00
50805.00
50921.00
51051.00
51173.00
51252.00
51272.00
51314.00
51391.00
51456.00
51458.00
51442.00
51482.00
51513.00
51532.00
51526.00
51486.00
51486.00
51502.00
51508.00
51472.00
51408.00
51371.00
51372.00
51364.00
51328.00
51289.00
51284.00
51316.00
51338.00
51320.00
51294.00
51277.00
51321.00
51358.00
51357.00
51325.00
51321.00
51349.00
51405.00
51420.00
51398.00
51391.00
51405.00
51440.00
51434.00
51402.00
51349.00
51330.00
51319.00
51273.00
51186.00
51082.00
51003.00
50934.00
50811.00
50620.00
50433.00
50272.00
50160.00
49979.00
49751.00
49470.00
49243.00
49071.00
48902.00
48637.00
48386.00
48132.00
47941.00
47779.00
47557.00
47317.00
47085.00
46878.00
46694.00
46413.00
46100.00
45810.00
45588.00
45404.00
45154.00
44936.00
44749.00
44611.00
44534.00
44395.00
44213.00
44057.00
43940.00
43848.00
43749.00
43594.00
43447.00
43371.00
43310.00
43216.00
43114.00
42993.00
42943.00
42891.00
42844.00
42778.00
42701.00
42669.00
42675.00
42652.00
42598.00
42547.00
42527.00
42545.00
42552.00
42523.00
42481.00
42473.00
42520.00
42537.00
42530.00
42494.00
42495.00
42523.00
42542.00
42512.00
42457.00
42424.00
42470.00
42497.00
42463.00
42423.00
42405.00
42435.00
42461.00
42458.00
42432.00
42420.00
42474.00
42509.00
42535.00
42533.00
42531.00
42578.00
42691.00
42732.00
42759.00
42782.00
42864.00
43001.00
43087.00
43148.00
43253.00
43379.00
43533.00
43670.00
43763.00
43882.00
44083.00
44328.00
44536.00
44716.00
44904.00
45151.00
45424.00
45696.00
45963.00
46239.00
46533.00
46879.00
47189.00
47435.00
47624.00
47830.00
48097.00
48364.00
48571.00
48753.00
48972.00
49227.00
49514.00
49704.00
49854.00
50035.00
50202.00
50371.00
50486.00
50562.00
50650.00
50795.00
50910.00
50982.00
51000.00
51045.00
51127.00
51206.00
51242.00
51235.00
51256.00
51294.00
51356.00
51394.00
51368.00
51369.00
51382.00
51450.00
51461.00
51433.00
51389.00
51412.00
51449.00
51453.00
51440.00
51396.00
51396.00
51435.00
51437.00
51391.00
51353.00
51318.00
51326.00
51314.00
51268.00
51207.00
51155.00
51148.00
51114.00
51023.00
50879.00
50765.00
50665.00
50555.00
50381.00
50163.00
49945.00
49747.00
49517.00
49221.00
48898.00
48629.00
48435.00
48244.00
48015.00
47740.00
47501.00
47291.00
47084.00
46837.00
46554.00
46326.00
46120.00
45930.00
45722.00
45446.00
45233.00
45043.00
44907.00
44750.00
44568.00
44398.00
44265.00
44158.00
44022.00
43890.00
43727.00
43639.00
43553.00
43473.00
43349.00
43225.00
43148.00
43088.00
43043.00
42939.00
42853.00
42774.00
42763.00
42755.00
42706.00
42628.00
42609.00
42622.00
42636.00
42607.00
42555.00
42516.00
42564.00
42580.00
42566.00
42520.00
42500.00
42508.00
42521.00
42516.00
42454.00
42415.00
42426.00
42458.00
42444.00
42379.00
42356.00
42375.00
42431.00
42416.00
42389.00
42377.00
42417.00
42496.00
42543.00
42557.00
42548.00
42631.00
42734.00
42819.00
42852.00
42915.00
43022.00
43164.00
43300.00
43421.00
43535.00
43696.00
43899.00
44100.00
44295.00
44516.00
44734.00
45029.00
45319.00
45560.00
45822.00
46148.00
46496.00
46837.00
47138.00
47357.00
47602.00
47897.00
48212.00
48470.00
48726.00
49050.00
49406.00
49736.00
49953.00
50104.00
50287.00
50506.00
50708.00
50832.00
50933.00
51001.00
51108.00
51189.00
51240.00
51248.00
51231.00
51267.00
51351.00
51353.00
51327.00
51305.00
51320.00
51371.00
51385.00
51362.00
51344.00
51352.00
51401.00
51418.00
51388.00
51367.00
51365.00
51421.00
51424.00
51416.00
51367.00
51376.00
51417.00
51433.00
51416.00
51381.00
51390.00
51408.00
51409.00
51385.00
51335.00
51296.00
51288.00
51257.00
51175.00
51060.00
50943.00
50850.00
50742.00
50544.00
50300.00
50082.00
49895.00
49691.00
49409.00
49082.00
48770.00
48551.00
48340.00
48045.00
47729.00
47476.00
47252.00
47065.00
46798.00
46506.00
46216.00
45969.00
45813.00
45598.00
45356.00
45129.00
44955.00
44856.00
44721.00
44562.00
44395.00
44255.00
44187.00
44074.00
43951.00
43785.00
43695.00
43632.00
43536.00
43410.00
43276.00
43220.00
43160.00
43110.00
43011.00
42932.00
42879.00
42874.00
42857.00
42795.00
42715.00
42669.00
42661.00
42642.00
42610.00
42546.00
42521.00
42528.00
42574.00
42529.00
42472.00
42441.00
42466.00
42493.00
42467.00
42424.00
42387.00
42396.00
42437.00
42442.00
42387.00
42375.00
42376.00
42434.00
42419.00
42395.00
42355.00
42372.00
42417.00
42409.00
42396.00
42358.00
42404.00
42461.00
42482.00
42463.00
42466.00
42492.00
42545.00
42592.00
42629.00
42630.00
42673.00
42783.00
42902.00
42953.00
43018.00
43128.00
43261.00
43401.00
43507.00
43603.00
43752.00
43931.00
44166.00
44347.00
44514.00
44711.00
44972.00
45256.00
45522.00
45769.00
46075.00
46437.00
46792.00
47092.00
47324.00
47611.00
47924.00
48274.00
48570.00
48850.00
49182.00
49587.00
49977.00
50286.00
50521.00
50728.00
50951.00
51197.00
51340.00
51406.00
51458.00
51540.00
51625.00
51649.00
51654.00
51658.00
51698.00
51740.00
51753.00
51735.00
51692.00
51673.00
51709.00
51697.00
51664.00
51593.00
51585.00
51603.00
51618.00
51580.00
51548.00
51544.00
51590.00
51623.00
51604.00
51571.00
51575.00
51600.00
51625.00
51609.00
51564.00
51553.00
51577.00
51585.00
51522.00
51440.00
51354.00
51298.00
51251.00
51104.00
50955.00
50786.00
50632.00
50427.00
50158.00
49839.00
49553.00
49297.00
49063.00
48765.00
48425.00
48110.00
47885.00
47718.00
47461.00
47133.00
46841.00
46611.00
46459.00
46264.00
46002.00
45792.00
45626.00
45488.00
45289.00
45063.00
44895.00
44778.00
44685.00
44556.00
44392.00
44234.00
44129.00
44031.00
43921.00
43799.00
43652.00
43553.00
43482.00
43429.00
43311.00
43200.00
43109.00
43080.00
43044.00
42966.00
42860.00
42838.00
42827.00
42805.00
42758.00
42673.00
42654.00
42658.00
42649.00
42621.00
42565.00
42535.00
42539.00
42562.00
42535.00
42501.00
42486.00
42506.00
42529.00
42504.00
42479.00
42459.00
42466.00
42514.00
42506.00
42470.00
42410.00
42433.00
42475.00
42450.00
42428.00
42405.00
42435.00
42482.00
42497.00
42499.00
42493.00
42535.00
42577.00
42611.00
42603.00
42578.00
42617.00
42699.00
42752.00
42808.00
42850.00
42949.00
43102.00
43258.00
43355.00
43467.00
43642.00
43833.00
44000.00
44185.00
44369.00
44605.00
44879.00
45173.00
45422.00
45695.00
46050.00
46435.00
46812.00
47115.00
47390.00
47662.00
47983.00
48328.00
48638.00
48898.00
49152.00
49437.00
49721.00
49967.00
50217.00
50446.00
50726.00
50994.00
51166.00
51298.00
51416.00
51507.00
51604.00
51668.00
51706.00
51737.00
51791.00
51836.00
51856.00
51839.00
51837.00
51862.00
51884.00
51888.00
51843.00
51817.00
51845.00
51882.00
51899.00
51864.00
51836.00
51834.00
51867.00
51882.00
51843.00
51784.00
51785.00
51806.00
51795.00
51737.00
51690.00
51661.00
51665.00
51653.00
51576.00
51468.00
51387.00
51315.00
51225.00
51061.00
50869.00
50682.00
50529.00
50337.00
50096.00
49799.00
49525.00
49273.00
49039.00
48752.00
48418.00
48102.00
47855.00
47668.00
47411.00
47113.00
46825.00
46621.00
46391.00
46141.00
45872.00
45641.00
45427.00
45272.00
45045.00
44818.00
44628.00
44487.00
44391.00
44261.00
44102.00
43932.00
43818.00
43738.00
43654.00
43506.00
43374.00
43307.00
43269.00
43212.00
43103.00
42996.00
42949.00
42955.00
42919.00
42840.00
42772.00
42730.00
42744.00
42744.00
42687.00
42614.00
42612.00
42626.00
42632.00
42613.00
42549.00
42534.00
42554.00
42580.00
42547.00
42487.00
42468.00
42479.00
42508.00
42470.00
42430.00
42413.00
42446.00
42482.00
42463.00
42407.00
42417.00
42438.00
42482.00
42478.00
42415.00
42416.00
42429.00
42483.00
42511.00
42485.00
42449.00
42515.00
42563.00
42588.00
42565.00
42578.00
42643.00
42730.00
42789.00
42808.00
42861.00
42953.00
43079.00
43186.00
43250.00
43315.00
43446.00
43605.00
43744.00
43840.00
43960.00
44131.00
44362.00
44556.00
44724.00
44894.00
45130.00
45399.00
45666.00
45899.00
46179.00
46510.00
46868.00
47226.00
47521.00
47768.00
48061.00
48441.00
48854.00
49237.00
49562.00
49877.00
50207.00
50526.00
50814.00
51041.00
51263.00
51465.00
51593.00
51677.00
51735.00
51777.00
51857.00
51920.00
51929.00
51909.00
51909.00
51920.00
51964.00
51931.00
51868.00
51825.00
51816.00
51845.00
51824.00
51769.00
51709.00
51708.00
51748.00
51748.00
51709.00
51680.00
51701.00
51726.00
51733.00
51693.00
51648.00
51622.00
51650.00
51640.00
51601.00
51541.00
51542.00
51550.00
51505.00
51427.00
51326.00
51260.00
51228.00
51141.00
51002.00
50873.00
50765.00
50691.00
50576.00
50407.00
50210.00
50029.00
49894.00
49719.00
49519.00
49253.00
49036.00
48843.00
48648.00
48387.00
48131.00
47917.00
47762.00
47596.00
47374.00
47145.00
46944.00
46822.00
46700.00
46518.00
46305.00
46069.00
45907.00
45771.00
45578.00
45410.00
45248.00
45130.00
45030.00
44888.00
44722.00
44599.00
44525.00
44470.00
44370.00
44240.00
44132.00
44043.00
44025.00
43958.00
43857.00
43737.00
43680.00
43679.00
43629.00
43567.00
43471.00
43432.00
43433.00
43414.00
43362.00
43304.00
43294.00
43314.00
43321.00
43298.00
43258.00
43242.00
43290.00
43320.00
43282.00
43251.00
43239.00
43281.00
43288.00
43286.00
43239.00
43229.00
43263.00
43296.00
43267.00
43221.00
43206.00
43241.00
43261.00
43216.00
43186.00
43143.00
43170.00
43190.00
43174.00
43107.00
43075.00
43111.00
43140.00
43097.00
43042.00
43001.00
43037.00
43069.00
43039.00
42985.00
42989.00
43008.00
43042.00
43038.00
42990.00
42961.00
42973.00
43030.00
43044.00
43035.00
42994.00
43033.00
43090.00
43119.00
43091.00
43089.00
43110.00
43185.00
43180.00
43183.00
43154.00
43179.00
43230.00
43271.00
43244.00
43198.00
43240.00
43256.00
43288.00
43243.00
43216.00
43182.00
43193.00
43208.00
43152.00
43064.00
43036.00
43015.00
42995.00
42944.00
42861.00
42803.00
42799.00
42791.00
42722.00
42645.00
42601.00
42612.00
42619.00
42583.00
42518.00
42506.00
42517.00
42566.00
42547.00
42486.00
42458.00
42507.00
42532.00
42519.00
42468.00
42433.00
42467.00
42501.00
42504.00
42455.00
42425.00
42432.00
42461.00
42477.00
42437.00
42394.00
42416.00
42440.00
42459.00
42425.00
42384.00
42381.00
42408.00
42431.00
42406.00
42376.00
42348.00
42426.00
42427.00
42385.00
42355.00
42341.00
42368.00
42389.00
42352.00
42325.00
42309.00
42333.00
42361.00
42352.00
42330.00
42326.00
42370.00
42396.00
42391.00
42344.00
42359.00
42383.00
42424.00
42403.00
42397.00
42362.00
42392.00
42421.00
42424.00
42390.00
42372.00
42401.00
42427.00
42443.00
42409.00
42359.00
42393.00
42419.00
42413.00
42405.00
42368.00
42373.00
42408.00
42417.00
42398.00
42362.00
42377.00
42412.00
42408.00
42389.00
42358.00
42355.00
42397.00
42413.00
42409.00
42361.00
42355.00
42395.00
42401.00
42389.00
42331.00
42329.00
42358.00
42391.00
42381.00
42333.00
42337.00
42353.00
42378.00
42373.00
42353.00
42327.00
42345.00
42385.00
42373.00
42330.00
42326.00
42320.00
42374.00
42373.00
42329.00
42314.00
42342.00
42376.00
42367.00
42320.00
42284.00
42305.00
42331.00
42343.00
42304.00
42273.00
42281.00
42325.00
42311.00
42285.00
42252.00
42269.00
42295.00
42319.00
42285.00
42250.00
42246.00
42290.00
42301.00
42281.00
42240.00
42240.00
42287.00
42302.00
42276.00
42257.00
42245.00
42279.00
42310.00
42287.00
42263.00
42252.00
42298.00
42307.00
42280.00
42254.00
42238.00
42276.00
42303.00
42295.00
42253.00
42257.00
42267.00
42307.00
42304.00
42250.00
42222.00
42243.00
42303.00
42275.00
42249.00
42220.00
42249.00
42296.00
42271.00
42250.00
42213.00
42245.00
42286.00
42280.00
42267.00
42226.00
42231.00
42267.00
42287.00
42244.00
42203.00
42215.00
42264.00
42272.00
42240.00
42219.00
42202.00
42254.00
42278.00
42263.00
42210.00
42220.00
42236.00
42287.00
42246.00
42225.00
42219.00
42248.00
42290.00
42291.00
42246.00
42239.00
42272.00
42306.00
42305.00
42276.00
42254.00
42289.00
42323.00
42320.00
42296.00
42272.00
42304.00
42344.00
42329.00
42298.00
42273.00
42297.00
42333.00
42346.00
42312.00
42281.00
42317.00
42335.00
42343.00
42316.00
42301.00
42295.00
42344.00
42343.00
42356.00
42307.00
42311.00
42353.00
42376.00
42354.00
42331.00
42327.00
42340.00
42385.00
42355.00
42322.00
42321.00
42353.00
42386.00
42374.00
42327.00
42318.00
42355.00
42392.00
42382.00
42358.00
42338.00
42362.00
42406.00
42391.00
42351.00
42351.00
42354.00
42407.00
42391.00
42360.00
42341.00
42345.00
42398.00
42413.00
42370.00
42338.00
42353.00
42384.00
42388.00
42363.00
42339.00
42358.00
42391.00
42407.00
42372.00
42359.00
42357.00
42398.00
42421.00
42397.00
42362.00
42366.00
42376.00
42410.00
42368.00
42328.00
42338.00
42372.00
42393.00
42345.00
42313.00
42299.00
42317.00
42333.00
42304.00
42247.00
42231.00
42250.00
42273.00
42261.00
42205.00
42217.00
42202.00
42241.00
42230.00
42194.00
42188.00
42186.00
42211.00
42224.00
42181.00
42159.00
42164.00
42228.00
42221.00
42171.00
42128.00
42143.00
42184.00
42191.00
42159.00
42120.00
42125.00
42171.00
42189.00
42157.00
42132.00
42133.00
42198.00
42231.00
42201.00
42154.00
42154.00
42196.00
42233.00
42227.00
42177.00
42174.00
42198.00
42248.00
42228.00
42181.00
42162.00
42196.00
42243.00
42244.00
42176.00
42170.00
42192.00
42259.00
42222.00
42190.00
42145.00
42162.00
42219.00
42222.00
42165.00
42137.00
42150.00
42207.00
42177.00
42179.00
42129.00
42149.00
42198.00
42217.00
42180.00
42148.00
42152.00
42208.00
42213.00
42180.00
42121.00
42116.00
42162.00
42213.00
42188.00
42117.00
42112.00
42160.00
42180.00
42176.00
42121.00
42119.00
42168.00
42191.00
42203.00
42146.00
42148.00
42175.00
42239.00
42229.00
42189.00
42161.00
42196.00
42243.00
42234.00
42198.00
42164.00
42185.00
42235.00
42244.00
42208.00
42175.00
42185.00
42224.00
42231.00
42191.00
42145.00
42156.00
42206.00
42218.00
42192.00
42140.00
42154.00
42199.00
42217.00
42195.00
42140.00
42134.00
42183.00
42199.00
42195.00
42133.00
42140.00
42181.00
42223.00
42193.00
42153.00
42148.00
42172.00
42209.00
42198.00
42135.00
42139.00
42162.00
42215.00
42211.00
42182.00
42158.00
42182.00
42221.00
42235.00
42196.00
42180.00
42179.00
42230.00
42227.00
42185.00
42164.00
42165.00
42228.00
42241.00
42206.00
42174.00
42169.00
42216.00
42249.00
42216.00
42168.00
42170.00
42213.00
42240.00
42211.00
42154.00
42152.00
42184.00
42217.00
42191.00
42164.00
42147.00
42168.00
42217.00
42201.00
42143.00
42137.00
42158.00
42209.00
42191.00
42166.00
42134.00
42157.00
42204.00
42188.00
42155.00
42130.00
42147.00
42213.00
42206.00
42161.00
42138.00
42149.00
42196.00
42201.00
42178.00
42128.00
42155.00
42190.00
42204.00
42179.00
42154.00
42145.00
42172.00
42204.00
42174.00
42128.00
42124.00
42162.00
42190.00
42174.00
42129.00
42133.00
42162.00
42211.00
42186.00
42125.00
42095.00
42140.00
42183.00
42185.00
42123.00
42135.00
42154.00
42199.00
42206.00
42166.00
42134.00
42151.00
42182.00
42196.00
42151.00
42123.00
42155.00
42197.00
42188.00
42169.00
42118.00
42146.00
42180.00
42191.00
42152.00
42124.00
42126.00
42174.00
42186.00
42157.00
42123.00
42120.00
42165.00
42195.00
42179.00
42128.00
42122.00
42143.00
42189.00
42164.00
42117.00
42120.00
42164.00
42201.00
42168.00
42128.00
42107.00
42148.00
42181.00
42169.00
42126.00
42126.00
42140.00
42183.00
42163.00
42144.00
42099.00
42107.00
42152.00
42164.00
42136.00
42098.00
42114.00
42171.00
42158.00
42142.00
42089.00
42108.00
42155.00
42171.00
42119.00
42101.00
42107.00
42141.00
42177.00
42131.00
42097.00
42079.00
42143.00
42165.00
42153.00
42119.00
42100.00
42132.00
42154.00
42143.00
42103.00
42088.00
42109.00
42159.00
42154.00
42102.00
42088.00
42109.00
42166.00
42161.00
42114.00
42078.00
42095.00
42145.00
42153.00
42129.00
42092.00
42106.00
42156.00
42149.00
42130.00
42102.00
42103.00
42146.00
42161.00
42162.00
42102.00
42105.00
42148.00
42159.00
42140.00
42090.00
42081.00
42124.00
42172.00
42142.00
42089.00
42113.00
42119.00
42170.00
42140.00
42114.00
42107.00
42121.00
42172.00
42153.00
42111.00
42090.00
42134.00
42169.00
42179.00
42117.00
42115.00
42116.00
42175.00
42170.00
42129.00
42107.00
42122.00
42182.00
42173.00
42149.00
42084.00
42104.00
42167.00
42176.00
42138.00
42109.00
42120.00
42143.00
42190.00
42162.00
42109.00
42105.00
42134.00
42167.00
42138.00
42098.00
42099.00
42135.00
42159.00
42156.00
42114.00
42095.00
42127.00
42172.00
42138.00
42118.00
42089.00
42114.00
42181.00
42171.00
42126.00
42104.00
42110.00
42155.00
42173.00
42136.00
42112.00
42115.00
42176.00
42180.00
42161.00
42109.00
42113.00
42172.00
42174.00
42154.00
42103.00
42110.00
42158.00
42168.00
42142.00
42119.00
42111.00
42136.00
42174.00
42150.00
42091.00
42080.00
42113.00
42128.00
42128.00
42083.00
42077.00
42102.00
42138.00
42134.00
42080.00
42047.00
42085.00
42122.00
42132.00
42094.00
42086.00
42105.00
42163.00
42172.00
42110.00
42094.00
42105.00
42159.00
42177.00
42133.00
42108.00
42121.00
42166.00
42170.00
42149.00
42101.00
42111.00
42154.00
42160.00
42129.00
42075.00
42079.00
42116.00
42138.00
42120.00
42066.00
42050.00
42096.00
42145.00
42122.00
42086.00
42070.00
42096.00
42117.00
42120.00
42086.00
42069.00
42103.00
42133.00
42133.00
42102.00
42080.00
42112.00
42133.00
42153.00
42115.00
42100.00
42112.00
42153.00
42161.00
42114.00
42091.00
42095.00
42135.00
42146.00
42122.00
42082.00
42084.00
42141.00
42143.00
42102.00
42078.00
42071.00
42091.00
42135.00
42109.00
42062.00
42044.00
42080.00
42125.00
42088.00
42037.00
42042.00
42054.00
42095.00
42083.00
42072.00
42037.00
42055.00
42086.00
42096.00
42073.00
42032.00
42046.00
42090.00
42107.00
42066.00
42041.00
42057.00
42100.00
42095.00
42074.00
42037.00
42046.00
42110.00
42114.00
42091.00
42051.00
42055.00
42091.00
42120.00
42086.00
42041.00
42044.00
42068.00
42125.00
42067.00
42026.00
42024.00
42053.00
42103.00
42077.00
42035.00
42022.00
42086.00
42119.00
42105.00
42066.00
42009.00
42059.00
42122.00
42090.00
42049.00
42022.00
42052.00
42095.00
42092.00
42037.00
42004.00
42023.00
42077.00
42071.00
42041.00
41998.00
42008.00
42059.00
42057.00
42027.00
41978.00
42006.00
42042.00
42071.00
42041.00
41992.00
41974.00
42032.00
42077.00
42041.00
42006.00
41995.00
42048.00
42086.00
42059.00
41996.00
42005.00
42044.00
42101.00
42071.00
42021.00
41977.00
42010.00
42059.00
42077.00
42024.00
41994.00
42023.00
42098.00
42090.00
42031.00
41986.00
42012.00
42081.00
42099.00
42052.00
41993.00
42014.00
42060.00
42084.00
42032.00
41980.00
41988.00
42064.00
42085.00
42041.00
41972.00
41974.00
42035.00
42084.00
42040.00
41966.00
41961.00
42022.00
42098.00
42054.00
41983.00
41959.00
42020.00
42089.00
42067.00
41999.00
41967.00
42021.00
42089.00
42088.00
42009.00
41969.00
42008.00
42102.00
42080.00
42013.00
41970.00
41993.00
42065.00
42077.00
42014.00
41971.00
41998.00
42078.00
42089.00
42038.00
41976.00
41991.00
42073.00
42104.00
42059.00
41997.00
41997.00
42072.00
42107.00
42066.00
41979.00
41982.00
42046.00
42111.00
42070.00
41976.00
41956.00
42022.00
42106.00
42053.00
41985.00
41965.00
42004.00
42091.00
42081.00
42000.00
41964.00
42012.00
42092.00
42080.00
42020.00
41981.00
42018.00
42091.00
42094.00
42038.00
41998.00
42026.00
42063.00
42093.00
42051.00
41999.00
42022.00
42096.00
42098.00
42068.00
42010.00
42032.00
42070.00
42103.00
42076.00
42017.00
42023.00
42082.00
42110.00
42075.00
42035.00
42028.00
42074.00
42132.00
42090.00
42053.00
42025.00
42074.00
42103.00
42089.00
42047.00
42022.00
42049.00
42071.00
42074.00
42046.00
42036.00
42049.00
42095.00
42096.00
42065.00
42021.00
42045.00
42091.00
42091.00
42076.00
42044.00
42033.00
42099.00
42094.00
42086.00
42036.00
42025.00
42081.00
42110.00
42096.00
42065.00
42065.00
42088.00
42140.00
42115.00
42075.00
42065.00
42109.00
42144.00
42120.00
42107.00
42076.00
42098.00
42125.00
42119.00
42091.00
42073.00
42102.00
42142.00
42130.00
42111.00
42085.00
42093.00
42143.00
42153.00
42120.00
42081.00
42090.00
42135.00
42129.00
42119.00
42094.00
42089.00
42128.00
42133.00
42095.00
42093.00
42081.00
42125.00
42139.00
42112.00
42074.00
42090.00
42107.00
42150.00
42117.00
42086.00
42093.00
42114.00
42140.00
42119.00
42093.00
42096.00
42092.00
42134.00
42135.00
42079.00
42080.00
42091.00
42116.00
42135.00
42092.00
42056.00
42063.00
42121.00
42089.00
42071.00
42052.00
42054.00
42096.00
42076.00
42077.00
42042.00
42044.00
42085.00
42102.00
42082.00
42048.00
42040.00
42077.00
42108.00
42090.00
42050.00
42057.00
42106.00
42106.00
42083.00
42051.00
42043.00
42081.00
42106.00
42106.00
42070.00
42074.00
42105.00
42138.00
42146.00
42123.00
42124.00
42153.00
42218.00
42214.00
42185.00
42189.00
42228.00
42277.00
42291.00
42264.00
42264.00
42293.00
42367.00
42397.00
42369.00
42371.00
42397.00
42456.00
42494.00
42498.00
42480.00
42488.00
42540.00
42586.00
42575.00
42562.00
42589.00
42643.00
42673.00
42660.00
42624.00
42640.00
42672.00
42708.00
42720.00
42685.00
42704.00
42752.00
42805.00
42817.00
42807.00
42843.00
42860.00
42827.00
42819.00
42809.00
42812.00
42863.00
42908.00
42879.00
42842.00
42819.00
42832.00
42877.00
42880.00
42848.00
42822.00
42824.00
42870.00
42905.00
42846.00
42809.00
42846.00
42876.00
42899.00
42878.00
42845.00
42838.00
42881.00
42916.00
42905.00
42875.00
42861.00
42904.00
42930.00
42925.00
42898.00
42885.00
42929.00
42962.00
42933.00
42891.00
42866.00
42914.00
42939.00
42916.00
42885.00
42870.00
42883.00
42916.00
42916.00
42870.00
42836.00
42835.00
42872.00
42862.00
42805.00
42771.00
42769.00
42804.00
42808.00
42774.00
42723.00
42748.00
42773.00
42780.00
42739.00
42709.00
42715.00
42737.00
42749.00
42730.00
42685.00
42682.00
42716.00
42746.00
42697.00
42653.00
42642.00
42655.00
42689.00
42661.00
42620.00
42592.00
42625.00
42662.00
42620.00
42583.00
42549.00
42551.00
42592.00
42587.00
42529.00
42487.00
42510.00
42519.00
42518.00
42488.00
42432.00
42446.00
42477.00
42477.00
42434.00
42362.00
42384.00
42424.00
42414.00
42388.00
42337.00
42315.00
42350.00
42367.00
42333.00
42295.00
42278.00
42303.00
42323.00
42297.00
42247.00
42247.00
42269.00
42293.00
42276.00
42220.00
42194.00
42216.00
42256.00
42224.00
42177.00
42156.00
42176.00
42213.00
42201.00
42171.00
42147.00
42153.00
42209.00
42207.00
42178.00
42153.00
42153.00
42196.00
42194.00
42168.00
42135.00
42128.00
42171.00
42196.00
42154.00
42142.00
42147.00
42190.00
42195.00
42180.00
42139.00
42162.00
42193.00
42210.00
42202.00
42177.00
42195.00
42219.00
42249.00
42236.00
42191.00
42182.00
42207.00
42265.00
42245.00
42214.00
42197.00
42215.00
42250.00
42275.00
42237.00
42206.00
42235.00
42283.00
42255.00
42241.00
42207.00
42231.00
42276.00
42253.00
42250.00
42206.00
42214.00
42256.00
42265.00
42245.00
42197.00
42212.00
42248.00
42285.00
42273.00
42220.00
42236.00
42250.00
42282.00
42257.00
42246.00
42241.00
42292.00
42322.00
42298.00
42268.00
42270.00
42305.00
42331.00
42313.00
42275.00
42270.00
42277.00
42318.00
42313.00
42281.00
42251.00
42278.00
42292.00
42302.00
42259.00
42247.00
42257.00
42276.00
42276.00
42255.00
42213.00
42217.00
42252.00
42281.00
42241.00
42203.00
42196.00
42248.00
42263.00
42250.00
42219.00
42229.00
42257.00
42290.00
42274.00
42254.00
42253.00
42297.00
42327.00
42313.00
42308.00
42310.00
42360.00
42415.00
42410.00
42398.00
42400.00
42466.00
42536.00
42552.00
42561.00
42595.00
42643.00
42738.00
42789.00
42806.00
42843.00
42907.00
43020.00
43081.00
43128.00
43164.00
43252.00
43375.00
43473.00
43548.00
43625.00
43750.00
43922.00
44068.00
44203.00
44313.00
44481.00
44708.00
44893.00
45076.00
45256.00
45478.00
45723.00
45987.00
46230.00
46492.00
46766.00
47038.00
47302.00
47546.00
47755.00
47979.00
48187.00
48405.00
48598.00
48764.00
48921.00
49114.00
49292.00
49413.00
49524.00
49622.00
49716.00
49798.00
49864.00
49888.00
49919.00
50009.00
50098.00
50162.00
50179.00
50190.00
50263.00
50343.00
50369.00
50373.00
50379.00
50399.00
50462.00
50551.00
50560.00
50553.00
50547.00
50638.00
50681.00
50695.00
50690.00
50704.00
50725.00
50768.00
50761.00
50713.00
50698.00
50718.00
50735.00
50715.00
50658.00
50596.00
50593.00
50619.00
50588.00
50527.00
50468.00
50452.00
50428.00
50386.00
50333.00
50272.00
50217.00
50178.00
50103.00
50009.00
49903.00
49858.00
49818.00
49748.00
49648.00
49523.00
49433.00
49356.00
49276.00
49140.00
49008.00
48886.00
48785.00
48689.00
48535.00
48363.00
48187.00
48051.00
47916.00
47736.00
47549.00
47366.00
47203.00
47041.00
46870.00
46703.00
46553.00
46422.00
46288.00
46094.00
45920.00
45761.00
45626.00
45520.00
45365.00
45214.00
45080.00
45005.00
44923.00
44842.00
44702.00
44605.00
44518.00
44481.00
44421.00
44332.00
44254.00
44218.00
44223.00
44203.00
44149.00
44085.00
44053.00
44048.00
44057.00
44000.00
43951.00
43926.00
43940.00
43952.00
43916.00
43856.00
43817.00
43827.00
43861.00
43847.00
43794.00
43775.00
43798.00
43810.00
43788.00
43742.00
43719.00
43721.00
43760.00
43731.00
43700.00
43659.00
43688.00
43699.00
43697.00
43667.00
43630.00
43642.00
43666.00
43681.00
43634.00
43614.00
43613.00
43651.00
43658.00
43636.00
43591.00
43591.00
43629.00
43648.00
43626.00
43616.00
43636.00
43673.00
43718.00
43701.00
43670.00
43647.00
43687.00
43727.00
43732.00
43698.00
43696.00
43726.00
43779.00
43752.00
43699.00
43678.00
43689.00
43707.00
43691.00
43657.00
43638.00
43645.00
43657.00
43625.00
43602.00
43578.00
43594.00
43621.00
43612.00
43581.00
43535.00
43557.00
43610.00
43608.00
43575.00
43523.00
43519.00
43544.00
43541.00
43496.00
43457.00
43418.00
43453.00
43411.00
43392.00
43339.00
43324.00
43334.00
43332.00
43293.00
43263.00
43252.00
43277.00
43283.00
43242.00
43175.00
43134.00
43137.00
43150.00
43104.00
43042.00
42985.00
42977.00
42968.00
42933.00
42875.00
42832.00
42845.00
42874.00
42866.00
42801.00
42761.00
42764.00
42804.00
42769.00
42740.00
42684.00
42702.00
42728.00
42708.00
42671.00
42647.00
42636.00
42669.00
42686.00
42666.00
42633.00
42637.00
42694.00
42722.00
42716.00
42681.00
42719.00
42766.00
42820.00
42815.00
42806.00
42830.00
42916.00
42962.00
42976.00
42996.00
43025.00
43104.00
43187.00
43236.00
43258.00
43309.00
43407.00
43511.00
43574.00
43600.00
43666.00
43769.00
43896.00
43985.00
44067.00
44179.00
44324.00
44526.00
44679.00
44826.00
44976.00
45196.00
45447.00
45663.00
45865.00
46088.00
46353.00
46675.00
46963.00
47158.00
47300.00
47482.00
47718.00
47945.00
48149.00
48297.00
48436.00
48617.00
48785.00
48919.00
49073.00
49228.00
49399.00
49552.00
49628.00
49722.00
49878.00
50032.00
50183.00
50252.00
50304.00
50373.00
50460.00
50565.00
50613.00
50616.00
50618.00
50670.00
50745.00
50753.00
50773.00
50787.00
50854.00
50907.00
50925.00
50927.00
50953.00
51005.00
51064.00
51077.00
51038.00
51041.00
51048.00
51090.00
51092.00
51052.00
51035.00
51058.00
51087.00
51081.00
51038.00
51003.00
50989.00
51011.00
50966.00
50889.00
50803.00
50741.00
50690.00
50609.00
50476.00
50349.00
50234.00
50168.00
50068.00
49900.00
49747.00
49615.00
49498.00
49359.00
49153.00
48943.00
48751.00
48576.00
48415.00
48170.00
47932.00
47717.00
47540.00
47344.00
47105.00
46868.00
46638.00
46462.00
46278.00
46088.00
45877.00
45672.00
45507.00
45385.00
45248.00
45075.00
44906.00
44780.00
44674.00
44561.00
44421.00
44265.00
44165.00
44110.00
43998.00
43883.00
43763.00
43694.00
43664.00
43622.00
43507.00
43403.00
43320.00
43282.00
43243.00
43170.00
43060.00
42989.00
42979.00
42969.00
42929.00
42850.00
42794.00
42810.00
42821.00
42793.00
42717.00
42662.00
42671.00
42700.00
42656.00
42598.00
42573.00
42567.00
42586.00
42567.00
42524.00
42494.00
42497.00
42534.00
42526.00
42490.00
42445.00
42464.00
42503.00
42509.00
42469.00
42432.00
42454.00
42504.00
42521.00
42489.00
42447.00
42477.00
42512.00
42535.00
42492.00
42492.00
42497.00
42562.00
42586.00
42580.00
42550.00
42562.00
42631.00
42669.00
42664.00
42645.00
42666.00
42724.00
42816.00
42850.00
42837.00
42872.00
42944.00
43025.00
43084.00
43091.00
43131.00
43235.00
43340.00
43397.00
43447.00
43525.00
43625.00
43762.00
43848.00
43916.00
44012.00
44160.00
44362.00
44510.00
44647.00
44801.00
45010.00
45247.00
45455.00
45632.00
45833.00
46089.00
46386.00
46622.00
46843.00
47050.00
47295.00
47579.00
47826.00
48017.00
48211.00
48478.00
48761.00
49005.00
49165.00
49287.00
49455.00
49649.00
49834.00
49956.00
50052.00
50160.00
50281.00
50421.00
50523.00
50584.00
50649.00
50714.00
50805.00
50842.00
50854.00
50868.00
50928.00
51026.00
51052.00
51045.00
51027.00
51056.00
51120.00
51148.00
51158.00
51120.00
51140.00
51193.00
51208.00
51179.00
51152.00
51166.00
51209.00
51204.00
51154.00
51098.00
51095.00
51132.00
51129.00
51043.00
50990.00
50963.00
50956.00
50937.00
50842.00
50749.00
50690.00
50682.00
50674.00
50635.00
50537.00
50481.00
50452.00
50422.00
50343.00
50234.00
50126.00
50055.00
49978.00
49875.00
49706.00
49523.00
49412.00
49312.00
49153.00
48936.00
48734.00
48590.00
48455.00
48261.00
48011.00
47801.00
47627.00
47524.00
47352.00
47117.00
46890.00
46719.00
46606.00
46455.00
46257.00
46062.00
45906.00
45825.00
45689.00
45506.00
45326.00
45191.00
45104.00
45003.00
44867.00
44733.00
44609.00
44556.00
44465.00
44344.00
44229.00
44134.00
44067.00
44009.00
43906.00
43779.00
43693.00
43664.00
43617.00
43512.00
43398.00
43337.00
43316.00
43293.00
43210.00
43105.00
43061.00
43002.00
42994.00
42931.00
42863.00
42813.00
42808.00
42821.00
42778.00
42725.00
42699.00
42700.00
42730.00
42709.00
42661.00
42618.00
42632.00
42672.00
42658.00
42593.00
42572.00
42570.00
42614.00
42623.00
42582.00
42558.00
42565.00
42638.00
42640.00
42606.00
42569.00
42600.00
42654.00
42694.00
42656.00
42658.00
42671.00
42724.00
42772.00
42776.00
42751.00
42786.00
42855.00
42912.00
42947.00
42960.00
43020.00
43108.00
43207.00
43250.00
43278.00
43341.00
43446.00
43584.00
43660.00
43713.00
43799.00
43939.00
44125.00
44287.00
44427.00
44608.00
44839.00
45082.00
45319.00
45530.00
45774.00
46083.00
46401.00
46695.00
46933.00
47159.00
47410.00
47723.00
48021.00
48310.00
48544.00
48798.00
49037.00
49251.00
49423.00
49565.00
49724.00
49921.00
50082.00
50184.00
50263.00
50373.00
50533.00
50712.00
50849.00
50935.00
51021.00
51112.00
51193.00
51219.00
51244.00
51290.00
51341.00
51365.00
51362.00
51340.00
51343.00
51365.00
51385.00
51377.00
51384.00
51378.00
51394.00
51409.00
51406.00
51377.00
51345.00
51358.00
51395.00
51361.00
51325.00
51284.00
51277.00
51276.00
51246.00
51181.00
51107.00
51037.00
51001.00
50940.00
50818.00
50692.00
50575.00
50525.00
50444.00
50326.00
50174.00
50072.00
50008.00
49896.00
49752.00
49575.00
49467.00
49344.00
49186.00
48926.00
48719.00
48505.00
48335.00
48124.00
47865.00
47587.00
47362.00
47204.00
47026.00
46797.00
46521.00
46294.00
46154.00
45977.00
45793.00
45549.00
45360.00
45269.00
45203.00
45105.00
44973.00
44829.00
44757.00
44680.00
44561.00
44428.00
44325.00
44255.00
44183.00
44073.00
43945.00
43878.00
43831.00
43811.00
43725.00
43638.00
43558.00
43486.00
43487.00
43441.00
43382.00
43307.00
43284.00
43288.00
43239.00
43174.00
43111.00
43076.00
43099.00
43080.00
43023.00
42957.00
42934.00
42948.00
42972.00
42918.00
42864.00
42847.00
42890.00
42923.00
42885.00
42841.00
42844.00
42873.00
42905.00
42901.00
42847.00
42861.00
42889.00
42934.00
42928.00
42914.00
42921.00
42974.00
43045.00
43060.00
43032.00
43059.00
43132.00
43223.00
43254.00
43254.00
43285.00
43366.00
43464.00
43524.00
43544.00
43602.00
43673.00
43788.00
43856.00
43903.00
43940.00
44041.00
44198.00
44326.00
44398.00
44501.00
44652.00
44865.00
45039.00
45173.00
45297.00
45481.00
45701.00
45935.00
46122.00
46312.00
46553.00
46807.00
47045.00
47215.00
47394.00
47612.00
47829.00
48074.00
48211.00
48363.00
48505.00
48716.00
48943.00
49076.00
49184.00
49316.00
49508.00
49678.00
49830.00
49912.00
50031.00
50153.00
50273.00
50349.00
50397.00
50437.00
50512.00
50577.00
50622.00
50670.00
50706.00
50765.00
50821.00
50857.00
50861.00
50887.00
50919.00
50979.00
50988.00
50974.00
50983.00
51040.00
51100.00
51116.00
51106.00
51101.00
51092.00
51125.00
51144.00
51128.00
51089.00
51079.00
51138.00
51137.00
51116.00
51094.00
51088.00
51113.00
51131.00
51115.00
51062.00
51036.00
51040.00
51051.00
51012.00
50942.00
50880.00
50851.00
50840.00
50753.00
50644.00
50557.00
50495.00
50444.00
50344.00
50238.00
50167.00
50032.00
49938.00
49793.00
49616.00
49470.00
49368.00
49253.00
49061.00
48826.00
48635.00
48510.00
48364.00
48127.00
47847.00
47602.00
47398.00
47235.00
47004.00
46747.00
46516.00
46363.00
46206.00
46011.00
45784.00
45559.00
45381.00
45283.00
45154.00
44997.00
44827.00
44692.00
44626.00
44546.00
44420.00
44268.00
44158.00
44105.00
44021.00
43906.00
43790.00
43685.00
43641.00
43590.00
43520.00
43413.00
43347.00
43339.00
43326.00
43274.00
43174.00
43106.00
43114.00
43096.00
43052.00
42962.00
42902.00
42871.00
42916.00
42887.00
42825.00
42758.00
42768.00
42796.00
42784.00
42753.00
42719.00
42706.00
42762.00
42750.00
42707.00
42691.00
42689.00
42722.00
42737.00
42682.00
42655.00
42655.00
42672.00
42718.00
42699.00
42689.00
42697.00
42748.00
42784.00
42770.00
42756.00
42743.00
42829.00
42865.00
42864.00
42830.00
42873.00
42909.00
42990.00
42987.00
42982.00
43009.00
43073.00
43159.00
43191.00
43215.00
43264.00
43367.00
43468.00
43528.00
43557.00
43619.00
43708.00
43864.00
43934.00
43997.00
44048.00
44175.00
44368.00
44516.00
44646.00
44779.00
44984.00
45251.00
45463.00
45635.00
45834.00
46116.00
46428.00
46751.00
47017.00
47255.00
47508.00
47791.00
48033.00
48226.00
48394.00
48580.00
48847.00
49122.00
49275.00
49375.00
49467.00
49619.00
49810.00
49920.00
49995.00
50091.00
50191.00
50289.00
50389.00
50458.00
50556.00
50636.00
50707.00
50728.00
50756.00
50828.00
50932.00
51000.00
51012.00
51004.00
51017.00
51070.00
51148.00
51157.00
51129.00
51120.00
51157.00
51227.00
51239.00
51216.00
51210.00
51218.00
51263.00
51284.00
51244.00
51219.00
51238.00
51268.00
51282.00
51247.00
51204.00
51213.00
51225.00
51239.00
51198.00
51155.00
51128.00
51135.00
51121.00
51076.00
51013.00
50977.00
50958.00
50912.00
50855.00
50786.00
50733.00
50706.00
50663.00
50597.00
50507.00
50483.00
50453.00
50414.00
50304.00
50207.00
50144.00
50065.00
49980.00
49880.00
49758.00
49647.00
49561.00
49464.00
49297.00
49155.00
49014.00
48896.00
48746.00
48553.00
48313.00
48120.00
47962.00
47778.00
47549.00
47293.00
47067.00
46905.00
46783.00
46603.00
46396.00
46181.00
45997.00
45870.00
45736.00
45545.00
45374.00
45206.00
45143.00
45020.00
44856.00
44679.00
44553.00
44482.00
44441.00
44326.00
44195.00
44110.00
44050.00
43979.00
43864.00
43737.00
43651.00
43601.00
43574.00
43468.00
43369.00
43295.00
43254.00
43241.00
43179.00
43097.00
43036.00
43029.00
43044.00
43034.00
42975.00
42904.00
42935.00
42985.00
42959.00
42931.00
42898.00
42893.00
42934.00
42944.00
42907.00
42850.00
42854.00
42913.00
42916.00
42882.00
42856.00
42844.00
42912.00
42926.00
42911.00
42885.00
42902.00
42956.00
42978.00
42975.00
42953.00
42956.00
43016.00
43055.00
43058.00
43064.00
43071.00
43131.00
43198.00
43210.00
43217.00
43231.00
43299.00
43373.00
43406.00
43410.00
43454.00
43533.00
43635.00
43692.00
43734.00
43778.00
43889.00
44005.00
44098.00
44169.00
44266.00
44425.00
44595.00
44735.00
44830.00
44955.00
45141.00
45342.00
45538.00
45684.00
45854.00
46142.00
46444.00
46704.00
46890.00
47024.00
47273.00
47532.00
47773.00
47938.00
48072.00
48196.00
48427.00
48667.00
48829.00
48936.00
49035.00
49191.00
49354.00
49496.00
49617.00
49735.00
49824.00
49982.00
50112.00
50224.00
50318.00
50398.00
50499.00
50607.00
50647.00
50704.00
50766.00
50842.00
50896.00
50904.00
50935.00
50971.00
51033.00
51037.00
51040.00
51037.00
51071.00
51095.00
51099.00
51100.00
51094.00
51110.00
51146.00
51166.00
51149.00
51140.00
51150.00
51173.00
51181.00
51161.00
51145.00
51126.00
51153.00
51162.00
51131.00
51100.00
51068.00
51062.00
51062.00
51016.00
50974.00
50893.00
50860.00
50833.00
50753.00
50667.00
50620.00
50581.00
50535.00
50436.00
50327.00
50229.00
50172.00
50128.00
50012.00
49866.00
49748.00
49640.00
49555.00
49377.00
49176.00
48970.00
48769.00
48586.00
48404.00
48165.00
47914.00
47696.00
47482.00
47252.00
47018.00
46777.00
46592.00
46432.00
46263.00
46011.00
45782.00
45619.00
45552.00
45432.00
45299.00
45126.00
45007.00
44934.00
44887.00
44780.00
44655.00
44544.00
44477.00
44401.00
44293.00
44169.00
44066.00
44021.00
43985.00
43921.00
43822.00
43752.00
43733.00
43704.00
43629.00
43546.00
43481.00
43441.00
43426.00
43381.00
43296.00
43228.00
43211.00
43221.00
43181.00
43129.00
43069.00
43068.00
43094.00
43085.00
43031.00
43005.00
42981.00
43017.00
43030.00
43013.00
42954.00
42970.00
42997.00
43011.00
43009.00
42978.00
42985.00
43032.00
43071.00
43080.00
43073.00
43096.00
43138.00
43199.00
43217.00
43204.00
43213.00
43286.00
43359.00
43372.00
43394.00
43433.00
43500.00
43594.00
43631.00
43666.00
43698.00
43797.00
43906.00
43978.00
44018.00
44075.00
44176.00
44326.00
44461.00
44562.00
44697.00
44876.00
45066.00
45232.00
45375.00
45529.00
45744.00
46009.00
46240.00
46414.00
46575.00
46778.00
47036.00
47266.00
47441.00
47582.00
47747.00
47963.00
48165.00
48327.00
48425.00
48565.00
48750.00
48937.00
49082.00
49168.00
49261.00
49401.00
49563.00
49670.00
49757.00
49848.00
49956.00
50055.00
50143.00
50239.00
50329.00
50385.00
50487.00
50526.00
50554.00
50614.00
50687.00
50767.00
50776.00
50786.00
50824.00
50875.00
50945.00
50933.00
50944.00
50929.00
50973.00
51038.00
51029.00
50996.00
50974.00
50990.00
51058.00
51079.00
51065.00
51005.00
51025.00
51068.00
51090.00
51081.00
51051.00
51057.00
51091.00
51114.00
51100.00
51059.00
51058.00
51089.00
51100.00
51046.00
50984.00
50934.00
50931.00
50940.00
50865.00
50773.00
50670.00
50628.00
50605.00
50547.00
50438.00
50352.00
50276.00
50217.00
50113.00
49962.00
49818.00
49706.00
49627.00
49481.00
49308.00
49114.00
48986.00
48864.00
48700.00
48497.00
48309.00
48132.00
47951.00
47721.00
47465.00
47240.00
47056.00
46904.00
46696.00
46404.00
46127.00
45916.00
45779.00
45635.00
45424.00
45215.00
45060.00
44970.00
44872.00
44738.00
44573.00
44421.00
44352.00
44294.00
44181.00
44045.00
43909.00
43856.00
43826.00
43732.00
43634.00
43547.00
43498.00
43483.00
43441.00
43341.00
43274.00
43245.00
43252.00
43182.00
43101.00
43031.00
43023.00
43031.00
43017.00
42967.00
42912.00
42915.00
42949.00
42951.00
42896.00
42860.00
42845.00
42893.00
42904.00
42865.00
42834.00
42831.00
42867.00
42908.00
42894.00
42864.00
42863.00
42915.00
42957.00
42968.00
42924.00
42929.00
42990.00
43033.00
43044.00
43020.00
43018.00
43072.00
43129.00
43130.00
43121.00
43143.00
43169.00
43248.00
43266.00
43247.00
43281.00
43341.00
43448.00
43496.00
43529.00
43555.00
43644.00
43758.00
43824.00
43872.00
43912.00
43997.00
44118.00
44219.00
44291.00
44366.00
44503.00
44700.00
44873.00
45001.00
45114.00
45284.00
45540.00
45730.00
45907.00
46078.00
46261.00
46498.00
46754.00
46979.00
47148.00
47336.00
47517.00
47742.00
47925.00
48074.00
48195.00
48359.00
48525.00
48657.00
48786.00
48879.00
48992.00
49142.00
49279.00
49399.00
49477.00
49599.00
49745.00
49831.00
49907.00
49969.00
50092.00
50223.00
50314.00
50384.00
50492.00
50600.00
50722.00
50778.00
50809.00
50818.00
50841.00
50885.00
50888.00
50871.00
50862.00
50915.00
50959.00
51002.00
50986.00
50974.00
51008.00
51057.00
51074.00
51068.00
51037.00
51057.00
51098.00
51141.00
51131.00
51108.00
51100.00
51136.00
51168.00
51171.00
51144.00
51134.00
51179.00
51207.00
51195.00
51164.00
51142.00
51137.00
51155.00
51136.00
51071.00
51011.00
50989.00
50967.00
50888.00
50796.00
50733.00
50671.00
50588.00
50436.00
50270.00
50112.00
49973.00
49847.00
49655.00
49429.00
49197.00
49001.00
48852.00
48693.00
48507.00
48270.00
48039.00
47808.00
47601.00
47381.00
47160.00
46921.00
46694.00
46464.00
46248.00
46020.00
45834.00
45653.00
45478.00
45282.00
45096.00
44939.00
44853.00
44769.00
44654.00
44490.00
44382.00
44284.00
44248.00
44123.00
43974.00
43845.00
43776.00
43725.00
43647.00
43521.00
43439.00
43411.00
43411.00
43389.00
43286.00
43230.00
43211.00
43206.00
43180.00
43109.00
43050.00
43028.00
43053.00
43044.00
42999.00
42929.00
42930.00
42949.00
42954.00
42911.00
42841.00
42825.00
42839.00
42860.00
42826.00
42785.00
42760.00
42787.00
42800.00
42794.00
42747.00
42749.00
42777.00
42826.00
42823.00
42819.00
42802.00
42861.00
42919.00
42948.00
42957.00
42939.00
42995.00
43076.00
43123.00
43118.00
43130.00
43179.00
43273.00
43332.00
43360.00
43371.00
43466.00
43566.00
43637.00
43694.00
43713.00
43816.00
43929.00
44006.00
44062.00
44133.00
44247.00
44426.00
44582.00
44691.00
44789.00
44950.00
45160.00
45367.00
45517.00
45648.00
45819.00
46042.00
46271.00
46446.00
46581.00
46783.00
46972.00
47194.00
47326.00
47443.00
47568.00
47768.00
47951.00
48076.00
48162.00
48242.00
48386.00
48596.00
48696.00
48734.00
48813.00
48952.00
49125.00
49233.00
49303.00
49343.00
49435.00
49593.00
49716.00
49790.00
49874.00
49970.00
50113.00
50211.00
50277.00
50349.00
50456.00
50550.00
50639.00
50676.00
50696.00
50757.00
50838.00
50920.00
50927.00
50919.00
50927.00
50964.00
51004.00
50979.00
50951.00
50943.00
50951.00
50983.00
50948.00
50903.00
50878.00
50876.00
50876.00
50827.00
50738.00
50658.00
50590.00
50553.00
50426.00
50291.00
50153.00
50053.00
49938.00
49813.00
49626.00
49428.00
49258.00
49115.00
48960.00
48712.00
48458.00
48198.00
47994.00
47752.00
47463.00
47128.00
46864.00
46671.00
46487.00
46275.00
46030.00
45855.00
45731.00
45607.00
45423.00
45213.00
45029.00
44942.00
44848.00
44725.00
44576.00
44468.00
44425.00
44413.00
44307.00
44172.00
44132.00
44121.00
44127.00
44039.00
43931.00
43837.00
43810.00
43792.00
43740.00
43640.00
43583.00
43569.00
43577.00
43549.00
43461.00
43392.00
43373.00
43381.00
43359.00
43290.00
43215.00
43183.00
43211.00
43197.00
43121.00
43068.00
43040.00
43050.00
43050.00
43016.00
42974.00
42972.00
43015.00
43005.00
42986.00
42944.00
42932.00
42985.00
43014.00
43006.00
42972.00
42974.00
43003.00
43070.00
43057.00
43044.00
43045.00
43095.00
43157.00
43178.00
43147.00
43153.00
43228.00
43294.00
43312.00
43308.00
43328.00
43390.00
43456.00
43517.00
43566.00
43588.00
43651.00
43762.00
43836.00
43883.00
43930.00
44024.00
44165.00
44255.00
44356.00
44462.00
44637.00
44863.00
45027.00
45163.00
45303.00
45484.00
45713.00
45913.00
46090.00
46238.00
46435.00
46651.00
46866.00
47026.00
47137.00
47306.00
47490.00
47692.00
47822.00
47947.00
48106.00
48281.00
48450.00
48551.00
48648.00
48773.00
48916.00
49099.00
49208.00
49281.00
49360.00
49470.00
49599.00
49712.00
49807.00
49883.00
49966.00
50072.00
50178.00
50255.00
50332.00
50383.00
50475.00
50519.00
50530.00
50534.00
50566.00
50588.00
50603.00
50599.00
50603.00
50641.00
50690.00
50713.00
50697.00
50685.00
50706.00
50752.00
50772.00
50743.00
50705.00
50692.00
50723.00
50764.00
50747.00
50700.00
50682.00
50681.00
50678.00
50630.00
50552.00
50488.00
50458.00
50404.00
50310.00
50186.00
50101.00
49999.00
49888.00
49712.00
49527.00
49362.00
49203.00
49001.00
48760.00
48536.00
48336.00
48139.00
47890.00
47651.00
47384.00
47137.00
46895.00
46684.00
46425.00
46186.00
45950.00
45713.00
45523.00
45345.00
45132.00
44931.00
44747.00
44627.00
44497.00
44351.00
44200.00
44140.00
44082.00
44019.00
43910.00
43800.00
43726.00
43700.00
43670.00
43588.00
43486.00
43406.00
43386.00
43380.00
43314.00
43206.00
43172.00
43176.00
43186.00
43140.00
43082.00
43028.00
43022.00
43044.00
43012.00
42942.00
42893.00
42904.00
42931.00
42920.00
42888.00
42824.00
42864.00
42895.00
42914.00
42863.00
42807.00
42809.00
42852.00
42858.00
42834.00
42804.00
42791.00
42851.00
42875.00
42848.00
42842.00
42847.00
42903.00
42955.00
42942.00
42923.00
42947.00
42994.00
43037.00
43057.00
43050.00
43076.00
43159.00
43231.00
43241.00
43247.00
43280.00
43337.00
43427.00
43479.00
43475.00
43505.00
43592.00
43697.00
43768.00
43792.00
43832.00
43898.00
44025.00
44111.00
44152.00
44243.00
44378.00
44560.00
44704.00
44852.00
44978.00
45180.00
45374.00
45576.00
45731.00
45903.00
46123.00
46376.00
46612.00
46816.00
46985.00
47198.00
47442.00
47667.00
47839.00
48003.00
48178.00
48360.00
48531.00
48670.00
48815.00
48955.00
49106.00
49259.00
49390.00
49466.00
49588.00
49737.00
49878.00
49952.00
50023.00
50055.00
50127.00
50206.00
50245.00
50269.00
50317.00
50410.00
50517.00
50552.00
50570.00
50590.00
50668.00
50743.00
50799.00
50790.00
50767.00
50766.00
50826.00
50836.00
50821.00
50776.00
50785.00
50794.00
50781.00
50730.00
50667.00
50647.00
50639.00
50608.00
50532.00
50437.00
50390.00
50374.00
50296.00
50182.00
50070.00
49980.00
49927.00
49862.00
49701.00
49554.00
49434.00
49345.00
49258.00
49092.00
48916.00
48746.00
48619.00
48504.00
48337.00
48121.00
47904.00
47732.00
47604.00
47417.00
47225.00
47013.00
46802.00
46655.00
46469.00
46266.00
46079.00
45893.00
45754.00
45587.00
45389.00
45210.00
45074.00
45000.00
44911.00
44787.00
44634.00
44561.00
44494.00
44422.00
44321.00
44200.00
44123.00
44096.00
44042.00
43943.00
43851.00
43773.00
43744.00
43718.00
43636.00
43565.00
43508.00
43472.00
43473.00
43418.00
43338.00
43279.00
43267.00
43263.00
43219.00
43144.00
43079.00
43081.00
43076.00
43058.00
42994.00
42972.00
42978.00
42993.00
42987.00
42939.00
42913.00
42928.00
42963.00
42959.00
42931.00
42909.00
42909.00
42962.00
42966.00
42938.00
42935.00
42947.00
42998.00
43015.00
42997.00
42981.00
43003.00
43060.00
43098.00
43088.00
43068.00
43082.00
43156.00
43205.00
43218.00
43224.00
43260.00
43314.00
43405.00
43414.00
43448.00
43498.00
43595.00
43693.00
43750.00
43791.00
43825.00
43932.00
44049.00
44148.00
44197.00
44285.00
44416.00
44581.00
44721.00
44818.00
44954.00
45128.00
45326.00
45490.00
45623.00
45773.00
45967.00
46182.00
46383.00
46554.00
46702.00
46902.00
47135.00
47331.00
47456.00
47599.00
47770.00
47991.00
48177.00
48302.00
48403.00
48520.00
48686.00
48872.00
49009.00
49115.00
49241.00
49398.00
49566.00
49685.00
49765.00
49851.00
49970.00
50080.00
50159.00
50201.00
50274.00
50299.00
50350.00
50374.00
50401.00
50450.00
50505.00
50565.00
50574.00
50592.00
50612.00
50679.00
50742.00
50742.00
50740.00
50748.00
50789.00
50845.00
50831.00
50815.00
50780.00
50801.00
50833.00
50820.00
50771.00
50733.00
50720.00
50724.00
50708.00
50636.00
50548.00
50505.00
50486.00
50406.00
50314.00
50191.00
50097.00
50038.00
49936.00
49799.00
49635.00
49483.00
49383.00
49260.00
49108.00
48943.00
48790.00
48654.00
48529.00
48364.00
48159.00
47978.00
47824.00
47690.00
47498.00
47287.00
47079.00
46871.00
46688.00
46490.00
46236.00
45998.00
45827.00
45679.00
45522.00
45351.00
45194.00
45089.00
44999.00
44872.00
44726.00
44596.00
44487.00
44427.00
44338.00
44204.00
44099.00
44010.00
43978.00
43920.00
43820.00
43727.00
43687.00
43660.00
43645.00
43578.00
43488.00
43470.00
43485.00
43485.00
43437.00
43389.00
43342.00
43376.00
43387.00
43343.00
43306.00
43307.00
43331.00
43353.00
43323.00
43305.00
43310.00
43362.00
43397.00
43416.00
43385.00
43383.00
43436.00
43485.00
43485.00
43470.00
43479.00
43519.00
43592.00
43601.00
43609.00
43618.00
43679.00
43779.00
43846.00
43858.00
43885.00
43972.00
44066.00
44147.00
44195.00
44232.00
44332.00
44502.00
44631.00
44751.00
44846.00
45024.00
45218.00
45392.00
45546.00
45716.00
45911.00
46119.00
46321.00
46510.00
46677.00
46907.00
47128.00
47312.00
47456.00
47587.00
47699.00
47871.00
48013.00
48122.00
48180.00
48318.00
48518.00
48718.00
48837.00
48951.00
49079.00
49229.00
49422.00
49559.00
49630.00
49726.00
49842.00
50009.00
50096.00
50124.00
50166.00
50242.00
50351.00
50374.00
50330.00
50275.00
50328.00
50418.00
50503.00
50494.00
50540.00
50595.00
50712.00
50748.00
50760.00
50764.00
50808.00
50877.00
50922.00
50910.00
50875.00
50875.00
50930.00
50934.00
50925.00
50886.00
50861.00
50893.00
50899.00
50840.00
50755.00
50711.00
50700.00
50703.00
50625.00
50530.00
50441.00
50428.00
50417.00
50350.00
50223.00
50054.00
49963.00
49896.00
49779.00
49562.00
49339.00
49140.00
48938.00
48700.00
48407.00
48113.00
47883.00
47735.00
47505.00
47219.00
46965.00
46815.00
46690.00
46546.00
46356.00
46168.00
46008.00
45930.00
45826.00
45647.00
45483.00
45349.00
45257.00
45127.00
45005.00
44857.00
44735.00
44655.00
44543.00
44390.00
44276.00
44162.00
44115.00
44053.00
43954.00
43851.00
43782.00
43727.00
43683.00
43584.00
43473.00
43396.00
43372.00
43352.00
43290.00
43198.00
43151.00
43128.00
43133.00
43099.00
43077.00
43018.00
43042.00
43036.00
43023.00
42983.00
42975.00
42962.00
43010.00
42980.00
42939.00
42906.00
42936.00
42982.00
42989.00
42949.00
42914.00
42907.00
42991.00
43015.00
43002.00
42976.00
43018.00
43069.00
43102.00
43099.00
43079.00
43109.00
43195.00
43262.00
43250.00
43269.00
43300.00
43366.00
43443.00
43478.00
43481.00
43533.00
43642.00
43755.00
43788.00
43827.00
43884.00
44002.00
44112.00
44196.00
44261.00
44372.00
44544.00
44773.00
44943.00
45085.00
45244.00
45470.00
45712.00
45916.00
46088.00
46257.00
46453.00
46698.00
46887.00
47047.00
47186.00
47345.00
47526.00
47662.00
47748.00
47839.00
47963.00
48153.00
48299.00
48390.00
48479.00
48621.00
48814.00
48952.00
49050.00
49138.00
49265.00
49414.00
49582.00
49662.00
49732.00
49865.00
50067.00
50236.00
50327.00
50379.00
50436.00
50572.00
50717.00
50768.00
50769.00
50774.00
50836.00
50929.00
50970.00
50963.00
50993.00
51043.00
51114.00
51128.00
51113.00
51130.00
51174.00
51223.00
51209.00
51168.00
51158.00
51190.00
51225.00
51202.00
51156.00
51123.00
51120.00
51135.00
51104.00
51050.00
50998.00
50993.00
51006.00
50954.00
50849.00
50760.00
50693.00
50676.00
50604.00
50503.00
50410.00
50319.00
50255.00
50168.00
50052.00
49933.00
49828.00
49733.00
49637.00
49499.00
49348.00
49195.00
49041.00
48836.00
48630.00
48401.00
48164.00
47946.00
47708.00
47429.00
47115.00
46842.00
46613.00
46436.00
46205.00
45951.00
45743.00
45544.00
45419.00
45264.00
45069.00
44896.00
44782.00
44685.00
44579.00
44422.00
44307.00
44214.00
44169.00
44074.00
43956.00
43835.00
43768.00
43747.00
43717.00
43607.00
43529.00
43485.00
43479.00
43476.00
43400.00
43333.00
43308.00
43307.00
43320.00
43250.00
43224.00
43181.00
43208.00
43218.00
43180.00
43115.00
43095.00
43122.00
43148.00
43131.00
43077.00
43062.00
43103.00
43133.00
43131.00
43092.00
43075.00
43110.00
43176.00
43175.00
43155.00
43134.00
43168.00
43244.00
43274.00
43265.00
43264.00
43309.00
43359.00
43406.00
43405.00
43400.00
43446.00
43523.00
43622.00
43677.00
43727.00
43843.00
43980.00
44118.00
44214.00
44304.00
44439.00
44617.00
44800.00
44929.00
45038.00
45214.00
45413.00
45600.00
45747.00
45893.00
46035.00
46251.00
46464.00
46613.00
46768.00
46934.00
47142.00
47347.00
47477.00
47573.00
47719.00
47885.00
48039.00
48158.00
48201.00
48321.00
48497.00
48665.00
48768.00
48839.00
48933.00
49078.00
49291.00
49401.00
49479.00
49580.00
49722.00
49911.00
50067.00
50151.00
50214.00
50332.00
50501.00
50615.00
50655.00
50679.00
50752.00
50845.00
50906.00
50942.00
50934.00
50938.00
50989.00
51043.00
51031.00
50996.00
51015.00
51043.00
51114.00
51098.00
51058.00
51036.00
51074.00
51124.00
51124.00
51093.00
51060.00
51092.00
51143.00
51141.00
51105.00
51061.00
51077.00
51120.00
51107.00
51042.00
50968.00
50975.00
51003.00
50986.00
50926.00
50832.00
50746.00
50745.00
50707.00
50605.00
50477.00
50367.00
50282.00
50203.00
50040.00
49863.00
49690.00
49581.00
49497.00
49393.00
49242.00
49065.00
48932.00
48768.00
48582.00
48367.00
48149.00
47954.00
47775.00
47550.00
47324.00
47130.00
46971.00
46836.00
46660.00
46436.00
46215.00
46040.00
45887.00
45706.00
45498.00
45323.00
45180.00
45082.00
44976.00
44804.00
44654.00
44552.00
44518.00
44413.00
44299.00
44165.00
44109.00
44078.00
44010.00
43922.00
43799.00
43754.00
43722.00
43685.00
43604.00
43523.00
43466.00
43447.00
43451.00
43390.00
43330.00
43285.00
43301.00
43290.00
43229.00
43162.00
43114.00
43114.00
43107.00
43069.00
43000.00
42969.00
42976.00
43005.00
42978.00
42914.00
42885.00
42890.00
42937.00
42916.00
42888.00
42852.00
42857.00
42890.00
42887.00
42859.00
42844.00
42848.00
42897.00
42910.00
42881.00
42859.00
42851.00
42903.00
42933.00
42900.00
42874.00
42904.00
42969.00
42975.00
42977.00
42942.00
42977.00
43040.00
43072.00
43074.00
43075.00
43101.00
43165.00
43211.00
43219.00
43206.00
43240.00
43315.00
43395.00
43421.00
43434.00
43475.00
43553.00
43648.00
43727.00
43754.00
43788.00
43884.00
43979.00
44034.00
44090.00
44156.00
44267.00
44409.00
44505.00
44577.00
44669.00
44811.00
44981.00
45113.00
45180.00
45281.00
45424.00
45619.00
45753.00
45845.00
45949.00
46089.00
46268.00
46403.00
46524.00
46619.00
46753.00
46922.00
47071.00
47162.00
47240.00
47320.00
47429.00
47541.00
47661.00
47763.00
47864.00
48008.00
48170.00
48273.00
48354.00
48454.00
48577.00
48717.00
48821.00
48875.00
48959.00
49057.00
49205.00
49309.00
49378.00
49430.00
49550.00
49670.00
49766.00
49830.00
49870.00
49944.00
50050.00
50129.00
50185.00
50239.00
50277.00
50357.00
50412.00
50448.00
50484.00
50527.00
50602.00
50660.00
50674.00
50693.00
50752.00
50802.00
50842.00
50817.00
50812.00
50823.00
50858.00
50897.00
50886.00
50868.00
50854.00
50885.00
50912.00
50875.00
50818.00
50774.00
50776.00
50768.00
50730.00
50619.00
50564.00
50517.00
50475.00
50402.00
50299.00
50197.00
50075.00
50008.00
49873.00
49715.00
49551.00
49412.00
49258.00
49089.00
48901.00
48704.00
48518.00
48374.00
48162.00
47939.00
47694.00
47497.00
47318.00
47130.00
46873.00
46631.00
46456.00
46316.00
46126.00
45912.00
45678.00
45533.00
45431.00
45299.00
45155.00
44970.00
44846.00
44773.00
44719.00
44573.00
44426.00
44303.00
44262.00
44212.00
44128.00
43996.00
43911.00
43859.00
43848.00
43750.00
43644.00
43555.00
43510.00
43513.00
43454.00
43370.00
43300.00
43262.00
43270.00
43256.00
43164.00
43100.00
43075.00
43097.00
43077.00
43016.00
42976.00
42969.00
42980.00
42979.00
42915.00
42842.00
42830.00
42857.00
42891.00
42853.00
42820.00
42817.00
42831.00
42840.00
42803.00
42771.00
42758.00
42771.00
42797.00
42782.00
42737.00
42707.00
42738.00
42781.00
42752.00
42719.00
42702.00
42730.00
42775.00
42762.00
42738.00
42735.00
42749.00
42836.00
42828.00
42812.00
42812.00
42854.00
42885.00
42908.00
42908.00
42895.00
42930.00
43008.00
43037.00
43063.00
43061.00
43076.00
43165.00
43252.00
43249.00
43253.00
43304.00
43388.00
43474.00
43534.00
43550.00
43618.00
43725.00
43844.00
43916.00
43970.00
44088.00
44235.00
44389.00
44507.00
44590.00
44688.00
44847.00
45027.00
45197.00
45316.00
45438.00
45606.00
45821.00
45983.00
46109.00
46239.00
46439.00
46661.00
46828.00
46926.00
47046.00
47233.00
47460.00
47614.00
47745.00
47870.00
48049.00
48232.00
48402.00
48550.00
48692.00
48883.00
49068.00
49257.00
49357.00
49470.00
49598.00
49748.00
49864.00
49953.00
50059.00
50168.00
50292.00
50443.00
50517.00
50584.00
50654.00
50745.00
50851.00
50883.00
50885.00
50900.00
50955.00
51014.00
51019.00
50977.00
50965.00
50987.00
51017.00
51025.00
50968.00
50914.00
50917.00
50983.00
50968.00
50912.00
50845.00
50838.00
50856.00
50856.00
50813.00
50736.00
50669.00
50652.00
50612.00
50540.00
50407.00
50296.00
50240.00
50199.00
50107.00
49947.00
49814.00
49701.00
49591.00
49438.00
49219.00
49003.00
48815.00
48632.00
48393.00
48151.00
47885.00
47646.00
47439.00
47189.00
46931.00
46673.00
46488.00
46277.00
46048.00
45793.00
45574.00
45435.00
45310.00
45128.00
44940.00
44743.00
44630.00
44548.00
44473.00
44358.00
44263.00
44204.00
44165.00
44124.00
44047.00
43929.00
43840.00
43810.00
43779.00
43692.00
43580.00
43526.00
43491.00
43477.00
43381.00
43291.00
43253.00
43230.00
43248.00
43191.00
43137.00
43088.00
43067.00
43119.00
43082.00
43011.00
42969.00
42985.00
43028.00
42996.00
42946.00
42925.00
42933.00
42946.00
42934.00
42894.00
42858.00
42850.00
42898.00
42894.00
42873.00
42805.00
42827.00
42862.00
42886.00
42847.00
42805.00
42826.00
42868.00
42908.00
42888.00
42859.00
42865.00
42913.00
42960.00
42941.00
42913.00
42935.00
42992.00
43039.00
43078.00
43037.00
43064.00
43140.00
43227.00
43261.00
43249.00
43275.00
43349.00
43459.00
43515.00
43530.00
43588.00
43686.00
43785.00
43842.00
43892.00
43948.00
44048.00
44199.00
44297.00
44380.00
44436.00
44569.00
44751.00
44904.00
45038.00
45125.00
45294.00
45483.00
45669.00
45795.00
45948.00
46147.00
46369.00
46589.00
46753.00
46892.00
47073.00
47280.00
47510.00
47670.00
47818.00
47987.00
48235.00
48449.00
48600.00
48717.00
48879.00
49094.00
49307.00
49437.00
49539.00
49631.00
49795.00
49981.00
50079.00
50129.00
50186.00
50281.00
50398.00
50454.00
50477.00
50495.00
50573.00
50660.00
50730.00
50774.00
50791.00
50887.00
51000.00
51062.00
51079.00
51065.00
51140.00
51231.00
51295.00
51285.00
51247.00
51263.00
51318.00
51351.00
51325.00
51254.00
51236.00
51256.00
51286.00
51236.00
51142.00
51086.00
51066.00
51055.00
50986.00
50858.00
50752.00
50686.00
50653.00
50575.00
50443.00
50340.00
50232.00
50151.00
49993.00
49810.00
49629.00
49489.00
49366.00
49175.00
48936.00
48701.00
48538.00
48381.00
48183.00
47907.00
47636.00
47414.00
47245.00
47040.00
46802.00
46529.00
46290.00
46104.00
45898.00
45670.00
45425.00
45234.00
45074.00
44933.00
44723.00
44524.00
44368.00
44290.00
44230.00
44115.00
43954.00
43848.00
43809.00
43801.00
43721.00
43588.00
43477.00
43424.00
43384.00
43351.00
43258.00
43183.00
43163.00
43186.00
43171.00
43089.00
43030.00
43017.00
43058.00
43053.00
43015.00
42953.00
42955.00
43001.00
43010.00
42983.00
42929.00
42941.00
42959.00
42981.00
42974.00
42934.00
42928.00
42969.00
43029.00
43014.00
43004.00
42999.00
43059.00
43109.00
43128.00
43115.00
43131.00
43195.00
43274.00
43305.00
43324.00
43362.00
43426.00
43536.00
43616.00
43648.00
43695.00
43771.00
43909.00
44025.00
44100.00
44183.00
44312.00
44500.00
44676.00
44793.00
44915.00
45093.00
45304.00
45497.00
45659.00
45790.00
45976.00
46173.00
46394.00
46552.00
46684.00
46837.00
47070.00
47305.00
47481.00
47614.00
47777.00
47967.00
48250.00
48383.00
48505.00
48625.00
48816.00
49054.00
49229.00
49337.00
49459.00
49623.00
49834.00
49972.00
50067.00
50138.00
50308.00
50466.00
50575.00
50623.00
50671.00
50792.00
50954.00
51063.00
51121.00
51156.00
51218.00
51342.00
51397.00
51408.00
51388.00
51426.00
51487.00
51530.00
51510.00
51461.00
51460.00
51509.00
51550.00
51506.00
51444.00
51404.00
51419.00
51430.00
51376.00
51308.00
51262.00
51277.00
51290.00
51249.00
51178.00
51102.00
51095.00
51118.00
51080.00
50988.00
50886.00
50833.00
50848.00
50816.00
50733.00
50606.00
50522.00
50479.00
50417.00
50338.00
50185.00
50073.00
49963.00
49833.00
49667.00
49481.00
49305.00
49145.00
48986.00
48752.00
48502.00
48266.00
48076.00
47887.00
47632.00
47339.00
47060.00
46839.00
46666.00
46396.00
46113.00
45850.00
45675.00
45572.00
45419.00
45215.00
45037.00
44910.00
44832.00
44743.00
44580.00
44454.00
44377.00
44314.00
44265.00
44144.00
44011.00
43933.00
43883.00
43846.00
43748.00
43627.00
43592.00
43582.00
43552.00
43481.00
43398.00
43363.00
43372.00
43391.00
43346.00
43281.00
43260.00
43271.00
43304.00
43268.00
43198.00
43147.00
43173.00
43196.00
43190.00
43147.00
43104.00
43108.00
43146.00
43148.00
43121.00
43091.00
43091.00
43139.00
43170.00
43151.00
43109.00
43131.00
43183.00
43205.00
43203.00
43174.00
43188.00
43244.00
43289.00
43305.00
43283.00
43316.00
43382.00
43470.00
43492.00
43498.00
43548.00
43616.00
43719.00
43743.00
43766.00
43797.00
43909.00
44016.00
44077.00
44103.00
44152.00
44230.00
44370.00
44479.00
44528.00
44607.00
44748.00
44921.00
45070.00
45199.00
45303.00
45479.00
45640.00
45781.00
45927.00
46056.00
46221.00
46417.00
46607.00
46727.00
46842.00
47033.00
47239.00
47458.00
47599.00
47702.00
47870.00
48079.00
48332.00
48516.00
48638.00
48752.00
48926.00
49118.00
49255.00
49350.00
49412.00
49526.00
49695.00
49789.00
49840.00
49893.00
50004.00
50160.00
50262.00
50301.00
50343.00
50449.00
50573.00
50656.00
50678.00
50714.00
50760.00
50879.00
50968.00
50981.00
50990.00
51031.00
51129.00
51193.00
51198.00
51174.00
51186.00
51229.00
51290.00
51262.00
51254.00
51225.00
51275.00
51321.00
51303.00
51247.00
51222.00
51235.00
51259.00
51219.00
51158.00
51103.00
51069.00
51066.00
51006.00
50929.00
50850.00
50823.00
50810.00
50724.00
50611.00
50508.00
50463.00
50467.00
50405.00
50288.00
50148.00
50055.00
50027.00
49996.00
49862.00
49661.00
49475.00
49334.00
49231.00
49042.00
48795.00
48540.00
48356.00
48190.00
47997.00
47802.00
47607.00
47439.00
47286.00
47104.00
46891.00
46740.00
46625.00
46487.00
46302.00
46080.00
45909.00
45784.00
45693.00
45566.00
45400.00
45227.00
45118.00
45065.00
44984.00
44846.00
44728.00
44622.00
44586.00
44525.00
44414.00
44293.00
44222.00
44179.00
44134.00
44033.00
43911.00
43820.00
43789.00
43738.00
43662.00
43540.00
43469.00
43452.00
43456.00
43393.00
43324.00
43255.00
43255.00
43266.00
43216.00
43175.00
43116.00
43114.00
43149.00
43138.00
43080.00
43011.00
43007.00
43035.00
43064.00
43012.00
42983.00
42972.00
43010.00
43014.00
42981.00
42947.00
42955.00
42978.00
43026.00
43015.00
42984.00
42968.00
43034.00
43093.00
43087.00
43064.00
43069.00
43114.00
43193.00
43204.00
43189.00
43200.00
43274.00
43364.00
43391.00
43399.00
43411.00
43485.00
43597.00
43638.00
43656.00
43700.00
43777.00
43885.00
43941.00
43979.00
44023.00
44138.00
44295.00
44429.00
44518.00
44597.00
44737.00
44918.00
45063.00
45145.00
45234.00
45390.00
45581.00
45753.00
45847.00
45935.00
46090.00
46286.00
46482.00
46601.00
46711.00
46844.00
47048.00
47248.00
47382.00
47484.00
47598.00
47772.00
48016.00
48185.00
48272.00
48360.00
48527.00
48725.00
48894.00
48998.00
49093.00
49236.00
49429.00
49550.00
49635.00
49690.00
49836.00
50010.00
50136.00
50193.00
50272.00
50386.00
50534.00
50647.00
50692.00
50708.00
50774.00
50860.00
50945.00
50968.00
50952.00
50982.00
51033.00
51096.00
51072.00
51038.00
51013.00
51045.00
51097.00
51068.00
50998.00
50948.00
50937.00
50962.00
50940.00
50848.00
50760.00
50729.00
50754.00
50725.00
50628.00
50509.00
50438.00
50423.00
50388.00
50320.00
50186.00
50069.00
50000.00
49926.00
49794.00
49671.00
49579.00
49480.00
49361.00
49170.00
48969.00
48857.00
48756.00
48618.00
48390.00
48136.00
47938.00
47777.00
47629.00
47374.00
47088.00
46862.00
46688.00
46548.00
46325.00
46074.00
45848.00
45732.00
45661.00
45547.00
45371.00
45235.00
45120.00
45100.00
45023.00
44898.00
44768.00
44683.00
44640.00
44598.00
44513.00
44400.00
44358.00
44334.00
44301.00
44221.00
44122.00
44067.00
44051.00
44045.00
43990.00
43891.00
43840.00
43844.00
43854.00
43813.00
43737.00
43712.00
43729.00
43739.00
43705.00
43650.00
43615.00
43622.00
43662.00
43661.00
43612.00
43576.00
43590.00
43634.00
43633.00
43582.00
43564.00
43574.00
43617.00
43638.00
43624.00
43606.00
43621.00
43667.00
43723.00
43705.00
43685.00
43673.00
43738.00
43803.00
43775.00
43769.00
43770.00
43827.00
43897.00
43911.00
43902.00
43917.00
43979.00
44072.00
44106.00
44121.00
44159.00
44242.00
44360.00
44431.00
44465.00
44539.00
44637.00
44786.00
44897.00
44980.00
45053.00
45165.00
45315.00
45416.00
45466.00
45518.00
45608.00
45721.00
45788.00
45812.00
45851.00
45946.00
46019.00
46084.00
46124.00
46166.00
46286.00
46410.00
46535.00
46599.00
46668.00
46801.00
46970.00
47148.00
47238.00
47332.00
47468.00
47655.00
47838.00
47958.00
48060.00
48150.00
48291.00
48472.00
48593.00
48699.00
48806.00
48925.00
49093.00
49210.00
49315.00
49418.00
49547.00
49675.00
49780.00
49845.00
49887.00
49965.00
50079.00
50162.00
50181.00
50195.00
50239.00
50328.00
50395.00
50402.00
50393.00
50418.00
50482.00
50527.00
50526.00
50486.00
50473.00
50509.00
50552.00
50510.00
50457.00
50430.00
50437.00
50435.00
50378.00
50283.00
50220.00
50189.00
50158.00
50030.00
49880.00
49751.00
49680.00
49602.00
49455.00
49256.00
49101.00
48993.00
48901.00
48773.00
48612.00
48426.00
48263.00
48123.00
47974.00
47770.00
47558.00
47368.00
47203.00
47022.00
46797.00
46545.00
46341.00
46154.00
45947.00
45702.00
45456.00
45234.00
45115.00
44971.00
44778.00
44590.00
44407.00
44314.00
44266.00
44154.00
44006.00
43883.00
43814.00
43807.00
43720.00
43593.00
43503.00
43495.00
43484.00
43455.00
43365.00
43305.00
43287.00
43312.00
43273.00
43207.00
43136.00
43126.00
43167.00
43145.00
43082.00
43014.00
42997.00
43008.00
43011.00
42946.00
42890.00
42847.00
42869.00
42890.00
42863.00
42799.00
42775.00
42810.00
42842.00
42811.00
42749.00
42768.00
42779.00
42814.00
42794.00
42723.00
42712.00
42729.00
42774.00
42753.00
42695.00
42671.00
42704.00
42747.00
42729.00
42690.00
42656.00
42670.00
42728.00
42734.00
42690.00
42662.00
42681.00
42753.00
42763.00
42747.00
42727.00
42734.00
42816.00
42847.00
42817.00
42799.00
42841.00
42905.00
42965.00
42975.00
42953.00
42990.00
43077.00
43169.00
43195.00
43184.00
43218.00
43314.00
43428.00
43467.00
43484.00
43510.00
43620.00
43721.00
43767.00
43799.00
43846.00
43931.00
44057.00
44115.00
44166.00
44212.00
44308.00
44450.00
44540.00
44602.00
44665.00
44810.00
44970.00
45087.00
45160.00
45263.00
45384.00
45554.00
45690.00
45817.00
45921.00
46084.00
46265.00
46433.00
46522.00
46607.00
46752.00
46935.00
47099.00
47201.00
47298.00
47402.00
47540.00
47696.00
47787.00
47870.00
47987.00
48176.00
48364.00
48527.00
48683.00
48839.00
48973.00
49089.00
49181.00
49263.00
49330.00
49412.00
49508.00
49527.00
49555.00
49576.00
49603.00
49637.00
49634.00
49605.00
49577.00
49607.00
49615.00
49590.00
49526.00
49455.00
49429.00
49431.00
49373.00
49267.00
49129.00
49066.00
49024.00
48949.00
48823.00
48643.00
48522.00
48423.00
48334.00
48151.00
47942.00
47773.00
47637.00
47496.00
47297.00
47073.00
46889.00
46755.00
46621.00
46446.00
46221.00
46031.00
45908.00
45778.00
45618.00
45412.00
45241.00
45116.00
45020.00
44882.00
44711.00
44567.00
44478.00
44415.00
44311.00
44154.00
44027.00
43948.00
43917.00
43855.00
43749.00
43621.00
43580.00
43571.00
43553.00
43466.00
43363.00
43320.00
43307.00
43305.00
43259.00
43178.00
43161.00
43175.00
43195.00
43161.00
43086.00
43078.00
43095.00
43128.00
43103.00
43030.00
43007.00
43037.00
43072.00
43035.00
43014.00
42963.00
43005.00
43052.00
43031.00
42994.00
42974.00
42998.00
43041.00
43049.00
43027.00
43008.00
43027.00
43096.00
43109.00
43069.00
43048.00
43089.00
43163.00
43190.00
43172.00
43134.00
43170.00
43238.00
43283.00
43289.00
43278.00
43318.00
43392.00
43459.00
43490.00
43484.00
43508.00
43600.00
43681.00
43719.00
43727.00
43784.00
43865.00
43955.00
43992.00
43999.00
44035.00
44133.00
44250.00
44309.00
44336.00
44402.00
44536.00
44693.00
44786.00
44837.00
44884.00
45039.00
45204.00
45312.00
45363.00
45412.00
45546.00
45695.00
45811.00
45847.00
45893.00
45988.00
46130.00
46221.00
46269.00
46304.00
46387.00
46546.00
46714.00
46836.00
46912.00
47017.00
47199.00
47397.00
47506.00
47590.00
47723.00
47877.00
48064.00
48222.00
48352.00
48469.00
48607.00
48797.00
48931.00
49013.00
49088.00
49193.00
49304.00
49370.00
49400.00
49429.00
49458.00
49509.00
49501.00
49470.00
49454.00
49496.00
49516.00
49506.00
49468.00
49439.00
49490.00
49542.00
49532.00
49483.00
49418.00
49405.00
49444.00
49439.00
49380.00
49322.00
49290.00
49299.00
49255.00
49195.00
49115.00
49085.00
49053.00
49010.00
48938.00
48852.00
48797.00
48769.00
48733.00
48656.00
48572.00
48518.00
48476.00
48404.00
48281.00
48166.00
48066.00
47995.00
47907.00
47775.00
47611.00
47450.00
47367.00
47270.00
47088.00
46872.00
46685.00
46539.00
46420.00
46237.00
46043.00
45837.00
45697.00
45582.00
45453.00
45272.00
45084.00
44971.00
44909.00
44808.00
44661.00
44535.00
44450.00
44414.00
44335.00
44225.00
44098.00
44018.00
43968.00
43938.00
43832.00
43718.00
43675.00
43631.00
43636.00
43550.00
43491.00
43456.00
43472.00
43458.00
43414.00
43340.00
43322.00
43350.00
43375.00
43341.00
43290.00
43254.00
43277.00
43307.00
43299.00
43237.00
43196.00
43204.00
43239.00
43238.00
43217.00
43186.00
43181.00
43219.00
43217.00
43170.00
43139.00
43147.00
43204.00
43213.00
43199.00
43146.00
43153.00
43194.00
43217.00
43202.00
43159.00
43180.00
43247.00
43247.00
43258.00
43235.00
43278.00
43321.00
43357.00
43372.00
43357.00
43375.00
43446.00
43523.00
43523.00
43523.00
43570.00
43600.00
43691.00
43714.00
43703.00
43741.00
43814.00
43910.00
43961.00
43992.00
44027.00
44109.00
44234.00
44274.00
44315.00
44399.00
44531.00
44689.00
44777.00
44872.00
44985.00
45168.00
45355.00
45470.00
45610.00
45761.00
45943.00
46134.00
46262.00
46373.00
46480.00
46624.00
46792.00
46945.00
47059.00
47205.00
47373.00
47525.00
47682.00
47799.00
47889.00
47989.00
48103.00
48230.00
48270.00
48291.00
48334.00
48409.00
48513.00
48557.00
48590.00
48600.00
48657.00
48749.00
48836.00
48863.00
48888.00
48956.00
49077.00
49223.00
49344.00
49411.00
49513.00
49685.00
49859.00
49977.00
50033.00
50125.00
50252.00
50329.00
50349.00
50363.00
50401.00
50457.00
50455.00
50420.00
50391.00
50414.00
50453.00
50457.00
50405.00
50358.00
50367.00
50396.00
50399.00
50345.00
50278.00
50271.00
50268.00
50249.00
50175.00
50086.00
50058.00
50038.00
49982.00
49886.00
49758.00
49697.00
49673.00
49609.00
49455.00
49295.00
49176.00
49118.00
49061.00
48934.00
48729.00
48580.00
48487.00
48435.00
48325.00
48174.00
47990.00
47870.00
47768.00
47631.00
47468.00
47296.00
47142.00
46995.00
46824.00
46628.00
46417.00
46260.00
46120.00
45921.00
45713.00
45523.00
45372.00
45269.00
45145.00
44982.00
44836.00
44711.00
44648.00
44580.00
44456.00
44333.00
44232.00
44201.00
44174.00
44054.00
43943.00
43861.00
43838.00
43819.00
43751.00
43664.00
43612.00
43612.00
43614.00
43568.00
43497.00
43461.00
43456.00
43450.00
43421.00
43342.00
43311.00
43305.00
43328.00
43291.00
43220.00
43178.00
43176.00
43214.00
43172.00
43145.00
43096.00
43106.00
43126.00
43131.00
43085.00
43044.00
43053.00
43077.00
43078.00
43039.00
42997.00
43008.00
43043.00
43037.00
43022.00
42994.00
42969.00
43009.00
43032.00
43004.00
42983.00
42992.00
43023.00
43086.00
43077.00
43055.00
43054.00
43096.00
43136.00
43138.00
43113.00
43102.00
43154.00
43209.00
43234.00
43217.00
43205.00
43257.00
43303.00
43321.00
43313.00
43321.00
43403.00
43454.00
43482.00
43496.00
43503.00
43541.00
43611.00
43672.00
43670.00
43676.00
43736.00
43807.00
43880.00
43883.00
43921.00
43975.00
44075.00
44159.00
44194.00
44243.00
44335.00
44432.00
44528.00
44570.00
44658.00
44804.00
44950.00
45078.00
45127.00
45171.00
45287.00
45465.00
45601.00
45681.00
45755.00
45889.00
46090.00
46233.00
46324.00
46409.00
46548.00
46729.00
46897.00
46948.00
47009.00
47126.00
47297.00
47418.00
47484.00
47537.00
47639.00
47760.00
47905.00
47994.00
48035.00
48056.00
48155.00
48250.00
48322.00
48306.00
48280.00
48357.00
48479.00
48564.00
48567.00
48593.00
48710.00
48836.00
48911.00
48930.00
48951.00
49056.00
49191.00
49273.00
49295.00
49312.00
49402.00
49548.00
49641.00
49655.00
49621.00
49660.00
49760.00
49841.00
49805.00
49744.00
49721.00
49748.00
49804.00
49776.00
49714.00
49648.00
49642.00
49656.00
49650.00
49582.00
49482.00
49453.00
49465.00
49449.00
49397.00
49303.00
49244.00
49218.00
49192.00
49119.00
49027.00
48949.00
48884.00
48815.00
48760.00
48667.00
48563.00
48459.00
48338.00
48215.00
48092.00
47983.00
47875.00
47742.00
47569.00
47393.00
47236.00
47129.00
46970.00
46800.00
46609.00
46450.00
46316.00
46212.00
46007.00
45794.00
45609.00
45497.00
45418.00
45261.00
45114.00
44957.00
44873.00
44821.00
44729.00
44614.00
44494.00
44423.00
44388.00
44327.00
44243.00
44152.00
44085.00
44064.00
44006.00
43930.00
43823.00
43801.00
43803.00
43817.00
43741.00
43682.00
43645.00
43673.00
43643.00
43568.00
43520.00
43463.00
43492.00
43477.00
43420.00
43358.00
43332.00
43343.00
43348.00
43318.00
43251.00
43239.00
43242.00
43261.00
43259.00
43187.00
43174.00
43180.00
43229.00
43224.00
43186.00
43141.00
43164.00
43207.00
43201.00
43154.00
43110.00
43131.00
43178.00
43179.00
43135.00
43100.00
43112.00
43159.00
43180.00
43156.00
43114.00
43131.00
43185.00
43211.00
43183.00
43139.00
43174.00
43232.00
43268.00
43255.00
43237.00
43252.00
43310.00
43378.00
43357.00
43339.00
43368.00
43438.00
43493.00
43511.00
43533.00
43554.00
43631.00
43715.00
43744.00
43743.00
43820.00
43922.00
44036.00
44083.00
44113.00
44185.00
44286.00
44387.00
44487.00
44517.00
44574.00
44692.00
44827.00
44926.00
44950.00
45004.00
45103.00
45220.00
45310.00
45333.00
45389.00
45518.00
45669.00
45800.00
45855.00
45914.00
46050.00
46212.00
46369.00
46434.00
46491.00
46597.00
46736.00
46929.00
47055.00
47162.00
47304.00
47487.00
47670.00
47750.00
47823.00
47893.00
48014.00
48130.00
48160.00
48145.00
48141.00
48195.00
48259.00
48269.00
48221.00
48238.00
48318.00
48436.00
48476.00
48503.00
48545.00
48637.00
48724.00
48722.00
48690.00
48648.00
48654.00
48669.00
48677.00
48656.00
48650.00
48687.00
48724.00
48737.00
48721.00
48713.00
48747.00
48783.00
48816.00
48802.00
48765.00
48763.00
48766.00
48786.00
48702.00
48628.00
48593.00
48578.00
48575.00
48501.00
48404.00
48357.00
48360.00
48351.00
48257.00
48149.00
48062.00
48060.00
48073.00
47993.00
47847.00
47688.00
47625.00
47584.00
47532.00
47380.00
47231.00
47127.00
47054.00
46978.00
46830.00
46645.00
46486.00
46386.00
46260.00
46085.00
45898.00
45744.00
45641.00
45538.00
45381.00
45218.00
45085.00
45010.00
44952.00
44852.00
44728.00
44623.00
44585.00
44548.00
44457.00
44353.00
44240.00
44204.00
44190.00
44158.00
44065.00
43995.00
43981.00
44006.00
43978.00
43929.00
43889.00
43871.00
43898.00
43869.00
43811.00
43779.00
43732.00
43753.00
43745.00
43689.00
43627.00
43589.00
43599.00
43571.00
43549.00
43484.00
43491.00
43499.00
43501.00
43455.00
43409.00
43402.00
43409.00
43424.00
43383.00
43332.00
43309.00
43308.00
43347.00
43313.00
43270.00
43255.00
43266.00
43288.00
43270.00
43212.00
43180.00
43194.00
43235.00
43239.00
43170.00
