17735.00
17746.00
17744.00
17705.00
17698.00
17727.00
17756.00
17742.00
17711.00
17706.00
17747.00
17752.00
17760.00
17704.00
17708.00
17722.00
17745.00
17735.00
17720.00
17692.00
17733.00
17763.00
17772.00
17719.00
17714.00
17726.00
17749.00
17744.00
17704.00
17692.00
17725.00
17749.00
17758.00
17745.00
17734.00
17741.00
17750.00
17786.00
17746.00
17718.00
17710.00
17757.00
17775.00
17738.00
17714.00
17737.00
17741.00
17761.00
17743.00
17708.00
17725.00
17741.00
17760.00
17745.00
17736.00
17729.00
17753.00
17777.00
17742.00
17707.00
17715.00
17736.00
17739.00
17729.00
17702.00
17711.00
17734.00
17727.00
17716.00
17699.00
17711.00
17722.00
17758.00
17746.00
17687.00
17697.00
17732.00
17752.00
17745.00
17697.00
17713.00
17746.00
17769.00
17754.00
17725.00
17729.00
17738.00
17756.00
17746.00
17694.00
17705.00
17721.00
17747.00
17745.00
17710.00
17694.00
17716.00
17738.00
17741.00
17721.00
17723.00
17709.00
17740.00
17751.00
17730.00
17715.00
17741.00
17766.00
17759.00
17719.00
17717.00
17713.00
17754.00
17766.00
17737.00
17688.00
17730.00
17736.00
17762.00
17741.00
17692.00
17725.00
17751.00
17739.00
17726.00
17694.00
17728.00
17744.00
17748.00
17741.00
17699.00
17721.00
17758.00
17729.00
17736.00
17702.00
17702.00
17725.00
17757.00
17744.00
17728.00
17721.00
17734.00
17760.00
17737.00
17718.00
17706.00
17723.00
17728.00
17736.00
17693.00
17689.00
17719.00
17732.00
17713.00
17680.00
17679.00
17691.00
17703.00
17696.00
17662.00
17667.00
17693.00
17704.00
17694.00
17653.00
17656.00
17654.00
17686.00
17659.00
17634.00
17641.00
17667.00
17690.00
17702.00
17677.00
17656.00
17674.00
17685.00
17707.00
17643.00
17651.00
17676.00
17700.00
17726.00
17686.00
17669.00
17666.00
17711.00
17702.00
17670.00
17666.00
17687.00
17742.00
17733.00
17704.00
17694.00
17714.00
17731.00
17730.00
17712.00
17684.00
17683.00
17701.00
17711.00
17709.00
17697.00
17704.00
17715.00
17734.00
17705.00
17666.00
17699.00
17724.00
17711.00
17693.00
17668.00
17682.00
17696.00
17716.00
17683.00
17643.00
17634.00
17666.00
17673.00
17667.00
17635.00
17634.00
17645.00
17650.00
17646.00
17637.00
17610.00
17622.00
17629.00
17613.00
17579.00
17550.00
17570.00
17585.00
17533.00
17491.00
17467.00
17437.00
17428.00
17390.00
17341.00
17279.00
17225.00
17198.00
17142.00
17050.00
16966.00
16909.00
16834.00
16723.00
16599.00
16489.00
16412.00
16324.00
16215.00
16071.00
15905.00
15798.00
15665.00
15513.00
15336.00
15179.00
15057.00
14962.00
14826.00
14662.00
14500.00
14373.00
14276.00
14137.00
13980.00
13807.00
13701.00
13602.00
13479.00
13299.00
13139.00
13007.00
12890.00
12767.00
12621.00
12447.00
12307.00
12201.00
12077.00
11865.00
11714.00
11541.00
11449.00
11293.00
11132.00
10945.00
10815.00
10678.00
10539.00
10380.00
10189.00
10058.00
9946.00
9835.00
9674.00
9515.00
9401.00
9316.00
9220.00
9082.00
8948.00
8861.00
8783.00
8708.00
8589.00
8465.00
8370.00
8314.00
8250.00
8173.00
8055.00
7991.00
7950.00
7910.00
7848.00
7763.00
7707.00
7665.00
7648.00
7584.00
7504.00
7464.00
7450.00
7458.00
7419.00
7348.00
7321.00
7301.00
7311.00
7279.00
7236.00
7193.00
7206.00
7222.00
7201.00
7143.00
7094.00
7100.00
7136.00
7106.00
7058.00
7008.00
7027.00
7053.00
7069.00
7031.00
7010.00
7019.00
7058.00
7067.00
7082.00
7061.00
7087.00
7158.00
7208.00
7229.00
7250.00
7343.00
7439.00
7502.00
7536.00
7551.00
7615.00
7690.00
7779.00
7842.00
7896.00
7988.00
8092.00
8192.00
8268.00
8335.00
8455.00
8594.00
8731.00
8812.00
8933.00
9075.00
9266.00
9437.00
9578.00
9712.00
9905.00
10102.00
10320.00
10523.00
10727.00
10927.00
11177.00
11394.00
11576.00
11746.00
11937.00
12172.00
12403.00
12558.00
12735.00
12895.00
13080.00
13236.00
13376.00
13503.00
13664.00
13838.00
13982.00
14122.00
14244.00
14351.00
14509.00
14658.00
14776.00
14871.00
15002.00
15128.00
15236.00
15342.00
15437.00
15548.00
15645.00
15763.00
15838.00
15891.00
15939.00
16027.00
16125.00
16178.00
16220.00
16222.00
16297.00
16366.00
16438.00
16461.00
16491.00
16516.00
16604.00
16619.00
16640.00
16640.00
16683.00
16735.00
16760.00
16760.00
16743.00
16772.00
16825.00
16841.00
16820.00
16818.00
16848.00
16900.00
16896.00
16917.00
16887.00
16898.00
16950.00
16975.00
16972.00
16964.00
16977.00
17004.00
17034.00
17039.00
17019.00
17029.00
17063.00
17070.00
17065.00
17040.00
17038.00
17045.00
17079.00
17078.00
17035.00
17038.00
17076.00
17084.00
17086.00
17044.00
17025.00
17036.00
17041.00
17016.00
16951.00
16933.00
16922.00
16909.00
16846.00
16800.00
16732.00
16687.00
16656.00
16592.00
16493.00
16404.00
16332.00
16273.00
16149.00
16025.00
15876.00
15765.00
15645.00
15485.00
15313.00
15133.00
14978.00
14816.00
14653.00
14460.00
14287.00
14127.00
13970.00
13778.00
13568.00
13374.00
13200.00
13028.00
12856.00
12671.00
12508.00
12372.00
12266.00
12136.00
11964.00
11793.00
11646.00
11512.00
11376.00
11220.00
11056.00
10910.00
10780.00
10663.00
10511.00
10332.00
10225.00
10108.00
9981.00
9837.00
9673.00
9545.00
9450.00
9340.00
9195.00
9032.00
8891.00
8821.00
8724.00
8597.00
8446.00
8349.00
8288.00
8209.00
8103.00
7978.00
7887.00
7813.00
7758.00
7654.00
7538.00
7455.00
7384.00
7348.00
7267.00
7159.00
7093.00
7073.00
7033.00
6974.00
6876.00
6819.00
6779.00
6757.00
6744.00
6677.00
6628.00
6614.00
6624.00
6595.00
6552.00
6519.00
6506.00
6530.00
6539.00
6493.00
6459.00
6453.00
6495.00
6469.00
6436.00
6403.00
6428.00
6447.00
6443.00
6409.00
6390.00
6388.00
6412.00
6427.00
6401.00
6356.00
6362.00
6374.00
6387.00
6362.00
6340.00
6348.00
6375.00
6407.00
6413.00
6399.00
6440.00
6504.00
6557.00
6588.00
6590.00
6655.00
6740.00
6809.00
6859.00
6887.00
6939.00
7036.00
7115.00
7218.00
7254.00
7320.00
7427.00
7526.00
7580.00
7625.00
7696.00
7808.00
7937.00
8021.00
8075.00
8159.00
8276.00
8401.00
8493.00
8605.00
8727.00
8869.00
9013.00
9136.00
9226.00
9341.00
9501.00
9679.00
9838.00
9955.00
10083.00
10266.00
10447.00
10618.00
10727.00
10897.00
11065.00
11252.00
11415.00
11539.00
11686.00
11856.00
12055.00
12239.00
12359.00
12513.00
12658.00
12835.00
12997.00
13126.00
13255.00
13431.00
13631.00
13805.00
13945.00
14078.00
14221.00
14383.00
14511.00
14593.00
14677.00
14815.00
14958.00
15070.00
15173.00
15238.00
15341.00
15462.00
15556.00
15623.00
15672.00
15728.00
15847.00
15915.00
15956.00
15991.00
16047.00
16126.00
16183.00
16222.00
16231.00
16257.00
16326.00
16349.00
16362.00
16372.00
16386.00
16429.00
16477.00
16483.00
16460.00
16488.00
16498.00
16538.00
16542.00
16536.00
16524.00
16560.00
16589.00
16617.00
16598.00
16595.00
16615.00
16650.00
16647.00
16636.00
16610.00
16621.00
16653.00
16662.00
16642.00
16606.00
16609.00
16626.00
16644.00
16592.00
16550.00
16525.00
16524.00
16489.00
16435.00
16361.00
16325.00
16279.00
16219.00
16126.00
16015.00
15933.00
15857.00
15772.00
15653.00
15493.00
15339.00
15207.00
15075.00
14888.00
14684.00
14501.00
14329.00
14174.00
13962.00
13720.00
13500.00
13323.00
13128.00
12881.00
12635.00
12417.00
12248.00
12068.00
11838.00
11596.00
11386.00
11207.00
11025.00
10842.00
10659.00
10455.00
10295.00
10140.00
9923.00
9700.00
9520.00
9363.00
9235.00
9047.00
8851.00
8669.00
8534.00
8401.00
8249.00
8127.00
7984.00
7890.00
7830.00
7736.00
7604.00
7493.00
7420.00
7366.00
7271.00
7170.00
7059.00
7001.00
6961.00
6888.00
6806.00
6706.00
6669.00
6634.00
6585.00
6502.00
6407.00
6384.00
6376.00
6339.00
6283.00
6204.00
6194.00
6196.00
6183.00
6138.00
6075.00
6059.00
6080.00
6083.00
6044.00
6026.00
6027.00
6046.00
6050.00
6030.00
5979.00
5995.00
6035.00
6053.00
6041.00
6019.00
6031.00
6047.00
6092.00
6089.00
6061.00
6078.00
6138.00
6192.00
6211.00
6216.00
6247.00
6310.00
6390.00
6451.00
6457.00
6504.00
6601.00
6683.00
6766.00
6809.00
6901.00
6992.00
7131.00
7201.00
7269.00
7353.00
7491.00
7632.00
7744.00
7851.00
7930.00
8063.00
8214.00
8335.00
8425.00
8519.00
8650.00
8831.00
8963.00
9102.00
9225.00
9397.00
9579.00
9740.00
9884.00
9995.00
10164.00
10369.00
10538.00
10675.00
10816.00
10983.00
11203.00
11376.00
11523.00
11638.00
11854.00
12050.00
12221.00
12375.00
12519.00
12698.00
12894.00
13072.00
13228.00
13346.00
13507.00
13699.00
13860.00
13984.00
14108.00
14228.00
14386.00
14531.00
14664.00
14756.00
14847.00
14970.00
15069.00
15173.00
15227.00
15311.00
15428.00
15495.00
15560.00
15591.00
15634.00
15709.00
15757.00
15819.00
15822.00
15847.00
15886.00
15960.00
15970.00
15986.00
16009.00
16048.00
16092.00
16120.00
16114.00
16130.00
16157.00
16195.00
16221.00
16228.00
16209.00
16219.00
16295.00
16295.00
16288.00
16278.00
16300.00
16326.00
16320.00
16336.00
16309.00
16336.00
16372.00
16391.00
16389.00
16349.00
16366.00
16387.00
16424.00
16410.00
16392.00
16417.00
16448.00
16461.00
16442.00
16422.00
16430.00
16473.00
16485.00
16460.00
16442.00
16453.00
16475.00
16498.00
16464.00
16418.00
16401.00
16422.00
16407.00
16378.00
16330.00
16314.00
16301.00
16281.00
16228.00
16148.00
16079.00
16038.00
15980.00
15918.00
15814.00
15732.00
15655.00
15605.00
15505.00
15372.00
15258.00
15121.00
14973.00
14840.00
14666.00
14503.00
14364.00
14214.00
14050.00
13859.00
13656.00
13482.00
13319.00
13132.00
12901.00
12670.00
12465.00
12279.00
12085.00
11837.00
11585.00
11405.00
11252.00
11076.00
10889.00
10688.00
10519.00
10366.00
10217.00
10021.00
9860.00
9722.00
9593.00
9432.00
9260.00
9072.00
8925.00
8794.00
8662.00
8533.00
8348.00
8223.00
8127.00
8026.00
7883.00
7732.00
7626.00
7549.00
7476.00
7364.00
7230.00
7127.00
7062.00
6995.00
6895.00
6756.00
6697.00
6647.00
6612.00
6529.00
6426.00
6349.00
6295.00
6253.00
6178.00
6085.00
6027.00
5991.00
5974.00
5931.00
5865.00
5825.00
5806.00
5814.00
5787.00
5731.00
5684.00
5680.00
5697.00
5684.00
5643.00
5648.00
5663.00
5690.00
5695.00
5656.00
5629.00
5631.00
5672.00
5673.00
5642.00
5607.00
5611.00
5640.00
5652.00
5633.00
5588.00
5598.00
5636.00
5669.00
5645.00
5623.00
5638.00
5683.00
5716.00
5723.00
5721.00
5776.00
5874.00
5950.00
6002.00
6041.00
6131.00
6210.00
6310.00
6392.00
6448.00
6574.00
6740.00
6900.00
7046.00
7180.00
7369.00
7588.00
7770.00
7951.00
8112.00
8362.00
8619.00
8891.00
9134.00
9362.00
9618.00
9888.00
10148.00
10349.00
10547.00
10778.00
11008.00
11244.00
11433.00
11609.00
11775.00
11954.00
12131.00
12303.00
12431.00
12589.00
12794.00
12974.00
13124.00
13258.00
13379.00
13510.00
13661.00
13789.00
13901.00
14014.00
14129.00
14248.00
14360.00
14435.00
14508.00
14597.00
14740.00
14822.00
14893.00
14944.00
15018.00
15132.00
15206.00
15248.00
15260.00
15302.00
15382.00
15446.00
15459.00
15473.00
15519.00
15580.00
15635.00
15654.00
15665.00
15687.00
15733.00
15748.00
15765.00
15758.00
15784.00
15819.00
15857.00
15858.00
15842.00
15884.00
15921.00
15953.00
15960.00
15937.00
15956.00
15978.00
16015.00
16018.00
16004.00
15988.00
16028.00
16059.00
16065.00
16043.00
16041.00
16091.00
16107.00
16099.00
16077.00
16073.00
16086.00
16128.00
16137.00
16091.00
16074.00
16084.00
16103.00
16108.00
16076.00
16019.00
16022.00
16053.00
16049.00
15979.00
15912.00
15892.00
15850.00
15784.00
15694.00
15563.00
15486.00
15408.00
15299.00
15142.00
14986.00
14826.00
14691.00
14500.00
14303.00
14082.00
13880.00
13694.00
13508.00
13255.00
12983.00
12776.00
12554.00
12329.00
12064.00
11772.00
11507.00
11259.00
11006.00
10745.00
10530.00
10318.00
10112.00
9901.00
9680.00
9409.00
9171.00
8994.00
8820.00
8600.00
8380.00
8207.00
8057.00
7949.00
7792.00
7618.00
7476.00
7367.00
7274.00
7144.00
6999.00
6882.00
6798.00
6743.00
6652.00
6516.00
6415.00
6349.00
6326.00
6242.00
6123.00
6011.00
5989.00
5946.00
5885.00
5798.00
5713.00
5673.00
5652.00
5625.00
5536.00
5468.00
5448.00
5443.00
5417.00
5350.00
5267.00
5259.00
5278.00
5255.00
5202.00
5159.00
5136.00
5155.00
5147.00
5110.00
5040.00
5024.00
5047.00
5043.00
4999.00
4938.00
4923.00
4940.00
4955.00
4925.00
4863.00
4865.00
4895.00
4909.00
4916.00
4874.00
4893.00
4954.00
5005.00
5038.00
5026.00
5070.00
5153.00
5233.00
5297.00
5325.00
5385.00
5498.00
5613.00
5684.00
5742.00
5833.00
5960.00
6103.00
6222.00
6321.00
6420.00
6574.00
6770.00
6929.00
7036.00
7161.00
7333.00
7528.00
7712.00
7859.00
8022.00
8231.00
8440.00
8616.00
8770.00
8949.00
9154.00
9375.00
9574.00
9724.00
9864.00
10056.00
10253.00
10452.00
10588.00
10728.00
10897.00
11104.00
11299.00
11476.00
11628.00
11813.00
12013.00
12214.00
12376.00
12524.00
12707.00
12879.00
13049.00
13187.00
13327.00
13470.00
13640.00
13792.00
13912.00
14009.00
14113.00
14245.00
14347.00
14415.00
14430.00
14500.00
14576.00
14636.00
14669.00
14680.00
14718.00
14777.00
14847.00
14868.00
14875.00
14891.00
14952.00
15024.00
15046.00
15049.00
15066.00
15117.00
15163.00
15181.00
15186.00
15189.00
15226.00
15289.00
15295.00
15295.00
15271.00
15317.00
15350.00
15368.00
15354.00
15321.00
15343.00
15356.00
15345.00
15306.00
15258.00
15236.00
15242.00
15227.00
15148.00
15061.00
15007.00
14953.00
14879.00
14763.00
14620.00
14527.00
14412.00
14294.00
14128.00
13967.00
13796.00
13646.00
13483.00
13270.00
13057.00
12858.00
12670.00
12480.00
12249.00
11974.00
11739.00
11511.00
11284.00
11032.00
10764.00
10487.00
10226.00
9975.00
9766.00
9517.00
9272.00
9090.00
8887.00
8663.00
8411.00
8187.00
8006.00
7874.00
7681.00
7461.00
7275.00
7151.00
7036.00
6890.00
6710.00
6572.00
6474.00
6394.00
6291.00
6137.00
6008.00
5952.00
5894.00
5828.00
5696.00
5592.00
5535.00
5513.00
5438.00
5338.00
5240.00
5191.00
5174.00
5113.00
5018.00
4913.00
4868.00
4832.00
4793.00
4692.00
4607.00
4559.00
4510.00
4446.00
4322.00
4208.00
4111.00
3981.00
661.00
620.00
555.00
583.00
637.00
669.00
615.00
568.00
572.00
647.00
663.00
624.00
561.00
578.00
633.00
666.00
625.00
567.00
567.00
627.00
652.00
637.00
559.00
569.00
618.00
669.00
635.00
557.00
568.00
612.00
674.00
652.00
585.00
583.00
623.00
682.00
670.00
594.00
573.00
634.00
685.00
685.00
615.00
586.00
646.00
710.00
696.00
629.00
587.00
624.00
711.00
712.00
640.00
586.00
633.00
700.00
699.00
632.00
597.00
617.00
675.00
687.00
634.00
595.00
628.00
686.00
698.00
637.00
575.00
609.00
679.00
686.00
641.00
600.00
601.00
648.00
682.00
660.00
604.00
627.00
685.00
728.00
916.00
1978.00
1687.00
1247.00
1046.00
925.00
816.00
790.00
831.00
827.00
793.00
711.00
699.00
750.00
782.00
768.00
684.00
692.00
734.00
785.00
758.00
694.00
664.00
721.00
767.00
748.00
685.00
659.00
697.00
754.00
749.00
673.00
652.00
692.00
756.00
747.00
698.00
641.00
685.00
746.00
736.00
664.00
620.00
665.00
704.00
700.00
646.00
596.00
604.00
657.00
639.00
590.00
539.00
556.00
597.00
602.00
559.00
553.00
576.00
639.00
735.00
1024.00
1049.00
792.00
795.00
790.00
608.00
580.00
610.00
665.00
680.00
631.00
563.00
571.00
651.00
680.00
636.00
580.00
582.00
652.00
713.00
691.00
590.00
597.00
680.00
720.00
701.00
610.00
601.00
669.00
712.00
690.00
593.00
593.00
642.00
717.00
681.00
603.00
581.00
626.00
677.00
659.00
582.00
551.00
616.00
665.00
642.00
578.00
549.00
587.00
644.00
631.00
570.00
546.00
569.00
619.00
615.00
573.00
523.00
560.00
612.00
613.00
565.00
525.00
553.00
612.00
615.00
580.00
528.00
553.00
604.00
624.00
568.00
523.00
551.00
610.00
624.00
581.00
531.00
552.00
606.00
625.00
596.00
548.00
561.00
611.00
641.00
602.00
542.00
560.00
602.00
628.00
603.00
539.00
551.00
615.00
636.00
634.00
556.00
571.00
638.00
674.00
644.00
574.00
576.00
640.00
699.00
676.00
591.00
598.00
656.00
721.00
680.00
605.00
595.00
638.00
699.00
677.00
604.00
588.00
621.00
685.00
679.00
611.00
581.00
633.00
684.00
694.00
621.00
597.00
614.00
679.00
685.00
639.00
602.00
633.00
691.00
700.00
632.00
607.00
640.00
1258.00
1546.00
1362.00
1146.00
1018.00
977.00
938.00
827.00
687.00
712.00
759.00
780.00
741.00
677.00
692.00
743.00
786.00
728.00
671.00
684.00
726.00
772.00
723.00
653.00
669.00
717.00
775.00
737.00
656.00
666.00
711.00
768.00
722.00
649.00
638.00
695.00
754.00
721.00
649.00
636.00
669.00
699.00
657.00
599.00
580.00
599.00
631.00
602.00
560.00
534.00
558.00
595.00
584.00
549.00
556.00
601.00
701.00
877.00
573.00
531.00
575.00
627.00
627.00
561.00
539.00
558.00
617.00
608.00
558.00
526.00
533.00
597.00
585.00
541.00
510.00
525.00
572.00
568.00
530.00
485.00
504.00
547.00
553.00
519.00
482.00
494.00
535.00
537.00
525.00
473.00
481.00
531.00
541.00
514.00
475.00
484.00
506.00
527.00
509.00
455.00
459.00
511.00
517.00
503.00
466.00
460.00
493.00
526.00
502.00
453.00
466.00
491.00
507.00
512.00
449.00
452.00
483.00
510.00
495.00
464.00
456.00
492.00
515.00
503.00
462.00
468.00
476.00
503.00
512.00
472.00
455.00
488.00
514.00
505.00
467.00
454.00
468.00
515.00
498.00
476.00
453.00
469.00
506.00
504.00
468.00
440.00
456.00
495.00
493.00
458.00
434.00
453.00
495.00
497.00
475.00
447.00
458.00
493.00
503.00
488.00
444.00
464.00
502.00
527.00
498.00
465.00
477.00
513.00
541.00
516.00
484.00
489.00
538.00
560.00
538.00
507.00
500.00
551.00
583.00
568.00
531.00
533.00
590.00
637.00
607.00
550.00
546.00
581.00
644.00
606.00
555.00
537.00
592.00
622.00
629.00
559.00
540.00
570.00
620.00
617.00
556.00
537.00
559.00
618.00
611.00
574.00
535.00
571.00
613.00
610.00
575.00
549.00
595.00
632.00
634.00
594.00
567.00
595.00
625.00
640.00
620.00
590.00
607.00
665.00
689.00
654.00
613.00
639.00
673.00
711.00
682.00
626.00
643.00
692.00
712.00
682.00
630.00
641.00
695.00
719.00
709.00
635.00
640.00
685.00
718.00
681.00
611.00
599.00
633.00
649.00
622.00
559.00
554.00
574.00
596.00
575.00
528.00
527.00
547.00
577.00
558.00
522.00
499.00
541.00
572.00
578.00
567.00
617.00
561.00
612.00
606.00
561.00
544.00
564.00
614.00
599.00
566.00
530.00
570.00
604.00
603.00
572.00
527.00
543.00
602.00
614.00
554.00
533.00
552.00
618.00
635.00
572.00
526.00
552.00
599.00
628.00
579.00
521.00
532.00
590.00
609.00
573.00
513.00
518.00
575.00
591.00
562.00
523.00
520.00
572.00
598.00
574.00
513.00
531.00
563.00
603.00
578.00
521.00
517.00
564.00
583.00
576.00
519.00
506.00
550.00
584.00
586.00
523.00
520.00
555.00
588.00
573.00
520.00
505.00
551.00
597.00
589.00
526.00
507.00
546.00
585.00
581.00
529.00
519.00
544.00
593.00
599.00
539.00
505.00
541.00
573.00
593.00
545.00
498.00
515.00
561.00
587.00
550.00
501.00
525.00
566.00
584.00
535.00
508.00
517.00
576.00
598.00
561.00
516.00
533.00
586.00
598.00
568.00
516.00
534.00
603.00
635.00
599.00
542.00
551.00
605.00
660.00
622.00
548.00
572.00
620.00
671.00
641.00
562.00
555.00
610.00
639.00
622.00
542.00
540.00
592.00
636.00
616.00
569.00
543.00
570.00
636.00
612.00
565.00
535.00
573.00
621.00
627.00
587.00
550.00
585.00
629.00
645.00
628.00
585.00
624.00
691.00
700.00
661.00
638.00
672.00
740.00
748.00
704.00
665.00
682.00
742.00
757.00
708.00
663.00
684.00
745.00
768.00
713.00
661.00
681.00
741.00
758.00
713.00
631.00
642.00
656.00
669.00
619.00
585.00
569.00
599.00
621.00
593.00
553.00
543.00
572.00
594.00
576.00
529.00
538.00
570.00
599.00
612.00
553.00
545.00
576.00
619.00
599.00
548.00
529.00
577.00
629.00
630.00
570.00
543.00
590.00
646.00
638.00
586.00
547.00
606.00
646.00
643.00
572.00
548.00
582.00
646.00
654.00
592.00
551.00
576.00
660.00
659.00
601.00
552.00
589.00
640.00
649.00
587.00
536.00
543.00
624.00
626.00
573.00
535.00
559.00
614.00
618.00
588.00
519.00
548.00
586.00
613.00
594.00
524.00
550.00
593.00
629.00
591.00
530.00
535.00
581.00
622.00
604.00
530.00
537.00
578.00
610.00
595.00
523.00
524.00
588.00
625.00
602.00
537.00
528.00
579.00
621.00
607.00
532.00
516.00
570.00
618.00
604.00
563.00
533.00
563.00
615.00
602.00
545.00
525.00
566.00
614.00
618.00
547.00
514.00
557.00
600.00
604.00
558.00
529.00
561.00
609.00
622.00
563.00
517.00
555.00
606.00
631.00
579.00
532.00
564.00
621.00
630.00
590.00
531.00
558.00
630.00
652.00
613.00
554.00
567.00
635.00
672.00
648.00
561.00
585.00
645.00
696.00
642.00
573.00
585.00
650.00
689.00
648.00
574.00
566.00
630.00
666.00
639.00
569.00
561.00
604.00
647.00
627.00
560.00
548.00
600.00
642.00
619.00
555.00
553.00
575.00
624.00
615.00
557.00
544.00
591.00
633.00
627.00
567.00
541.00
578.00
626.00
643.00
600.00
568.00
628.00
666.00
674.00
640.00
601.00
625.00
674.00
698.00
647.00
620.00
645.00
684.00
704.00
665.00
612.00
624.00
677.00
701.00
669.00
610.00
625.00
672.00
684.00
655.00
603.00
608.00
668.00
665.00
649.00
590.00
597.00
637.00
661.00
633.00
580.00
590.00
631.00
655.00
632.00
577.00
586.00
626.00
658.00
624.00
589.00
583.00
613.00
654.00
632.00
573.00
575.00
598.00
643.00
628.00
586.00
568.00
602.00
645.00
628.00
581.00
572.00
600.00
642.00
630.00
585.00
580.00
594.00
631.00
632.00
588.00
569.00
593.00
645.00
618.00
587.00
555.00
584.00
624.00
631.00
593.00
551.00
576.00
611.00
618.00
578.00
545.00
564.00
598.00
605.00
561.00
521.00
546.00
575.00
589.00
558.00
522.00
533.00
557.00
570.00
560.00
506.00
514.00
563.00
572.00
557.00
514.00
525.00
579.00
578.00
561.00
527.00
538.00
574.00
607.00
588.00
549.00
547.00
598.00
614.00
605.00
546.00
561.00
597.00
625.00
620.00
560.00
551.00
602.00
636.00
613.00
566.00
562.00
590.00
629.00
630.00
572.00
569.00
587.00
629.00
631.00
566.00
558.00
592.00
640.00
636.00
580.00
554.00
580.00
646.00
628.00
578.00
550.00
587.00
639.00
633.00
584.00
545.00
572.00
629.00
624.00
585.00
562.00
577.00
627.00
643.00
587.00
554.00
575.00
626.00
624.00
603.00
550.00
578.00
620.00
634.00
602.00
552.00
570.00
606.00
649.00
607.00
557.00
567.00
613.00
631.00
614.00
554.00
566.00
609.00
650.00
608.00
550.00
567.00
607.00
626.00
611.00
562.00
573.00
605.00
643.00
630.00
570.00
571.00
600.00
638.00
630.00
555.00
565.00
595.00
650.00
634.00
584.00
569.00
603.00
639.00
618.00
572.00
556.00
594.00
640.00
644.00
594.00
562.00
595.00
654.00
637.00
586.00
564.00
593.00
647.00
647.00
590.00
563.00
585.00
644.00
638.00
593.00
548.00
593.00
643.00
652.00
609.00
557.00
590.00
639.00
642.00
614.00
555.00
587.00
633.00
654.00
617.00
559.00
574.00
637.00
648.00
611.00
564.00
577.00
618.00
648.00
629.00
563.00
583.00
627.00
635.00
619.00
572.00
580.00
626.00
656.00
622.00
565.00
569.00
617.00
647.00
619.00
570.00
560.00
618.00
649.00
634.00
573.00
573.00
612.00
646.00
623.00
578.00
570.00
601.00
641.00
640.00
572.00
561.00
600.00
643.00
639.00
579.00
557.00
602.00
640.00
633.00
592.00
557.00
600.00
638.00
638.00
593.00
562.00
597.00
640.00
632.00
590.00
558.00
586.00
642.00
624.00
595.00
561.00
590.00
640.00
638.00
601.00
551.00
593.00
627.00
633.00
594.00
557.00
585.00
636.00
637.00
598.00
549.00
591.00
622.00
640.00
610.00
569.00
580.00
629.00
640.00
608.00
560.00
571.00
614.00
643.00
612.00
553.00
565.00
621.00
653.00
617.00
557.00
572.00
622.00
654.00
619.00
568.00
563.00
610.00
631.00
624.00
567.00
566.00
610.00
652.00
624.00
574.00
568.00
603.00
650.00
628.00
583.00
553.00
602.00
643.00
635.00
584.00
551.00
609.00
637.00
628.00
572.00
571.00
601.00
636.00
634.00
584.00
557.00
591.00
643.00
634.00
590.00
568.00
595.00
649.00
639.00
588.00
564.00
585.00
634.00
643.00
591.00
554.00
591.00
640.00
649.00
604.00
551.00
576.00
631.00
634.00
609.00
556.00
596.00
635.00
656.00
617.00
567.00
588.00
625.00
661.00
611.00
559.00
573.00
628.00
639.00
620.00
570.00
583.00
633.00
646.00
620.00
560.00
573.00
627.00
647.00
614.00
561.00
575.00
617.00
648.00
617.00
578.00
558.00
625.00
652.00
627.00
576.00
576.00
622.00
654.00
629.00
579.00
573.00
613.00
654.00
616.00
584.00
569.00
612.00
658.00
636.00
581.00
568.00
616.00
651.00
635.00
585.00
559.00
603.00
652.00
636.00
589.00
562.00
601.00
641.00
635.00
573.00
552.00
595.00
647.00
639.00
586.00
564.00
598.00
636.00
636.00
596.00
542.00
583.00
643.00
654.00
601.00
558.00
585.00
634.00
654.00
614.00
556.00
583.00
632.00
668.00
606.00
568.00
585.00
633.00
655.00
601.00
555.00
589.00
623.00
648.00
599.00
556.00
581.00
628.00
642.00
610.00
557.00
580.00
630.00
642.00
616.00
573.00
575.00
617.00
652.00
609.00
564.00
572.00
625.00
653.00
625.00
556.00
570.00
616.00
646.00
614.00
570.00
575.00
615.00
649.00
618.00
569.00
567.00
622.00
648.00
620.00
575.00
590.00
609.00
655.00
633.00
573.00
565.00
613.00
648.00
627.00
581.00
571.00
600.00
646.00
627.00
586.00
554.00
594.00
649.00
633.00
592.00
563.00
590.00
640.00
632.00
580.00
557.00
591.00
638.00
643.00
587.00
558.00
578.00
634.00
625.00
593.00
550.00
590.00
625.00
645.00
592.00
555.00
582.00
622.00
626.00
592.00
554.00
575.00
622.00
637.00
592.00
558.00
573.00
623.00
626.00
587.00
565.00
568.00
620.00
634.00
591.00
543.00
571.00
618.00
626.00
589.00
534.00
575.00
621.00
633.00
601.00
550.00
569.00
607.00
634.00
595.00
560.00
558.00
612.00
628.00
600.00
567.00
556.00
611.00
646.00
601.00
560.00
562.00
605.00
635.00
621.00
557.00
567.00
605.00
632.00
606.00
567.00
565.00
607.00
631.00
610.00
568.00
545.00
586.00
634.00
606.00
558.00
560.00
593.00
639.00
621.00
554.00
555.00
595.00
625.00
611.00
566.00
550.00
587.00
630.00
622.00
563.00
559.00
588.00
628.00
620.00
562.00
555.00
587.00
633.00
618.00
569.00
546.00
587.00
620.00
624.00
575.00
552.00
576.00
617.00
630.00
567.00
547.00
582.00
626.00
630.00
584.00
543.00
574.00
627.00
634.00
582.00
550.00
572.00
628.00
632.00
585.00
550.00
584.00
615.00
624.00
592.00
546.00
574.00
619.00
637.00
604.00
544.00
564.00
625.00
635.00
597.00
544.00
551.00
624.00
642.00
603.00
560.00
568.00
609.00
635.00
602.00
561.00
571.00
608.00
635.00
604.00
543.00
569.00
612.00
628.00
601.00
555.00
562.00
608.00
629.00
613.00
553.00
550.00
600.00
630.00
617.00
557.00
560.00
607.00
634.00
605.00
559.00
552.00
607.00
637.00
623.00
559.00
559.00
588.00
634.00
622.00
569.00
551.00
594.00
634.00
620.00
557.00
558.00
597.00
626.00
610.00
571.00
560.00
587.00
627.00
613.00
578.00
553.00
590.00
637.00
613.00
567.00
553.00
580.00
621.00
608.00
576.00
551.00
580.00
621.00
616.00
579.00
541.00
572.00
625.00
624.00
571.00
534.00
579.00
620.00
624.00
569.00
560.00
568.00
619.00
629.00
587.00
552.00
566.00
618.00
617.00
576.00
558.00
570.00
624.00
634.00
594.00
547.00
583.00
617.00
635.00
598.00
546.00
561.00
601.00
628.00
584.00
551.00
567.00
607.00
623.00
594.00
543.00
576.00
611.00
627.00
596.00
554.00
568.00
615.00
629.00
596.00
555.00
556.00
607.00
638.00
596.00
544.00
565.00
604.00
630.00
618.00
554.00
554.00
599.00
623.00
613.00
557.00
557.00
595.00
629.00
599.00
568.00
559.00
593.00
626.00
609.00
546.00
551.00
591.00
624.00
617.00
555.00
545.00
607.00
631.00
619.00
555.00
540.00
587.00
620.00
620.00
560.00
557.00
588.00
630.00
619.00
564.00
546.00
576.00
619.00
620.00
571.00
554.00
573.00
619.00
615.00
558.00
557.00
589.00
630.00
621.00
563.00
540.00
573.00
615.00
617.00
575.00
546.00
582.00
606.00
612.00
579.00
538.00
581.00
609.00
616.00
575.00
546.00
568.00
605.00
630.00
574.00
554.00
574.00
614.00
620.00
586.00
553.00
574.00
615.00
625.00
580.00
546.00
567.00
621.00
624.00
594.00
546.00
555.00
610.00
623.00
596.00
542.00
565.00
616.00
630.00
601.00
547.00
552.00
595.00
618.00
578.00
540.00
546.00
597.00
623.00
597.00
551.00
558.00
600.00
627.00
590.00
556.00
543.00
589.00
616.00
607.00
547.00
551.00
589.00
609.00
588.00
548.00
544.00
583.00
614.00
599.00
552.00
538.00
584.00
607.00
594.00
540.00
558.00
585.00
610.00
594.00
543.00
542.00
571.00
612.00
590.00
555.00
526.00
564.00
599.00
593.00
537.00
532.00
568.00
602.00
578.00
541.00
526.00
561.00
597.00
594.00
550.00
531.00
553.00
587.00
576.00
543.00
531.00
545.00
593.00
593.00
542.00
532.00
552.00
599.00
591.00
552.00
530.00
555.00
586.00
586.00
554.00
539.00
547.00
576.00
581.00
558.00
529.00
551.00
588.00
583.00
549.00
533.00
545.00
582.00
592.00
567.00
528.00
539.00
567.00
585.00
564.00
529.00
542.00
573.00
597.00
571.00
526.00
536.00
581.00
598.00
565.00
520.00
537.00
583.00
593.00
570.00
532.00
540.00
578.00
603.00
573.00
526.00
545.00
580.00
602.00
580.00
536.00
544.00
583.00
604.00
590.00
535.00
550.00
585.00
618.00
586.00
557.00
539.00
576.00
611.00
595.00
544.00
541.00
578.00
619.00
584.00
551.00
537.00
574.00
614.00
586.00
542.00
552.00
568.00
606.00
602.00
549.00
543.00
586.00
609.00
586.00
555.00
546.00
581.00
621.00
602.00
556.00
554.00
568.00
618.00
601.00
555.00
549.00
589.00
614.00
605.00
570.00
541.00
576.00
608.00
606.00
560.00
546.00
578.00
615.00
607.00
563.00
536.00
560.00
607.00
606.00
565.00
561.00
570.00
609.00
619.00
574.00
546.00
564.00
613.00
616.00
574.00
542.00
567.00
615.00
624.00
574.00
539.00
563.00
616.00
614.00
584.00
534.00
568.00
614.00
605.00
598.00
542.00
561.00
612.00
629.00
593.00
548.00
571.00
608.00
618.00
592.00
546.00
554.00
601.00
626.00
583.00
552.00
552.00
612.00
622.00
595.00
561.00
562.00
608.00
620.00
601.00
544.00
564.00
607.00
617.00
589.00
553.00
555.00
615.00
631.00
613.00
557.00
557.00
598.00
618.00
617.00
553.00
552.00
598.00
617.00
609.00
563.00
572.00
592.00
627.00
605.00
557.00
552.00
593.00
629.00
615.00
562.00
555.00
596.00
620.00
613.00
562.00
566.00
588.00
613.00
611.00
561.00
552.00
587.00
626.00
609.00
572.00
547.00
586.00
625.00
618.00
579.00
545.00
573.00
633.00
607.00
561.00
542.00
568.00
611.00
615.00
578.00
541.00
568.00
601.00
618.00
571.00
546.00
565.00
618.00
607.00
575.00
544.00
579.00
598.00
607.00
574.00
536.00
554.00
598.00
607.00
570.00
547.00
561.00
612.00
618.00
582.00
536.00
570.00
593.00
611.00
581.00
540.00
558.00
594.00
609.00
581.00
533.00
545.00
602.00
608.00
575.00
542.00
562.00
597.00
610.00
581.00
531.00
549.00
598.00
602.00
586.00
533.00
559.00
595.00
624.00
584.00
542.00
557.00
587.00
623.00
598.00
546.00
543.00
595.00
619.00
595.00
552.00
557.00
600.00
626.00
586.00
551.00
562.00
584.00
619.00
595.00
552.00
562.00
596.00
633.00
603.00
563.00
569.00
613.00
630.00
618.00
560.00
560.00
604.00
633.00
613.00
545.00
567.00
586.00
631.00
622.00
565.00
565.00
601.00
638.00
613.00
571.00
560.00
592.00
627.00
614.00
560.00
551.00
592.00
632.00
627.00
553.00
558.00
581.00
634.00
628.00
577.00
560.00
584.00
628.00
622.00
567.00
545.00
575.00
630.00
622.00
578.00
549.00
584.00
625.00
618.00
578.00
548.00
590.00
623.00
617.00
572.00
552.00
579.00
626.00
636.00
580.00
547.00
575.00
627.00
619.00
588.00
563.00
581.00
623.00
633.00
583.00
550.00
572.00
619.00
631.00
587.00
549.00
572.00
607.00
630.00
595.00
554.00
566.00
609.00
625.00
599.00
550.00
570.00
615.00
629.00
597.00
552.00
566.00
603.00
627.00
605.00
560.00
564.00
609.00
632.00
595.00
546.00
563.00
599.00
629.00
609.00
552.00
558.00
599.00
638.00
603.00
554.00
561.00
605.00
630.00
604.00
550.00
566.00
603.00
630.00
605.00
553.00
564.00
606.00
631.00
611.00
566.00
559.00
597.00
629.00
605.00
575.00
561.00
598.00
637.00
622.00
574.00
555.00
603.00
616.00
614.00
560.00
552.00
592.00
624.00
613.00
572.00
545.00
585.00
631.00
614.00
575.00
550.00
584.00
629.00
626.00
573.00
547.00
559.00
636.00
627.00
580.00
558.00
582.00
614.00
626.00
577.00
547.00
574.00
627.00
623.00
583.00
555.00
575.00
623.00
616.00
580.00
555.00
586.00
622.00
627.00
596.00
547.00
579.00
616.00
621.00
584.00
555.00
574.00
628.00
621.00
567.00
556.00
571.00
610.00
629.00
590.00
546.00
575.00
613.00
637.00
599.00
549.00
568.00
618.00
635.00
607.00
542.00
568.00
605.00
632.00
603.00
562.00
572.00
614.00
636.00
593.00
548.00
566.00
594.00
624.00
596.00
559.00
562.00
604.00
629.00
612.00
544.00
562.00
597.00
630.00
605.00
554.00
559.00
605.00
628.00
608.00
548.00
553.00
590.00
631.00
615.00
563.00
551.00
595.00
637.00
604.00
568.00
562.00
594.00
634.00
626.00
573.00
553.00
582.00
633.00
633.00
558.00
551.00
579.00
626.00
612.00
575.00
563.00
586.00
633.00
628.00
568.00
563.00
579.00
634.00
625.00
587.00
549.00
578.00
619.00
624.00
578.00
547.00
572.00
614.00
622.00
584.00
540.00
570.00
614.00
617.00
594.00
550.00
574.00
620.00
634.00
592.00
551.00
583.00
608.00
621.00
595.00
551.00
579.00
613.00
627.00
591.00
551.00
565.00
610.00
631.00
599.00
539.00
570.00
614.00
624.00
594.00
553.00
568.00
603.00
629.00
594.00
561.00
567.00
615.00
642.00
604.00
550.00
563.00
616.00
628.00
615.00
560.00
560.00
593.00
634.00
599.00
546.00
563.00
605.00
636.00
616.00
567.00
550.00
594.00
631.00
609.00
551.00
552.00
596.00
629.00
612.00
567.00
546.00
587.00
631.00
611.00
574.00
555.00
592.00
639.00
626.00
568.00
547.00
580.00
625.00
624.00
576.00
545.00
589.00
630.00
619.00
571.00
560.00
581.00
629.00
621.00
570.00
562.00
592.00
624.00
635.00
576.00
548.00
568.00
612.00
637.00
600.00
538.00
562.00
626.00
635.00
583.00
545.00
566.00
621.00
616.00
600.00
535.00
570.00
619.00
631.00
606.00
555.00
572.00
609.00
628.00
591.00
539.00
554.00
595.00
628.00
603.00
547.00
556.00
601.00
623.00
602.00
553.00
550.00
599.00
627.00
599.00
553.00
557.00
587.00
631.00
605.00
562.00
553.00
596.00
631.00
612.00
557.00
563.00
589.00
631.00
618.00
572.00
559.00
593.00
624.00
618.00
558.00
557.00
582.00
624.00
625.00
564.00
553.00
577.00
633.00
616.00
566.00
553.00
575.00
633.00
629.00
578.00
553.00
571.00
624.00
620.00
573.00
544.00
585.00
624.00
609.00
581.00
556.00
563.00
619.00
625.00
576.00
548.00
566.00
616.00
649.00
596.00
551.00
576.00
612.00
618.00
585.00
550.00
571.00
614.00
626.00
597.00
563.00
567.00
609.00
623.00
596.00
560.00
556.00
601.00
621.00
596.00
553.00
546.00
595.00
626.00
584.00
538.00
549.00
573.00
613.00
597.00
546.00
545.00
572.00
609.00
591.00
537.00
541.00
568.00
597.00
569.00
535.00
540.00
558.00
588.00
571.00
526.00
529.00
555.00
587.00
571.00
543.00
511.00
540.00
575.00
570.00
534.00
520.00
553.00
591.00
589.00
546.00
528.00
541.00
616.00
591.00
552.00
523.00
547.00
588.00
587.00
550.00
528.00
540.00
581.00
600.00
563.00
525.00
547.00
579.00
603.00
576.00
529.00
556.00
584.00
627.00
589.00
563.00
579.00
621.00
657.00
621.00
597.00
605.00
647.00
669.00
654.00
603.00
611.00
654.00
672.00
641.00
601.00
625.00
656.00
680.00
666.00
613.00
618.00
645.00
681.00
650.00
597.00
614.00
642.00
675.00
644.00
596.00
592.00
647.00
687.00
656.00
621.00
610.00
648.00
686.00
668.00
621.00
613.00
649.00
686.00
683.00
637.00
633.00
672.00
735.00
726.00
676.00
664.00
697.00
751.00
760.00
718.00
711.00
755.00
799.00
806.00
771.00
750.00
762.00
810.00
829.00
792.00
752.00
775.00
816.00
835.00
791.00
747.00
750.00
797.00
797.00
768.00
726.00
750.00
781.00
779.00
735.00
686.00
704.00
763.00
792.00
783.00
753.00
758.00
800.00
833.00
804.00
768.00
760.00
789.00
798.00
776.00
761.00
770.00
822.00
852.00
822.00
769.00
764.00
788.00
813.00
797.00
744.00
743.00
767.00
784.00
772.00
708.00
710.00
740.00
769.00
758.00
717.00
723.00
742.00
777.00
779.00
720.00
724.00
736.00
774.00
761.00
715.00
706.00
720.00
773.00
749.00
704.00
682.00
720.00
771.00
754.00
709.00
675.00
701.00
741.00
743.00
696.00
675.00
696.00
745.00
737.00
707.00
665.00
701.00
764.00
770.00
734.00
697.00
723.00
756.00
778.00
739.00
693.00
704.00
748.00
777.00
739.00
683.00
712.00
768.00
780.00
744.00
684.00
710.00
748.00
773.00
752.00
705.00
700.00
747.00
772.00
750.00
683.00
701.00
725.00
760.00
727.00
678.00
690.00
718.00
754.00
715.00
673.00
670.00
719.00
767.00
774.00
787.00
865.00
997.00
1091.00
852.00
602.00
560.00
589.00
631.00
621.00
559.00
550.00
591.00
636.00
618.00
568.00
549.00
590.00
643.00
626.00
581.00
560.00
599.00
657.00
652.00
597.00
572.00
609.00
668.00
687.00
620.00
582.00
630.00
679.00
686.00
630.00
584.00
629.00
689.00
700.00
642.00
573.00
612.00
692.00
704.00
651.00
593.00
612.00
687.00
696.00
669.00
584.00
616.00
678.00
706.00
652.00
582.00
597.00
663.00
701.00
649.00
579.00
580.00
660.00
681.00
648.00
599.00
599.00
660.00
689.00
651.00
570.00
577.00
637.00
675.00
651.00
576.00
572.00
640.00
674.00
649.00
579.00
583.00
628.00
680.00
658.00
573.00
569.00
618.00
657.00
632.00
579.00
558.00
616.00
659.00
640.00
564.00
545.00
599.00
633.00
614.00
565.00
519.00
576.00
635.00
619.00
564.00
539.00
575.00
618.00
607.00
559.00
534.00
563.00
629.00
611.00
565.00
529.00
543.00
600.00
604.00
564.00
519.00
538.00
599.00
607.00
559.00
511.00
546.00
591.00
602.00
557.00
521.00
544.00
595.00
615.00
561.00
528.00
541.00
590.00
613.00
576.00
534.00
538.00
592.00
623.00
595.00
529.00
543.00
585.00
623.00
609.00
546.00
539.00
601.00
644.00
605.00
550.00
550.00
606.00
657.00
627.00
546.00
560.00
603.00
661.00
646.00
566.00
545.00
607.00
655.00
645.00
584.00
563.00
605.00
665.00
654.00
584.00
568.00
601.00
639.00
649.00
587.00
557.00
588.00
630.00
630.00
587.00
540.00
557.00
634.00
626.00
595.00
541.00
580.00
617.00
628.00
588.00
553.00
567.00
613.00
628.00
587.00
540.00
566.00
618.00
655.00
680.00
673.00
704.00
757.00
783.00
751.00
689.00
696.00
740.00
754.00
706.00
650.00
660.00
698.00
713.00
691.00
644.00
656.00
709.00
742.00
698.00
664.00
651.00
706.00
750.00
713.00
667.00
657.00
686.00
734.00
712.00
648.00
644.00
690.00
740.00
724.00
694.00
668.00
709.00
766.00
748.00
693.00
666.00
691.00
740.00
728.00
673.00
638.00
659.00
696.00
675.00
620.00
590.00
611.00
659.00
642.00
613.00
582.00
617.00
674.00
715.00
627.00
544.00
550.00
613.00
627.00
590.00
538.00
555.00
608.00
623.00
584.00
530.00
546.00
610.00
618.00
582.00
529.00
550.00
593.00
616.00
567.00
532.00
546.00
595.00
629.00
599.00
537.00
546.00
606.00
628.00
611.00
539.00
545.00
594.00
634.00
594.00
527.00
530.00
576.00
616.00
592.00
520.00
521.00
566.00
608.00
587.00
525.00
517.00
557.00
600.00
578.00
534.00
504.00
543.00
596.00
591.00
536.00
511.00
560.00
587.00
595.00
534.00
510.00
551.00
605.00
596.00
551.00
496.00
552.00
609.00
604.00
550.00
517.00
529.00
594.00
593.00
552.00
504.00
550.00
602.00
614.00
557.00
513.00
534.00
586.00
587.00
554.00
501.00
514.00
557.00
604.00
548.00
504.00
522.00
554.00
579.00
539.00
500.00
506.00
539.00
571.00
564.00
508.00
517.00
556.00
584.00
561.00
514.00
522.00
573.00
610.00
584.00
530.00
534.00
587.00
621.00
616.00
538.00
532.00
597.00
641.00
623.00
561.00
547.00
594.00
645.00
633.00
562.00
553.00
577.00
631.00
617.00
562.00
546.00
576.00
624.00
623.00
564.00
549.00
585.00
628.00
615.00
572.00
540.00
562.00
618.00
618.00
582.00
532.00
564.00
611.00
640.00
644.00
654.00
681.00
735.00
758.00
725.00
677.00
690.00
731.00
739.00
725.00
675.00
688.00
724.00
741.00
715.00
670.00
687.00
726.00
749.00
727.00
670.00
667.00
704.00
729.00
703.00
639.00
652.00
678.00
698.00
683.00
632.00
619.00
659.00
689.00
698.00
670.00
708.00
765.00
787.00
662.00
559.00
548.00
593.00
622.00
605.00
551.00
544.00
584.00
622.00
599.00
559.00
545.00
604.00
628.00
623.00
576.00
546.00
582.00
652.00
648.00
594.00
557.00
602.00
681.00
667.00
607.00
554.00
582.00
665.00
674.00
608.00
575.00
597.00
667.00
680.00
614.00
547.00
587.00
647.00
648.00
606.00
541.00
570.00
629.00
649.00
599.00
548.00
549.00
618.00
627.00
593.00
529.00
544.00
596.00
625.00
588.00
530.00
536.00
597.00
639.00
600.00
532.00
541.00
592.00
634.00
605.00
526.00
540.00
594.00
620.00
589.00
531.00
532.00
569.00
614.00
587.00
535.00
527.00
582.00
620.00
598.00
537.00
527.00
562.00
616.00
615.00
542.00
527.00
571.00
615.00
614.00
548.00
527.00
557.00
612.00
607.00
555.00
536.00
557.00
614.00
605.00
551.00
516.00
574.00
610.00
619.00
572.00
526.00
554.00
612.00
613.00
575.00
532.00
564.00
624.00
639.00
582.00
540.00
570.00
614.00
647.00
605.00
540.00
560.00
628.00
650.00
609.00
552.00
564.00
626.00
658.00
612.00
565.00
583.00
620.00
664.00
621.00
560.00
563.00
627.00
657.00
601.00
553.00
544.00
607.00
631.00
599.00
557.00
558.00
609.00
633.00
604.00
541.00
546.00
596.00
634.00
604.00
559.00
561.00
593.00
690.00
746.00
743.00
733.00
734.00
791.00
760.00
709.00
672.00
720.00
760.00
737.00
692.00
666.00
699.00
744.00
736.00
686.00
665.00
694.00
728.00
725.00
678.00
657.00
661.00
692.00
673.00
629.00
599.00
609.00
650.00
654.00
618.00
578.00
609.00
654.00
671.00
645.00
628.00
710.00
717.00
626.00
567.00
535.00
564.00
593.00
613.00
574.00
535.00
558.00
617.00
632.00
597.00
560.00
563.00
626.00
659.00
621.00
561.00
580.00
648.00
674.00
660.00
590.00
589.00
663.00
692.00
661.00
578.00
593.00
637.00
682.00
647.00
568.00
576.00
638.00
672.00
634.00
568.00
566.00
611.00
647.00
620.00
550.00
540.00
606.00
634.00
619.00
552.00
537.00
585.00
635.00
607.00
548.00
539.00
580.00
632.00
605.00
558.00
516.00
560.00
619.00
607.00
545.00
523.00
559.00
611.00
623.00
550.00
527.00
569.00
622.00
616.00
562.00
530.00
560.00
620.00
633.00
565.00
524.00
569.00
626.00
619.00
577.00
529.00
562.00
616.00
631.00
566.00
525.00
549.00
624.00
627.00
581.00
531.00
542.00
615.00
620.00
575.00
532.00
556.00
624.00
632.00
598.00
545.00
555.00
629.00
635.00
594.00
549.00
563.00
628.00
650.00
613.00
546.00
565.00
624.00
647.00
616.00
545.00
572.00
629.00
672.00
624.00
562.00
573.00
609.00
645.00
626.00
562.00
570.00
614.00
635.00
615.00
548.00
551.00
584.00
632.00
612.00
552.00
548.00
576.00
620.00
611.00
565.00
545.00
625.00
792.00
886.00
817.00
771.00
791.00
826.00
770.00
721.00
686.00
729.00
763.00
758.00
699.00
671.00
717.00
760.00
760.00
711.00
684.00
719.00
758.00
774.00
703.00
672.00
697.00
732.00
725.00
677.00
649.00
650.00
678.00
668.00
630.00
592.00
599.00
634.00
646.00
597.00
583.00
606.00
668.00
677.00
686.00
581.00
560.00
594.00
625.00
598.00
539.00
565.00
611.00
631.00
599.00
547.00
562.00
602.00
626.00
588.00
547.00
563.00
603.00
651.00
611.00
536.00
555.00
623.00
646.00
610.00
545.00
560.00
624.00
654.00
606.00
542.00
559.00
614.00
640.00
588.00
529.00
530.00
579.00
603.00
579.00
514.00
520.00
581.00
612.00
580.00
532.00
533.00
570.00
596.00
580.00
519.00
517.00
558.00
595.00
576.00
520.00
521.00
568.00
590.00
581.00
536.00
516.00
560.00
624.00
597.00
545.00
527.00
572.00
609.00
606.00
547.00
517.00
575.00
618.00
591.00
554.00
521.00
563.00
626.00
605.00
545.00
527.00
562.00
611.00
611.00
542.00
526.00
550.00
594.00
606.00
535.00
509.00
531.00
578.00
568.00
517.00
499.00
524.00
565.00
560.00
520.00
496.00
529.00
575.00
583.00
547.00
520.00
535.00
603.00
604.00
576.00
527.00
564.00
615.00
636.00
580.00
539.00
569.00
618.00
637.00
602.00
548.00
565.00
624.00
633.00
607.00
535.00
556.00
606.00
616.00
592.00
535.00
557.00
598.00
622.00
586.00
540.00
551.00
600.00
621.00
585.00
548.00
554.00
610.00
633.00
654.00
701.00
749.00
804.00
857.00
811.00
737.00
719.00
756.00
781.00
745.00
675.00
682.00
748.00
781.00
765.00
700.00
687.00
739.00
759.00
754.00
675.00
682.00
727.00
754.00
741.00
664.00
641.00
658.00
668.00
650.00
615.00
582.00
610.00
651.00
633.00
601.00
574.00
596.00
636.00
655.00
642.00
654.00
594.00
618.00
599.00
564.00
545.00
564.00
624.00
632.00
566.00
556.00
580.00
629.00
630.00
583.00
557.00
596.00
662.00
661.00
599.00
548.00
584.00
635.00
641.00
580.00
539.00
562.00
624.00
634.00
572.00
526.00
570.00
633.00
611.00
575.00
521.00
549.00
586.00
607.00
557.00
517.00
549.00
588.00
601.00
545.00
520.00
532.00
582.00
603.00
570.00
507.00
527.00
580.00
596.00
558.00
505.00
524.00
583.00
608.00
558.00
518.00
529.00
582.00
599.00
594.00
522.00
530.00
583.00
612.00
581.00
513.00
543.00
581.00
617.00
577.00
537.00
538.00
572.00
613.00
583.00
523.00
526.00
584.00
617.00
587.00
543.00
542.00
578.00
607.00
586.00
520.00
540.00
553.00
606.00
566.00
510.00
502.00
522.00
553.00
546.00
492.00
485.00
523.00
568.00
550.00
501.00
493.00
528.00
560.00
566.00
518.00
515.00
566.00
603.00
598.00
544.00
527.00
574.00
635.00
632.00
580.00
553.00
589.00
645.00
640.00
584.00
549.00
583.00
651.00
629.00
578.00
544.00
579.00
621.00
623.00
571.00
543.00
575.00
625.00
624.00
575.00
542.00
567.00
624.00
630.00
586.00
538.00
623.00
696.00
721.00
697.00
637.00
673.00
729.00
751.00
727.00
684.00
706.00
734.00
758.00
726.00
667.00
684.00
733.00
749.00
688.00
655.00
654.00
713.00
701.00
658.00
611.00
611.00
645.00
649.00
619.00
566.00
575.00
623.00
638.00
623.00
602.00
615.00
678.00
775.00
697.00
557.00
542.00
580.00
618.00
586.00
534.00
554.00
588.00
629.00
601.00
526.00
546.00
600.00
628.00
605.00
562.00
553.00
602.00
645.00
609.00
552.00
537.00
589.00
624.00
608.00
538.00
539.00
580.00
609.00
588.00
535.00
512.00
553.00
599.00
581.00
515.00
512.00
540.00
576.00
574.00
515.00
506.00
533.00
579.00
563.00
498.00
506.00
547.00
576.00
564.00
519.00
498.00
526.00
556.00
562.00
521.00
494.00
524.00
575.00
559.00
510.00
494.00
541.00
574.00
580.00
538.00
513.00
551.00
602.00
597.00
531.00
513.00
547.00
600.00
596.00
550.00
516.00
546.00
600.00
602.00
554.00
512.00
535.00
596.00
601.00
552.00
508.00
539.00
581.00
589.00
546.00
507.00
534.00
578.00
580.00
543.00
491.00
515.00
555.00
570.00
530.00
497.00
507.00
555.00
574.00
539.00
495.00
521.00
572.00
597.00
558.00
512.00
535.00
596.00
615.00
591.00
528.00
540.00
609.00
634.00
607.00
557.00
551.00
613.00
649.00
612.00
549.00
550.00
595.00
621.00
601.00
530.00
549.00
582.00
611.00
597.00
547.00
541.00
572.00
629.00
612.00
560.00
558.00
589.00
632.00
611.00
580.00
595.00
665.00
706.00
716.00
654.00
644.00
672.00
714.00
702.00
654.00
616.00
660.00
705.00
701.00
663.00
628.00
659.00
700.00
694.00
634.00
616.00
632.00
669.00
669.00
617.00
588.00
600.00
649.00
636.00
595.00
580.00
628.00
671.00
699.00
673.00
677.00
681.00
635.00
613.00
582.00
538.00
558.00
623.00
623.00
568.00
543.00
551.00
601.00
607.00
581.00
528.00
568.00
627.00
662.00
630.00
561.00
595.00
658.00
684.00
633.00
575.00
578.00
648.00
671.00
625.00
547.00
568.00
629.00
641.00
596.00
546.00
561.00
618.00
649.00
603.00
530.00
546.00
603.00
629.00
590.00
532.00
546.00
593.00
627.00
589.00
528.00
534.00
580.00
610.00
584.00
515.00
516.00
561.00
581.00
543.00
503.00
490.00
533.00
557.00
563.00
520.00
513.00
565.00
605.00
582.00
534.00
520.00
571.00
613.00
592.00
529.00
525.00
557.00
602.00
590.00
530.00
532.00
566.00
609.00
605.00
556.00
541.00
567.00
604.00
601.00
552.00
521.00
557.00
603.00
621.00
543.00
519.00
560.00
602.00
597.00
555.00
516.00
554.00
594.00
613.00
569.00
528.00
554.00
623.00
635.00
573.00
546.00
579.00
633.00
652.00
597.00
554.00
576.00
648.00
656.00
617.00
563.00
578.00
653.00
676.00
621.00
561.00
572.00
629.00
634.00
602.00
524.00
565.00
613.00
638.00
603.00
546.00
555.00
618.00
631.00
590.00
549.00
543.00
604.00
620.00
601.00
539.00
566.00
632.00
711.00
729.00
678.00
685.00
728.00
752.00
717.00
677.00
670.00
715.00
750.00
716.00
677.00
660.00
715.00
734.00
721.00
665.00
655.00
690.00
727.00
694.00
652.00
642.00
669.00
688.00
668.00
594.00
599.00
612.00
645.00
635.00
590.00
575.00
605.00
641.00
648.00
623.00
659.00
736.00
674.00
593.00
554.00
539.00
573.00
612.00
610.00
570.00
532.00
566.00
616.00
612.00
574.00
542.00
586.00
649.00
655.00
612.00
567.00
593.00
673.00
663.00
617.00
553.00
601.00
646.00
657.00
590.00
544.00
567.00
632.00
644.00
599.00
541.00
567.00
617.00
610.00
573.00
521.00
543.00
586.00
624.00
577.00
526.00
544.00
601.00
617.00
576.00
521.00
546.00
592.00
622.00
579.00
528.00
541.00
586.00
608.00
572.00
534.00
534.00
584.00
620.00
594.00
529.00
534.00
591.00
617.00
588.00
537.00
539.00
592.00
621.00
605.00
533.00
534.00
584.00
621.00
604.00
549.00
528.00
584.00
640.00
612.00
545.00
536.00
578.00
619.00
592.00
556.00
533.00
582.00
622.00
610.00
538.00
530.00
568.00
610.00
600.00
555.00
532.00
553.00
612.00
599.00
537.00
520.00
551.00
632.00
612.00
567.00
538.00
574.00
645.00
650.00
573.00
554.00
582.00
645.00
658.00
593.00
552.00
599.00
647.00
657.00
608.00
561.00
595.00
661.00
652.00
592.00
558.00
574.00
620.00
630.00
589.00
524.00
566.00
612.00
625.00
590.00
530.00
561.00
613.00
627.00
600.00
543.00
580.00
662.00
688.00
670.00
610.00
640.00
677.00
711.00
675.00
610.00
637.00
686.00
731.00
686.00
633.00
643.00
700.00
728.00
701.00
640.00
666.00
713.00
756.00
716.00
653.00
662.00
680.00
698.00
655.00
600.00
587.00
629.00
636.00
620.00
569.00
561.00
598.00
630.00
624.00
582.00
606.00
680.00
614.00
598.00
542.00
527.00
576.00
611.00
600.00
547.00
549.00
575.00
624.00
620.00
565.00
545.00
585.00
653.00
653.00
583.00
560.00
598.00
645.00
634.00
554.00
516.00
560.00
602.00
602.00
540.00
523.00
551.00
589.00
598.00
545.00
521.00
560.00
602.00
604.00
549.00
519.00
541.00
591.00
568.00
532.00
509.00
525.00
570.00
574.00
535.00
502.00
539.00
571.00
589.00
529.00
491.00
524.00
587.00
610.00
558.00
510.00
537.00
594.00
615.00
572.00
524.00
540.00
599.00
625.00
580.00
526.00
537.00
591.00
618.00
569.00
533.00
537.00
598.00
612.00
578.00
529.00
528.00
588.00
627.00
582.00
540.00
541.00
586.00
606.00
581.00
530.00
515.00
561.00
599.00
572.00
514.00
508.00
523.00
549.00
525.00
462.00
434.00
480.00
492.00
490.00
457.00
462.00
495.00
539.00
530.00
496.00
482.00
546.00
587.00
584.00
533.00
529.00
574.00
623.00
617.00
565.00
557.00
587.00
650.00
644.00
576.00
551.00
598.00
631.00
627.00
557.00
537.00
566.00
624.00
621.00
565.00
531.00
562.00
614.00
608.00
554.00
530.00
566.00
624.00
646.00
659.00
650.00
672.00
717.00
718.00
669.00
622.00
655.00
696.00
708.00
670.00
618.00
638.00
684.00
715.00
647.00
630.00
635.00
679.00
680.00
639.00
593.00
606.00
649.00
695.00
656.00
630.00
684.00
621.00
601.00
576.00
537.00
549.00
583.00
611.00
584.00
537.00
550.00
594.00
622.00
601.00
544.00
546.00
609.00
641.00
615.00
556.00
570.00
631.00
668.00
624.00
560.00
567.00
612.00
654.00
612.00
551.00
547.00
596.00
619.00
576.00
517.00
511.00
542.00
571.00
560.00
520.00
505.00
542.00
562.00
580.00
514.00
517.00
546.00
594.00
567.00
514.00
504.00
555.00
597.00
573.00
513.00
496.00
542.00
590.00
571.00
528.00
507.00
539.00
595.00
574.00
536.00
502.00
544.00
597.00
593.00
538.00
511.00
550.00
604.00
588.00
539.00
518.00
547.00
610.00
599.00
555.00
517.00
563.00
609.00
598.00
561.00
522.00
557.00
605.00
598.00
568.00
511.00
554.00
582.00
590.00
554.00
513.00
548.00
588.00
593.00
546.00
507.00
546.00
582.00
606.00
560.00
528.00
560.00
609.00
627.00
590.00
533.00
577.00
621.00
637.00
605.00
547.00
577.00
630.00
659.00
620.00
548.00
580.00
644.00
678.00
630.00
571.00
588.00
629.00
644.00
615.00
540.00
552.00
597.00
627.00
604.00
541.00
561.00
597.00
621.00
602.00
548.00
558.00
584.00
628.00
609.00
596.00
647.00
684.00
720.00
697.00
629.00
635.00
664.00
720.00
725.00
658.00
658.00
709.00
742.00
727.00
661.00
665.00
699.00
737.00
719.00
663.00
654.00
693.00
735.00
714.00
648.00
634.00
665.00
680.00
661.00
589.00
564.00
592.00
607.00
611.00
548.00
537.00
563.00
598.00
592.00
537.00
525.00
567.00
607.00
609.00
560.00
531.00
565.00
617.00
614.00
570.00
534.00
580.00
612.00
628.00
588.00
543.00
588.00
650.00
665.00
613.00
562.00
607.00
656.00
683.00
616.00
570.00
593.00
659.00
669.00
614.00
551.00
588.00
647.00
655.00
601.00
546.00
574.00
630.00
649.00
586.00
524.00
559.00
592.00
607.00
577.00
522.00
556.00
593.00
624.00
571.00
533.00
536.00
599.00
620.00
575.00
532.00
548.00
593.00
623.00
586.00
529.00
541.00
595.00
629.00
585.00
529.00
552.00
588.00
630.00
585.00
532.00
540.00
599.00
641.00
603.00
537.00
541.00
604.00
640.00
606.00
544.00
558.00
602.00
648.00
608.00
552.00
555.00
599.00
640.00
621.00
548.00
549.00
605.00
647.00
618.00
559.00
551.00
599.00
647.00
611.00
561.00
538.00
589.00
640.00
634.00
572.00
548.00
593.00
653.00
644.00
586.00
561.00
610.00
669.00
646.00
574.00
564.00
607.00
675.00
674.00
608.00
568.00
609.00
661.00
646.00
593.00
554.00
580.00
638.00
619.00
571.00
538.00
577.00
638.00
623.00
571.00
539.00
571.00
616.00
629.00
585.00
555.00
615.00
691.00
721.00
665.00
642.00
644.00
704.00
700.00
672.00
618.00
654.00
686.00
708.00
676.00
631.00
665.00
713.00
724.00
681.00
636.00
640.00
666.00
673.00
639.00
586.00
577.00
614.00
608.00
582.00
546.00
569.00
591.00
629.00
608.00
568.00
592.00
635.00
617.00
579.00
528.00
565.00
596.00
621.00
592.00
557.00
558.00
609.00
623.00
610.00
548.00
572.00
627.00
670.00
645.00
580.00
590.00
645.00
682.00
655.00
569.00
600.00
625.00
670.00
643.00
559.00
557.00
591.00
648.00
614.00
552.00
543.00
595.00
643.00
619.00
554.00
541.00
588.00
636.00
606.00
545.00
539.00
577.00
623.00
604.00
544.00
525.00
563.00
596.00
591.00
525.00
516.00
540.00
596.00
589.00
530.00
519.00
555.00
603.00
590.00
550.00
538.00
565.00
601.00
608.00
555.00
515.00
558.00
602.00
601.00
563.00
532.00
571.00
613.00
614.00
555.00
533.00
553.00
618.00
601.00
560.00
517.00
555.00
613.00
626.00
577.00
526.00
561.00
621.00
628.00
585.00
531.00
552.00
606.00
623.00
570.00
536.00
544.00
595.00
615.00
583.00
532.00
551.00
608.00
632.00
609.00
550.00
581.00
629.00
645.00
631.00
558.00
575.00
642.00
659.00
626.00
565.00
580.00
629.00
665.00
636.00
559.00
572.00
618.00
636.00
599.00
545.00
550.00
588.00
637.00
602.00
543.00
553.00
583.00
632.00
601.00
552.00
553.00
587.00
633.00
615.00
571.00
575.00
635.00
691.00
671.00
620.00
606.00
660.00
707.00
699.00
629.00
615.00
662.00
699.00
713.00
630.00
627.00
660.00
730.00
718.00
664.00
627.00
675.00
726.00
735.00
666.00
625.00
670.00
738.00
728.00
646.00
621.00
642.00
688.00
677.00
630.00
574.00
586.00
615.00
601.00
565.00
530.00
553.00
571.00
579.00
550.00
530.00
546.00
598.00
600.00
566.00
531.00
557.00
600.00
610.00
576.00
528.00
573.00
619.00
629.00
591.00
541.00
575.00
632.00
664.00
626.00
570.00
609.00
651.00
689.00
639.00
570.00
583.00
661.00
677.00
646.00
562.00
581.00
645.00
672.00
620.00
545.00
553.00
604.00
645.00
591.00
537.00
548.00
594.00
615.00
597.00
526.00
542.00
590.00
610.00
602.00
546.00
541.00
592.00
630.00
597.00
536.00
541.00
586.00
615.00
598.00
545.00
545.00
575.00
621.00
597.00
527.00
517.00
567.00
625.00
595.00
519.00
539.00
585.00
614.00
606.00
541.00
533.00
577.00
630.00
610.00
545.00
541.00
569.00
623.00
613.00
546.00
529.00
571.00
609.00
609.00
554.00
531.00
568.00
610.00
598.00
556.00
534.00
557.00
609.00
615.00
562.00
526.00
559.00
618.00
627.00
567.00
535.00
591.00
627.00
649.00
589.00
552.00
594.00
667.00
669.00
633.00
558.00
589.00
659.00
676.00
628.00
574.00
603.00
655.00
665.00
619.00
561.00
574.00
607.00
619.00
589.00
535.00
550.00
594.00
616.00
588.00
537.00
554.00
592.00
615.00
591.00
565.00
611.00
684.00
711.00
693.00
636.00
636.00
680.00
697.00
671.00
633.00
631.00
668.00
724.00
696.00
638.00
648.00
682.00
721.00
686.00
630.00
633.00
663.00
713.00
672.00
610.00
615.00
648.00
659.00
632.00
568.00
559.00
585.00
618.00
599.00
548.00
540.00
564.00
597.00
579.00
551.00
557.00
582.00
639.00
621.00
558.00
535.00
570.00
614.00
603.00
559.00
539.00
572.00
632.00
635.00
573.00
551.00
585.00
653.00
659.00
597.00
567.00
620.00
677.00
678.00
600.00
572.00
592.00
655.00
661.00
602.00
548.00
582.00
647.00
648.00
583.00
528.00
576.00
626.00
637.00
594.00
537.00
573.00
622.00
632.00
590.00
532.00
561.00
611.00
618.00
585.00
530.00
550.00
606.00
613.00
586.00
524.00
549.00
595.00
619.00
580.00
528.00
541.00
582.00
627.00
580.00
527.00
541.00
596.00
623.00
592.00
536.00
538.00
579.00
631.00
589.00
531.00
538.00
579.00
636.00
595.00
549.00
533.00
587.00
639.00
611.00
545.00
546.00
585.00
625.00
632.00
552.00
545.00
590.00
639.00
614.00
561.00
538.00
589.00
626.00
610.00
558.00
548.00
576.00
626.00
615.00
557.00
540.00
585.00
635.00
643.00
589.00
543.00
608.00
648.00
654.00
584.00
560.00
601.00
664.00
657.00
602.00
552.00
581.00
624.00
623.00
562.00
544.00
569.00
617.00
615.00
581.00
531.00
549.00
606.00
622.00
572.00
533.00
554.00
637.00
677.00
665.00
627.00
630.00
682.00
698.00
661.00
627.00
627.00
679.00
700.00
660.00
610.00
624.00
673.00
700.00
664.00
614.00
622.00
661.00
683.00
637.00
596.00
592.00
632.00
641.00
628.00
567.00
565.00
608.00
618.00
608.00
556.00
554.00
586.00
625.00
600.00
568.00
567.00
610.00
613.00
589.00
548.00
534.00
566.00
611.00
590.00
555.00
553.00
576.00
630.00
618.00
567.00
543.00
593.00
638.00
644.00
592.00
557.00
581.00
658.00
641.00
591.00
540.00
573.00
626.00
627.00
555.00
535.00
537.00
605.00
603.00
554.00
512.00
527.00
587.00
580.00
533.00
496.00
511.00
538.00
550.00
512.00
484.00
493.00
551.00
548.00
522.00
476.00
498.00
539.00
550.00
528.00
471.00
509.00
552.00
586.00
550.00
499.00
517.00
567.00
580.00
568.00
513.00
524.00
566.00
598.00
566.00
510.00
527.00
572.00
608.00
571.00
515.00
534.00
576.00
610.00
580.00
526.00
537.00
548.00
607.00
585.00
531.00
514.00
542.00
580.00
588.00
521.00
507.00
547.00
597.00
569.00
526.00
518.00
542.00
587.00
588.00
531.00
508.00
543.00
586.00
592.00
543.00
525.00
555.00
608.00
601.00
562.00
524.00
557.00
613.00
627.00
579.00
554.00
575.00
634.00
649.00
608.00
560.00
575.00
638.00
657.00
622.00
566.00
584.00
627.00
644.00
601.00
535.00
550.00
605.00
617.00
602.00
545.00
555.00
598.00
615.00
595.00
544.00
554.00
586.00
633.00
595.00
545.00
554.00
600.00
673.00
666.00
621.00
633.00
671.00
711.00
685.00
632.00
613.00
661.00
701.00
695.00
638.00
632.00
669.00
715.00
714.00
652.00
633.00
668.00
727.00
709.00
660.00
627.00
660.00
695.00
686.00
642.00
588.00
628.00
662.00
645.00
599.00
565.00
588.00
627.00
639.00
606.00
576.00
605.00
667.00
686.00
575.00
539.00
553.00
604.00
611.00
579.00
535.00
539.00
603.00
625.00
598.00
550.00
555.00
618.00
658.00
627.00
557.00
585.00
632.00
685.00
629.00
560.00
574.00
632.00
669.00
630.00
567.00
549.00
618.00
653.00
620.00
568.00
546.00
612.00
660.00
629.00
566.00
532.00
574.00
616.00
598.00
541.00
516.00
550.00
616.00
591.00
550.00
525.00
558.00
618.00
611.00
554.00
522.00
551.00
600.00
611.00
556.00
515.00
550.00
607.00
624.00
567.00
520.00
558.00
593.00
625.00
582.00
531.00
545.00
602.00
619.00
570.00
539.00
545.00
601.00
616.00
586.00
539.00
528.00
595.00
624.00
598.00
533.00
556.00
597.00
651.00
615.00
550.00
555.00
590.00
637.00
619.00
555.00
548.00
601.00
632.00
624.00
567.00
556.00
585.00
649.00
633.00
567.00
550.00
591.00
661.00
662.00
599.00
560.00
600.00
668.00
661.00
587.00
557.00
594.00
643.00
645.00
586.00
557.00
577.00
629.00
624.00
598.00
545.00
561.00
621.00
620.00
587.00
537.00
547.00
605.00
614.00
591.00
529.00
551.00
594.00
629.00
639.00
603.00
606.00
650.00
682.00
655.00
617.00
613.00
646.00
690.00
665.00
619.00
611.00
660.00
703.00
677.00
628.00
630.00
669.00
718.00
692.00
644.00
625.00
668.00
706.00
695.00
629.00
605.00
619.00
670.00
653.00
597.00
578.00
592.00
628.00
614.00
584.00
548.00
565.00
615.00
611.00
603.00
537.00
550.00
592.00
607.00
561.00
531.00
543.00
600.00
614.00
599.00
546.00
558.00
614.00
649.00
617.00
562.00
587.00
650.00
688.00
653.00
580.00
591.00
639.00
665.00
641.00
566.00
565.00
610.00
660.00
627.00
547.00
540.00
595.00
625.00
613.00
548.00
533.00
549.00
588.00
593.00
539.00
502.00
560.00
605.00
601.00
540.00
511.00
554.00
601.00
596.00
544.00
516.00
539.00
591.00
607.00
555.00
515.00
556.00
599.00
615.00
579.00
529.00
562.00
611.00
638.00
586.00
533.00
551.00
603.00
628.00
596.00
535.00
544.00
602.00
622.00
603.00
543.00
544.00
588.00
623.00
605.00
541.00
534.00
598.00
608.00
601.00
534.00
533.00
576.00
607.00
591.00
541.00
523.00
568.00
591.00
601.00
540.00
522.00
552.00
587.00
582.00
542.00
519.00
548.00
596.00
614.00
569.00
540.00
565.00
626.00
642.00
598.00
543.00
578.00
647.00
664.00
611.00
545.00
576.00
634.00
647.00
617.00
564.00
572.00
628.00
636.00
591.00
551.00
554.00
606.00
624.00
614.00
547.00
558.00
594.00
623.00
606.00
559.00
554.00
592.00
627.00
618.00
565.00
552.00
609.00
652.00
626.00
577.00
569.00
612.00
667.00
648.00
601.00
578.00
619.00
662.00
675.00
600.00
572.00
607.00
680.00
680.00
638.00
587.00
617.00
676.00
685.00
636.00
586.00
611.00
675.00
698.00
648.00
601.00
619.00
669.00
668.00
649.00
586.00
601.00
620.00
654.00
622.00
578.00
590.00
631.00
661.00
583.00
538.00
544.00
571.00
619.00
591.00
539.00
546.00
578.00
623.00
604.00
538.00
544.00
595.00
644.00
652.00
588.00
554.00
610.00
654.00
660.00
588.00
542.00
600.00
649.00
651.00
584.00
551.00
583.00
641.00
645.00
574.00
551.00
559.00
605.00
598.00
540.00
498.00
515.00
562.00
562.00
526.00
495.00
508.00
565.00
592.00
561.00
508.00
533.00
572.00
617.00
584.00
535.00
538.00
585.00
616.00
586.00
517.00
538.00
571.00
630.00
601.00
556.00
538.00
578.00
629.00
601.00
565.00
536.00
574.00
623.00
608.00
562.00
531.00
571.00
615.00
617.00
565.00
536.00
562.00
629.00
628.00
587.00
538.00
572.00
627.00
637.00
574.00
538.00
555.00
623.00
630.00
591.00
540.00
552.00
615.00
640.00
614.00
544.00
574.00
622.00
665.00
629.00
553.00
560.00
631.00
676.00
632.00
574.00
571.00
635.00
685.00
658.00
591.00
588.00
624.00
668.00
639.00
572.00
553.00
588.00
634.00
631.00
563.00
539.00
581.00
630.00
613.00
576.00
563.00
594.00
634.00
661.00
632.00
596.00
642.00
705.00
709.00
675.00
642.00
675.00
739.00
730.00
715.00
662.00
670.00
742.00
752.00
733.00
670.00
673.00
735.00
740.00
714.00
649.00
644.00
681.00
722.00
680.00
619.00
608.00
634.00
659.00
630.00
584.00
559.00
589.00
624.00
604.00
568.00
556.00
591.00
628.00
636.00
571.00
532.00
576.00
617.00
608.00
559.00
531.00
580.00
613.00
624.00
584.00
556.00
598.00
670.00
688.00
612.00
567.00
596.00
653.00
667.00
604.00
550.00
581.00
636.00
649.00
588.00
543.00
560.00
599.00
626.00
583.00
534.00
546.00
592.00
615.00
578.00
524.00
537.00
563.00
587.00
559.00
513.00
498.00
536.00
572.00
553.00
505.00
507.00
535.00
585.00
581.00
524.00
516.00
550.00
575.00
574.00
518.00
499.00
522.00
574.00
581.00
531.00
520.00
546.00
582.00
586.00
542.00
509.00
528.00
583.00
597.00
553.00
515.00
533.00
581.00
611.00
562.00
516.00
537.00
574.00
589.00
573.00
507.00
538.00
564.00
585.00
567.00
516.00
522.00
564.00
596.00
575.00
509.00
527.00
563.00
615.00
592.00
531.00
530.00
574.00
624.00
609.00
552.00
546.00
590.00
645.00
644.00
578.00
549.00
605.00
663.00
646.00
574.00
552.00
598.00
651.00
649.00
595.00
549.00
574.00
632.00
643.00
583.00
535.00
563.00
611.00
619.00
580.00
531.00
557.00
604.00
617.00
593.00
547.00
569.00
613.00
633.00
616.00
562.00
595.00
648.00
684.00
668.00
608.00
613.00
646.00
702.00
685.00
627.00
613.00
652.00
704.00
693.00
618.00
629.00
651.00
701.00
677.00
633.00
605.00
641.00
680.00
666.00
617.00
601.00
632.00
658.00
654.00
615.00
599.00
628.00
687.00
696.00
690.00
566.00
553.00
604.00
604.00
573.00
529.00
559.00
613.00
620.00
587.00
535.00
542.00
608.00
618.00
596.00
547.00
569.00
625.00
665.00
645.00
583.00
583.00
637.00
683.00
631.00
560.00
551.00
610.00
629.00
598.00
547.00
532.00
575.00
621.00
591.00
524.00
537.00
563.00
609.00
585.00
529.00
501.00
529.00
571.00
573.00
516.00
491.00
525.00
560.00
574.00
524.00
511.00
533.00
574.00
572.00
539.00
505.00
542.00
582.00
595.00
549.00
498.00
521.00
563.00
563.00
527.00
486.00
489.00
522.00
543.00
524.00
497.00
510.00
540.00
584.00
550.00
509.00
510.00
551.00
588.00
572.00
517.00
517.00
569.00
596.00
580.00
521.00
516.00
572.00
612.00
591.00
542.00
529.00
556.00
601.00
595.00
533.00
521.00
553.00
597.00
595.00
551.00
527.00
559.00
595.00
607.00
546.00
530.00
561.00
622.00
625.00
575.00
536.00
573.00
629.00
654.00
593.00
535.00
580.00
637.00
661.00
622.00
564.00
575.00
628.00
671.00
638.00
567.00
577.00
632.00
665.00
638.00
550.00
565.00
594.00
628.00
610.00
554.00
548.00
577.00
623.00
608.00
545.00
547.00
594.00
636.00
674.00
652.00
645.00
674.00
734.00
717.00
671.00
652.00
703.00
757.00
753.00
701.00
663.00
683.00
738.00
734.00
685.00
657.00
677.00
735.00
725.00
692.00
636.00
655.00
702.00
704.00
651.00
603.00
602.00
651.00
649.00
614.00
564.00
583.00
635.00
653.00
636.00
618.00
659.00
675.00
597.00
579.00
547.00
540.00
582.00
623.00
597.00
542.00
542.00
584.00
630.00
617.00
560.00
559.00
616.00
664.00
642.00
587.00
575.00
610.00
672.00
650.00
574.00
551.00
600.00
653.00
640.00
576.00
556.00
576.00
628.00
620.00
574.00
525.00
567.00
595.00
601.00
561.00
518.00
550.00
570.00
559.00
527.00
478.00
491.00
505.00
505.00
485.00
448.00
464.00
502.00
516.00
498.00
476.00
495.00
528.00
554.00
546.00
495.00
514.00
555.00
593.00
567.00
518.00
514.00
558.00
596.00
568.00
516.00
519.00
542.00
599.00
588.00
514.00
518.00
535.00
588.00
575.00
534.00
512.00
546.00
591.00
580.00
532.00
510.00
531.00
576.00
588.00
529.00
511.00
548.00
596.00
603.00
552.00
529.00
553.00
604.00
612.00
583.00
525.00
551.00
624.00
634.00
592.00
547.00
577.00
628.00
669.00
623.00
568.00
577.00
634.00
675.00
631.00
565.00
582.00
643.00
665.00
635.00
573.00
577.00
608.00
644.00
608.00
551.00
550.00
589.00
633.00
626.00
569.00
556.00
595.00
635.00
611.00
567.00
565.00
586.00
640.00
644.00
624.00
612.00
657.00
712.00
704.00
651.00
630.00
661.00
716.00
707.00
677.00
628.00
662.00
719.00
717.00
671.00
626.00
660.00
713.00
731.00
669.00
615.00
648.00
703.00
711.00
681.00
623.00
647.00
683.00
694.00
646.00
605.00
615.00
644.00
659.00
643.00
591.00
614.00
665.00
709.00
701.00
618.00
561.00
576.00
626.00
590.00
549.00
546.00
580.00
625.00
596.00
536.00
543.00
581.00
619.00
613.00
566.00
560.00
604.00
649.00
654.00
582.00
561.00
609.00
668.00
645.00
585.00
555.00
594.00
641.00
634.00
576.00
537.00
557.00
607.00
607.00
549.00
513.00
532.00
564.00
580.00
543.00
496.00
518.00
558.00
584.00
536.00
508.00
511.00
565.00
580.00
551.00
497.00
523.00
573.00
579.00
562.00
517.00
531.00
576.00
602.00
574.00
511.00
523.00
572.00
601.00
573.00
530.00
518.00
555.00
596.00
576.00
509.00
533.00
551.00
608.00
584.00
521.00
516.00
563.00
605.00
606.00
536.00
522.00
549.00
600.00
588.00
543.00
523.00
545.00
592.00
589.00
538.00
526.00
547.00
607.00
620.00
566.00
529.00
563.00
630.00
644.00
595.00
541.00
580.00
643.00
659.00
616.00
558.00
580.00
625.00
677.00
616.00
576.00
581.00
617.00
653.00
604.00
539.00
551.00
590.00
624.00
597.00
537.00
554.00
594.00
631.00
608.00
545.00
554.00
598.00
633.00
630.00
593.00
601.00
664.00
681.00
684.00
637.00
614.00
649.00
691.00
674.00
627.00
601.00
634.00
680.00
669.00
626.00
593.00
632.00
667.00
684.00
637.00
595.00
618.00
676.00
668.00
638.00
581.00
612.00
669.00
671.00
630.00
600.00
611.00
651.00
669.00
628.00
585.00
591.00
645.00
652.00
616.00
561.00
569.00
602.00
616.00
602.00
549.00
574.00
615.00
675.00
591.00
525.00
537.00
577.00
615.00
584.00
537.00
538.00
581.00
615.00
613.00
549.00
553.00
596.00
655.00
647.00
572.00
565.00
612.00
669.00
654.00
598.00
574.00
613.00
677.00
655.00
606.00
562.00
589.00
651.00
648.00
576.00
553.00
574.00
620.00
593.00
542.00
496.00
507.00
534.00
521.00
490.00
449.00
452.00
473.00
470.00
447.00
432.00
467.00
515.00
529.00
515.00
489.00
501.00
543.00
592.00
538.00
497.00
522.00
561.00
596.00
567.00
508.00
536.00
570.00
593.00
576.00
508.00
525.00
560.00
586.00
570.00
510.00
506.00
558.00
584.00
574.00
515.00
516.00
551.00
592.00
568.00
514.00
517.00
538.00
572.00
581.00
523.00
507.00
543.00
580.00
590.00
536.00
517.00
542.00
601.00
608.00
553.00
517.00
545.00
618.00
623.00
559.00
520.00
559.00
634.00
634.00
597.00
554.00
569.00
632.00
668.00
612.00
554.00
590.00
656.00
690.00
658.00
583.00
595.00
631.00
684.00
628.00
572.00
561.00
615.00
652.00
620.00
551.00
569.00
609.00
640.00
616.00
559.00
559.00
611.00
642.00
637.00
595.00
623.00
657.00
713.00
684.00
644.00
636.00
680.00
729.00
716.00
649.00
641.00
671.00
730.00
707.00
654.00
645.00
682.00
730.00
718.00
675.00
637.00
658.00
701.00
720.00
661.00
620.00
633.00
689.00
677.00
635.00
585.00
618.00
635.00
649.00
616.00
561.00
598.00
630.00
646.00
632.00
598.00
618.00
611.00
614.00
578.00
533.00
539.00
601.00
619.00
605.00
546.00
552.00
601.00
644.00
619.00
561.00
572.00
632.00
668.00
648.00
586.00
591.00
631.00
680.00
643.00
573.00
563.00
607.00
647.00
640.00
563.00
544.00
601.00
643.00
630.00
571.00
562.00
594.00
638.00
650.00
580.00
553.00
571.00
624.00
606.00
550.00
522.00
551.00
602.00
576.00
545.00
516.00
530.00
583.00
589.00
545.00
507.00
517.00
565.00
568.00
540.00
518.00
531.00
566.00
586.00
546.00
514.00
522.00
582.00
602.00
573.00
522.00
544.00
589.00
613.00
570.00
529.00
532.00
598.00
632.00
595.00
539.00
545.00
593.00
646.00
611.00
546.00
552.00
601.00
637.00
615.00
549.00
537.00
602.00
639.00
629.00
571.00
559.00
599.00
650.00
640.00
586.00
567.00
607.00
659.00
659.00
599.00
569.00
615.00
670.00
672.00
610.00
582.00
610.00
687.00
676.00
628.00
575.00
615.00
678.00
678.00
625.00
561.00
572.00
618.00
653.00
605.00
556.00
572.00
616.00
637.00
616.00
551.00
577.00
618.00
645.00
619.00
558.00
586.00
641.00
685.00
659.00
629.00
641.00
702.00
747.00
734.00
683.00
680.00
730.00
763.00
752.00
667.00
676.00
719.00
770.00
752.00
679.00
671.00
708.00
760.00
749.00
694.00
663.00
701.00
747.00
736.00
670.00
637.00
655.00
686.00
671.00
618.00
587.00
609.00
658.00
647.00
608.00
580.00
595.00
644.00
677.00
643.00
585.00
566.00
612.00
631.00
577.00
538.00
562.00
614.00
616.00
585.00
545.00
576.00
635.00
656.00
626.00
572.00
589.00
652.00
678.00
652.00
568.00
587.00
655.00
676.00
644.00
570.00
576.00
622.00
659.00
636.00
561.00
576.00
615.00
652.00
608.00
545.00
525.00
568.00
605.00
567.00
511.00
505.00
531.00
561.00
523.00
491.00
485.00
510.00
549.00
546.00
512.00
503.00
540.00
580.00
579.00
510.00
490.00
507.00
542.00
523.00
493.00
466.00
483.00
498.00
488.00
472.00
457.00
473.00
497.00
500.00
482.00
464.00
490.00
537.00
552.00
521.00
491.00
513.00
554.00
573.00
527.00
502.00
518.00
557.00
597.00
560.00
520.00
538.00
585.00
609.00
565.00
532.00
526.00
586.00
598.00
561.00
522.00
542.00
597.00
629.00
610.00
550.00
557.00
614.00
652.00
643.00
568.00
574.00
612.00
670.00
660.00
577.00
576.00
624.00
670.00
648.00
596.00
583.00
622.00
685.00
654.00
603.00
571.00
623.00
670.00
648.00
605.00
565.00
596.00
648.00
634.00
602.00
566.00
590.00
637.00
639.00
606.00
555.00
587.00
639.00
659.00
608.00
566.00
594.00
664.00
689.00
644.00
612.00
630.00
690.00
709.00
677.00
620.00
659.00
699.00
728.00
710.00
650.00
656.00
708.00
741.00
698.00
644.00
641.00
702.00
725.00
685.00
619.00
631.00
652.00
690.00
656.00
588.00
581.00
618.00
654.00
623.00
582.00
574.00
617.00
651.00
626.00
553.00
546.00
573.00
615.00
606.00
568.00
545.00
589.00
640.00
632.00
570.00
557.00
604.00
669.00
680.00
619.00
584.00
626.00
684.00
686.00
635.00
569.00
621.00
668.00
675.00
607.00
567.00
593.00
653.00
644.00
590.00
532.00
566.00
602.00
599.00
566.00
512.00
522.00
583.00
603.00
564.00
524.00
552.00
602.00
613.00
569.00
516.00
531.00
557.00
563.00
551.00
488.00
517.00
538.00
557.00
537.00
498.00
515.00
558.00
579.00
560.00
519.00
522.00
568.00
596.00
565.00
532.00
525.00
566.00
586.00
576.00
526.00
521.00
543.00
586.00
569.00
520.00
517.00
554.00
593.00
586.00
523.00
517.00
548.00
594.00
578.00
525.00
513.00
548.00
589.00
595.00
545.00
516.00
564.00
611.00
618.00
581.00
545.00
569.00
649.00
649.00
602.00
557.00
597.00
663.00
680.00
629.00
574.00
598.00
680.00
682.00
643.00
579.00
605.00
659.00
676.00
641.00
555.00
574.00
626.00
623.00
616.00
565.00
567.00
622.00
633.00
603.00
556.00
560.00
610.00
632.00
610.00
576.00
608.00
667.00
710.00
692.00
650.00
633.00
678.00
729.00
702.00
661.00
636.00
690.00
731.00
720.00
650.00
658.00
681.00
729.00
729.00
671.00
647.00
694.00
748.00
736.00
677.00
638.00
681.00
730.00
718.00
661.00
627.00
647.00
687.00
685.00
620.00
592.00
600.00
641.00
637.00
592.00
572.00
600.00
660.00
683.00
646.00
531.00
551.00
607.00
626.00
581.00
550.00
554.00
604.00
628.00
593.00
566.00
592.00
648.00
674.00
644.00
583.00
584.00
664.00
680.00
642.00
583.00
590.00
645.00
670.00
648.00
575.00
564.00
604.00
647.00
616.00
543.00
541.00
585.00
606.00
579.00
514.00
512.00
544.00
564.00
548.00
486.00
493.00
524.00
559.00
545.00
496.00
484.00
520.00
572.00
561.00
515.00
500.00
520.00
567.00
561.00
526.00
499.00
536.00
578.00
569.00
513.00
493.00
526.00
562.00
575.00
536.00
509.00
536.00
579.00
592.00
552.00
514.00
542.00
577.00
579.00
561.00
510.00
542.00
583.00
597.00
578.00
524.00
537.00
595.00
609.00
573.00
530.00
545.00
598.00
611.00
586.00
531.00
542.00
604.00
624.00
607.00
545.00
568.00
622.00
664.00
627.00
565.00
569.00
629.00
662.00
651.00
583.00
572.00
641.00
677.00
658.00
582.00
570.00
630.00
677.00
658.00
584.00
564.00
595.00
642.00
633.00
577.00
556.00
586.00
632.00
623.00
569.00
557.00
588.00
629.00
632.00
578.00
564.00
620.00
683.00
693.00
663.00
621.00
635.00
694.00
700.00
673.00
621.00
668.00
707.00
735.00
683.00
631.00
660.00
723.00
730.00
700.00
636.00
656.00
720.00
731.00
695.00
652.00
651.00
699.00
727.00
677.00
624.00
614.00
642.00
673.00
638.00
577.00
585.00
608.00
620.00
589.00
552.00
566.00
613.00
642.00
666.00
577.00
535.00
592.00
611.00
602.00
541.00
548.00
575.00
617.00
623.00
567.00
559.00
611.00
666.00
664.00
601.00
595.00
625.00
681.00
668.00
599.00
575.00
603.00
661.00
661.00
589.00
546.00
597.00
648.00
637.00
586.00
558.00
578.00
636.00
637.00
578.00
534.00
562.00
603.00
584.00
547.00
484.00
489.00
544.00
542.00
514.00
479.00
496.00
554.00
580.00
561.00
506.00
522.00
587.00
598.00
565.00
511.00
532.00
582.00
597.00
561.00
514.00
526.00
599.00
597.00
575.00
523.00
524.00
565.00
595.00
562.00
515.00
530.00
553.00
592.00
567.00
522.00
520.00
550.00
595.00
580.00
514.00
516.00
569.00
599.00
593.00
535.00
527.00
580.00
626.00
610.00
553.00
553.00
604.00
659.00
646.00
576.00
565.00
592.00
677.00
661.00
606.00
573.00
621.00
670.00
663.00
613.00
568.00
602.00
645.00
663.00
615.00
563.00
578.00
636.00
645.00
588.00
547.00
577.00
625.00
643.00
597.00
563.00
569.00
632.00
638.00
633.00
624.00
653.00
706.00
739.00
695.00
655.00
665.00
722.00
747.00
724.00
674.00
669.00
725.00
767.00
734.00
666.00
679.00
724.00
765.00
716.00
669.00
668.00
722.00
755.00
732.00
664.00
664.00
710.00
732.00
714.00
651.00
646.00
675.00
718.00
678.00
615.00
595.00
614.00
650.00
616.00
578.00
554.00
574.00
616.00
608.00
574.00
556.00
577.00
616.00
609.00
577.00
538.00
569.00
618.00
620.00
580.00
552.00
578.00
627.00
637.00
600.00
562.00
603.00
665.00
666.00
602.00
570.00
607.00
654.00
663.00
619.00
557.00
590.00
642.00
645.00
600.00
529.00
555.00
599.00
616.00
575.00
517.00
521.00
574.00
577.00
564.00
515.00
520.00
558.00
581.00
552.00
493.00
498.00
538.00
568.00
534.00
480.00
492.00
531.00
551.00
531.00
480.00
498.00
524.00
559.00
547.00
500.00
497.00
552.00
581.00
572.00
524.00
514.00
558.00
590.00
567.00
529.00
508.00
551.00
577.00
577.00
533.00
519.00
539.00
597.00
586.00
534.00
527.00
547.00
588.00
596.00
553.00
509.00
541.00
602.00
592.00
557.00
522.00
552.00
597.00
606.00
571.00
538.00
550.00
610.00
618.00
574.00
527.00
565.00
620.00
638.00
596.00
544.00
574.00
627.00
657.00
617.00
562.00
579.00
630.00
669.00
626.00
578.00
576.00
623.00
651.00
614.00
557.00
560.00
592.00
621.00
605.00
541.00
560.00
589.00
634.00
619.00
572.00
562.00
594.00
646.00
625.00
617.00
677.00
720.00
749.00
729.00
663.00
638.00
667.00
722.00
695.00
643.00
632.00
667.00
711.00
714.00
666.00
636.00
675.00
720.00
723.00
656.00
644.00
674.00
720.00
730.00
667.00
638.00
658.00
725.00
735.00
684.00
628.00
661.00
722.00
720.00
672.00
637.00
649.00
695.00
713.00
658.00
600.00
600.00
645.00
642.00
606.00
556.00
569.00
596.00
609.00
574.00
530.00
549.00
581.00
605.00
582.00
524.00
527.00
589.00
619.00
612.00
553.00
562.00
599.00
633.00
611.00
563.00
558.00
607.00
651.00
646.00
587.00
581.00
636.00
691.00
657.00
591.00
595.00
624.00
673.00
658.00
588.00
559.00
602.00
651.00
632.00
558.00
542.00
570.00
608.00
584.00
535.00
509.00
529.00
544.00
535.00
484.00
481.00
486.00
524.00
522.00
488.00
466.00
498.00
523.00
509.00
487.00
460.00
494.00
518.00
530.00
485.00
475.00
498.00
531.00
554.00
529.00
501.00
517.00
567.00
585.00
539.00
513.00
515.00
553.00
579.00
550.00
510.00
532.00
566.00
588.00
554.00
513.00
527.00
553.00
588.00
554.00
518.00
513.00
549.00
589.00
560.00
510.00
512.00
554.00
584.00
558.00
518.00
520.00
555.00
596.00
580.00
539.00
532.00
586.00
614.00
609.00
560.00
559.00
583.00
652.00
646.00
580.00
565.00
599.00
666.00
669.00
606.00
577.00
613.00
674.00
678.00
615.00
576.00
610.00
656.00
665.00
612.00
569.00
590.00
632.00
647.00
607.00
553.00
568.00
619.00
624.00
598.00
557.00
579.00
619.00
639.00
601.00
547.00
579.00
628.00
660.00
659.00
614.00
637.00
691.00
712.00
686.00
623.00
639.00
695.00
722.00
706.00
650.00
646.00
697.00
735.00
712.00
655.00
674.00
711.00
750.00
721.00
664.00
652.00
708.00
737.00
715.00
660.00
656.00
697.00
736.00
706.00
654.00
624.00
670.00
687.00
679.00
625.00
591.00
617.00
654.00
636.00
586.00
576.00
596.00
628.00
641.00
615.00
589.00
574.00
617.00
619.00
570.00
555.00
563.00
635.00
634.00
589.00
555.00
586.00
633.00
649.00
616.00
586.00
592.00
659.00
677.00
645.00
570.00
598.00
649.00
658.00
616.00
563.00
588.00
624.00
652.00
605.00
556.00
564.00
607.00
623.00
587.00
541.00
548.00
569.00
613.00
588.00
525.00
534.00
560.00
609.00
568.00
532.00
517.00
558.00
587.00
573.00
533.00
524.00
560.00
591.00
582.00
546.00
522.00
565.00
607.00
604.00
549.00
541.00
566.00
606.00
602.00
562.00
533.00
557.00
609.00
619.00
566.00
533.00
577.00
601.00
610.00
560.00
532.00
556.00
603.00
600.00
570.00
520.00
553.00
601.00
622.00
556.00
542.00
560.00
604.00
615.00
577.00
532.00
569.00
605.00
633.00
602.00
548.00
580.00
640.00
674.00
619.00
580.00
596.00
650.00
681.00
642.00
591.00
602.00
667.00
702.00
656.00
605.00
599.00
645.00
696.00
657.00
590.00
584.00
623.00
654.00
629.00
571.00
570.00
623.00
650.00
635.00
576.00
573.00
619.00
663.00
643.00
588.00
578.00
642.00
689.00
692.00
648.00
630.00
667.00
717.00
713.00
666.00
639.00
674.00
740.00
748.00
698.00
653.00
707.00
758.00
748.00
710.00
661.00
697.00
757.00
760.00
721.00
676.00
698.00
744.00
768.00
710.00
672.00
692.00
741.00
765.00
724.00
664.00
679.00
720.00
739.00
698.00
651.00
658.00
691.00
695.00
656.00
599.00
591.00
632.00
661.00
621.00
588.00
591.00
621.00
647.00
647.00
596.00
576.00
602.00
645.00
625.00
576.00
585.00
621.00
651.00
632.00
589.00
571.00
619.00
681.00
683.00
633.00
602.00
648.00
692.00
670.00
610.00
582.00
628.00
673.00
661.00
593.00
570.00
597.00
645.00
632.00
582.00
532.00
578.00
606.00
607.00
556.00
515.00
541.00
569.00
573.00
514.00
483.00
514.00
539.00
546.00
517.00
477.00
488.00
512.00
535.00
507.00
469.00
486.00
521.00
538.00
517.00
479.00
501.00
524.00
549.00
539.00
496.00
518.00
547.00
583.00
563.00
506.00
515.00
553.00
593.00
562.00
520.00
546.00
571.00
602.00
584.00
529.00
539.00
572.00
598.00
590.00
549.00
533.00
569.00
603.00
594.00
542.00
531.00
567.00
607.00
602.00
557.00
554.00
576.00
635.00
640.00
589.00
561.00
606.00
652.00
657.00
614.00
571.00
607.00
673.00
671.00
631.00
579.00
607.00
678.00
681.00
631.00
589.00
606.00
645.00
663.00
614.00
569.00
598.00
631.00
655.00
637.00
571.00
591.00
634.00
656.00
622.00
579.00
594.00
670.00
728.00
755.00
716.00
709.00
742.00
763.00
719.00
676.00
674.00
709.00
739.00
714.00
679.00
659.00
702.00
743.00
732.00
669.00
671.00
706.00
738.00
722.00
672.00
671.00
704.00
731.00
725.00
668.00
646.00
674.00
694.00
693.00
636.00
614.00
636.00
684.00
677.00
645.00
644.00
708.00
787.00
635.00
592.00
567.00
599.00
627.00
648.00
611.00
576.00
598.00
639.00
650.00
616.00
583.00
621.00
664.00
697.00
657.00
607.00
621.00
677.00
701.00
651.00
591.00
612.00
663.00
693.00
654.00
585.00
584.00
649.00
659.00
631.00
554.00
561.00
600.00
633.00
605.00
548.00
547.00
580.00
607.00
574.00
520.00
506.00
555.00
563.00
553.00
517.00
508.00
536.00
571.00
557.00
520.00
511.00
546.00
581.00
585.00
542.00
512.00
554.00
602.00
599.00
548.00
539.00
556.00
611.00
604.00
557.00
542.00
550.00
594.00
605.00
572.00
540.00
560.00
592.00
611.00
576.00
525.00
548.00
589.00
602.00
573.00
534.00
547.00
595.00
615.00
584.00
535.00
562.00
620.00
626.00
596.00
570.00
579.00
631.00
658.00
624.00
570.00
610.00
652.00
699.00
656.00
594.00
595.00
663.00
688.00
674.00
627.00
617.00
666.00
691.00
660.00
609.00
599.00
625.00
658.00
649.00
595.00
585.00
625.00
657.00
652.00
612.00
593.00
625.00
688.00
751.00
730.00
732.00
748.00
789.00
779.00
724.00
684.00
718.00
779.00
765.00
730.00
704.00
731.00
791.00
784.00
748.00
707.00
726.00
778.00
786.00
751.00
696.00
728.00
781.00
783.00
750.00
690.00
708.00
752.00
757.00
700.00
656.00
660.00
681.00
695.00
658.00
598.00
607.00
649.00
665.00
637.00
625.00
641.00
704.00
720.00
630.00
572.00
587.00
623.00
664.00
640.00
602.00
579.00
634.00
668.00
666.00
610.00
609.00
667.00
711.00
697.00
647.00
629.00
667.00
719.00
711.00
635.00
613.00
659.00
703.00
693.00
630.00
606.00
644.00
701.00
668.00
616.00
588.00
593.00
648.00
633.00
593.00
545.00
572.00
595.00
578.00
556.00
509.00
528.00
546.00
556.00
505.00
505.00
511.00
547.00
571.00
544.00
538.00
538.00
574.00
608.00
569.00
532.00
547.00
589.00
618.00
575.00
533.00
559.00
590.00
633.00
612.00
551.00
556.00
606.00
628.00
600.00
558.00
571.00
609.00
642.00
619.00
570.00
563.00
615.00
648.00
624.00
582.00
576.00
620.00
667.00
649.00
591.00
577.00
620.00
676.00
668.00
629.00
594.00
641.00
708.00
694.00
649.00
626.00
658.00
713.00
720.00
659.00
617.00
653.00
701.00
688.00
635.00
599.00
625.00
660.00
687.00
629.00
612.00
625.00
676.00
673.00
660.00
601.00
638.00
676.00
706.00
703.00
691.00
730.00
784.00
794.00
764.00
701.00
707.00
739.00
771.00
742.00
695.00
705.00
745.00
774.00
738.00
691.00
685.00
737.00
778.00
746.00
702.00
685.00
725.00
768.00
740.00
696.00
689.00
728.00
767.00
745.00
683.00
673.00
706.00
721.00
725.00
672.00
637.00
672.00
696.00
689.00
646.00
617.00
649.00
693.00
722.00
750.00
618.00
615.00
660.00
672.00
634.00
585.00
612.00
649.00
665.00
627.00
603.00
619.00
687.00
702.00
679.00
630.00
646.00
717.00
744.00
694.00
623.00
661.00
701.00
728.00
697.00
623.00
629.00
682.00
701.00
663.00
621.00
612.00
657.00
678.00
649.00
575.00
585.00
614.00
650.00
608.00
577.00
570.00
597.00
614.00
595.00
554.00
545.00
562.00
589.00
555.00
518.00
522.00
535.00
552.00
534.00
481.00
476.00
490.00
508.00
522.00
490.00
476.00
492.00
519.00
529.00
496.00
491.00
502.00
561.00
557.00
530.00
521.00
538.00
573.00
594.00
543.00
516.00
545.00
585.00
585.00
563.00
538.00
537.00
572.00
583.00
571.00
521.00
547.00
569.00
601.00
586.00
540.00
566.00
602.00
636.00
606.00
568.00
562.00
637.00
675.00
654.00
623.00
611.00
663.00
711.00
684.00
630.00
628.00
677.00
725.00
708.00
644.00
637.00
670.00
713.00
689.00
630.00
607.00
640.00
682.00
672.00
624.00
604.00
623.00
663.00
667.00
623.00
601.00
634.00
682.00
684.00
642.00
656.00
738.00
772.00
751.00
713.00
682.00
688.00
717.00
739.00
701.00
656.00
671.00
725.00
734.00
707.00
659.00
659.00
716.00
719.00
693.00
653.00
656.00
709.00
728.00
706.00
657.00
658.00
711.00
731.00
705.00
654.00
652.00
694.00
735.00
708.00
655.00
643.00
696.00
726.00
703.00
649.00
640.00
686.00
706.00
686.00
628.00
624.00
643.00
665.00
652.00
612.00
602.00
638.00
680.00
713.00
598.00
575.00
606.00
653.00
647.00
616.00
598.00
605.00
663.00
672.00
625.00
592.00
626.00
695.00
718.00
669.00
621.00
648.00
713.00
724.00
670.00
622.00
630.00
683.00
727.00
663.00
598.00
623.00
666.00
673.00
641.00
582.00
587.00
626.00
653.00
624.00
572.00
565.00
606.00
616.00
588.00
540.00
534.00
577.00
585.00
562.00
509.00
525.00
549.00
567.00
570.00
512.00
526.00
560.00
602.00
589.00
539.00
538.00
568.00
602.00
591.00
551.00
532.00
567.00
621.00
609.00
554.00
551.00
568.00
613.00
586.00
553.00
520.00
559.00
596.00
600.00
562.00
542.00
572.00
603.00
605.00
588.00
551.00
561.00
631.00
622.00
590.00
541.00
564.00
616.00
625.00
607.00
559.00
574.00
627.00
675.00
640.00
584.00
600.00
657.00
690.00
668.00
609.00
608.00
654.00
693.00
665.00
601.00
603.00
632.00
662.00
651.00
603.00
588.00
620.00
652.00
624.00
605.00
586.00
603.00
655.00
645.00
627.00
706.00
763.00
776.00
744.00
687.00
676.00
689.00
729.00
718.00
676.00
652.00
666.00
701.00
705.00
679.00
646.00
666.00
721.00
717.00
682.00
651.00
665.00
713.00
723.00
672.00
634.00
662.00
701.00
714.00
674.00
642.00
637.00
668.00
679.00
640.00
604.00
616.00
639.00
663.00
636.00
587.00
602.00
627.00
656.00
634.00
587.00
588.00
617.00
652.00
632.00
606.00
561.00
607.00
640.00
642.00
584.00
575.00
609.00
644.00
644.00
592.00
584.00
605.00
671.00
665.00
615.00
603.00
649.00
703.00
697.00
628.00
587.00
621.00
672.00
680.00
617.00
577.00
595.00
664.00
657.00
610.00
558.00
596.00
635.00
657.00
602.00
551.00
572.00
608.00
626.00
582.00
531.00
540.00
582.00
580.00
557.00
503.00
517.00
537.00
558.00
549.00
496.00
518.00
558.00
573.00
568.00
521.00
525.00
574.00
598.00
578.00
524.00
530.00
574.00
600.00
581.00
546.00
536.00
574.00
620.00
606.00
553.00
529.00
573.00
611.00
601.00
552.00
533.00
556.00
602.00
598.00
548.00
544.00
563.00
613.00
610.00
569.00
548.00
580.00
629.00
624.00
604.00
556.00
578.00
657.00
668.00
624.00
585.00
616.00
672.00
678.00
658.00
584.00
613.00
672.00
695.00
651.00
580.00
586.00
632.00
666.00
618.00
582.00
568.00
621.00
638.00
627.00
576.00
581.00
612.00
650.00
640.00
619.00
658.00
717.00
739.00
713.00
664.00
652.00
692.00
716.00
712.00
651.00
641.00
680.00
728.00
722.00
666.00
641.00
685.00
718.00
707.00
675.00
628.00
676.00
718.00
733.00
674.00
638.00
665.00
716.00
726.00
678.00
634.00
655.00
708.00
725.00
672.00
619.00
637.00
657.00
669.00
634.00
580.00
587.00
617.00
628.00
606.00
558.00
569.00
604.00
619.00
620.00
576.00
569.00
598.00
631.00
616.00
547.00
580.00
597.00
633.00
627.00
573.00
570.00
611.00
657.00
654.00
590.00
590.00
631.00
675.00
687.00
606.00
585.00
629.00
664.00
667.00
587.00
573.00
613.00
638.00
635.00
577.00
547.00
571.00
621.00
592.00
560.00
521.00
566.00
583.00
578.00
526.00
500.00
520.00
540.00
536.00
488.00
463.00
484.00
504.00
515.00
484.00
451.00
474.00
494.00
504.00
499.00
456.00
477.00
524.00
535.00
513.00
478.00
497.00
529.00
552.00
542.00
501.00
518.00
545.00
575.00
559.00
514.00
511.00
544.00
581.00
554.00
513.00
511.00
526.00
556.00
538.00
506.00
494.00
520.00
558.00
551.00
504.00
501.00
538.00
572.00
582.00
546.00
530.00
571.00
619.00
624.00
567.00
551.00
599.00
639.00
644.00
600.00
553.00
586.00
657.00
654.00
617.00
577.00
596.00
649.00
672.00
620.00
575.00
594.00
642.00
658.00
614.00
556.00
576.00
624.00
651.00
609.00
558.00
582.00
624.00
649.00
626.00
581.00
578.00
633.00
684.00
689.00
636.00
650.00
679.00
724.00
698.00
653.00
635.00
691.00
723.00
727.00
668.00
658.00
702.00
743.00
747.00
674.00
661.00
687.00
748.00
737.00
690.00
631.00
667.00
705.00
704.00
656.00
608.00
633.00
654.00
657.00
610.00
586.00
592.00
638.00
634.00
595.00
563.00
582.00
628.00
634.00
611.00
581.00
573.00
612.00
624.00
591.00
552.00
558.00
610.00
632.00
592.00
558.00
568.00
626.00
672.00
630.00
573.00
593.00
634.00
664.00
640.00
565.00
567.00
615.00
643.00
628.00
554.00
553.00
592.00
633.00
605.00
548.00
527.00
562.00
597.00
580.00
517.00
520.00
536.00
564.00
554.00
512.00
490.00
518.00
540.00
523.00
493.00
478.00
487.00
518.00
506.00
495.00
461.00
489.00
521.00
520.00
494.00
467.00
496.00
516.00
540.00
519.00
478.00
498.00
538.00
550.00
536.00
491.00
508.00
550.00
548.00
530.00
499.00
505.00
537.00
541.00
533.00
484.00
494.00
520.00
545.00
509.00
471.00
475.00
515.00
534.00
519.00
485.00
483.00
529.00
560.00
549.00
519.00
519.00
560.00
598.00
596.00
555.00
548.00
581.00
643.00
637.00
593.00
565.00
602.00
659.00
664.00
600.00
557.00
595.00
656.00
643.00
599.00
555.00
576.00
632.00
627.00
584.00
544.00
568.00
614.00
638.00
593.00
542.00
574.00
628.00
629.00
618.00
629.00
658.00
694.00
711.00
672.00
606.00
629.00
674.00
698.00
667.00
619.00
631.00
668.00
700.00
665.00
625.00
612.00
661.00
700.00
677.00
624.00
611.00
652.00
695.00
677.00
611.00
606.00
647.00
681.00
666.00
608.00
590.00
626.00
651.00
636.00
592.00
576.00
611.00
639.00
617.00
586.00
564.00
618.00
665.00
616.00
570.00
540.00
571.00
613.00
624.00
570.00
551.00
568.00
621.00
628.00
581.00
547.00
569.00
633.00
653.00
612.00
573.00
595.00
652.00
664.00
631.00
569.00
596.00
626.00
649.00
612.00
557.00
565.00
617.00
639.00
599.00
557.00
537.00
586.00
608.00
576.00
523.00
513.00
537.00
578.00
550.00
503.00
488.00
519.00
550.00
527.00
481.00
476.00
498.00
520.00
517.00
469.00
458.00
485.00
503.00
500.00
472.00
450.00
467.00
502.00
494.00
450.00
459.00
458.00
500.00
496.00
464.00
456.00
468.00
487.00
503.00
473.00
448.00
471.00
493.00
496.00
470.00
451.00
472.00
501.00
522.00
492.00
462.00
478.00
511.00
520.00
503.00
474.00
482.00
513.00
525.00
512.00
468.00
480.00
509.00
537.00
521.00
481.00
512.00
541.00
583.00
562.00
528.00
521.00
579.00
612.00
602.00
547.00
539.00
594.00
650.00
626.00
567.00
548.00
592.00
622.00
621.00
566.00
545.00
578.00
620.00
609.00
564.00
546.00
577.00
613.00
626.00
573.00
546.00
567.00
617.00
606.00
584.00
546.00
556.00
633.00
626.00
590.00
554.00
569.00
643.00
662.00
632.00
586.00
601.00
635.00
647.00
633.00
584.00
604.00
649.00
658.00
625.00
588.00
596.00
635.00
674.00
643.00
584.00
600.00
649.00
658.00
640.00
585.00
597.00
642.00
667.00
643.00
600.00
589.00
626.00
651.00
641.00
588.00
563.00
604.00
617.00
602.00
561.00
552.00
571.00
607.00
579.00
566.00
548.00
583.00
621.00
604.00
555.00
549.00
573.00
622.00
615.00
568.00
534.00
567.00
620.00
624.00
587.00
541.00
583.00
635.00
642.00
607.00
572.00
595.00
650.00
650.00
620.00
549.00
576.00
623.00
638.00
609.00
550.00
562.00
621.00
622.00
584.00
524.00
545.00
582.00
604.00
566.00
516.00
529.00
563.00
584.00
552.00
508.00
499.00
533.00
565.00
534.00
505.00
494.00
532.00
549.00
532.00
486.00
477.00
505.00
535.00
518.00
469.00
477.00
494.00
528.00
512.00
490.00
470.00
514.00
538.00
532.00
497.00
475.00
500.00
557.00
542.00
492.00
496.00
519.00
565.00
565.00
515.00
495.00
512.00
559.00
557.00
514.00
494.00
513.00
548.00
572.00
530.00
499.00
522.00
561.00
570.00
536.00
510.00
528.00
580.00
598.00
577.00
519.00
547.00
595.00
625.00
607.00
541.00
557.00
616.00
640.00
615.00
570.00
576.00
619.00
651.00
627.00
574.00
571.00
616.00
650.00
620.00
545.00
553.00
591.00
626.00
609.00
554.00
556.00
584.00
612.00
603.00
565.00
543.00
578.00
611.00
607.00
570.00
554.00
588.00
640.00
640.00
603.00
580.00
612.00
674.00
659.00
618.00
581.00
620.00
653.00
670.00
617.00
569.00
617.00
659.00
658.00
630.00
574.00
605.00
649.00
674.00
621.00
584.00
600.00
643.00
665.00
630.00
565.00
594.00
634.00
640.00
609.00
559.00
585.00
605.00
628.00
583.00
548.00
554.00
592.00
606.00
591.00
543.00
556.00
584.00
602.00
583.00
528.00
536.00
582.00
615.00
591.00
542.00
530.00
578.00
610.00
599.00
556.00
537.00
571.00
614.00
618.00
573.00
566.00
612.00
646.00
642.00
576.00
561.00
593.00
642.00
617.00
566.00
549.00
579.00
633.00
608.00
574.00
536.00
572.00
592.00
599.00
543.00
515.00
529.00
569.00
558.00
515.00
503.00
519.00
550.00
560.00
517.00
473.00
497.00
525.00
528.00
491.00
456.00
474.00
511.00
511.00
490.00
457.00
462.00
513.00
523.00
487.00
458.00
472.00
521.00
526.00
504.00
480.00
487.00
523.00
545.00
516.00
484.00
487.00
531.00
545.00
538.00
490.00
497.00
534.00
535.00
521.00
474.00
484.00
512.00
533.00
515.00
488.00
476.00
508.00
538.00
547.00
504.00
501.00
531.00
575.00
568.00
532.00
534.00
556.00
615.00
612.00
559.00
546.00
584.00
643.00
634.00
580.00
556.00
588.00
630.00
647.00
595.00
565.00
587.00
622.00
630.00
582.00
540.00
585.00
610.00
614.00
581.00
539.00
558.00
602.00
618.00
577.00
561.00
567.00
605.00
624.00
589.00
561.00
582.00
646.00
662.00
616.00
578.00
597.00
656.00
663.00
632.00
600.00
602.00
646.00
670.00
644.00
596.00
611.00
646.00
686.00
654.00
604.00
613.00
650.00
696.00
654.00
601.00
613.00
658.00
699.00
672.00
604.00
609.00
651.00
678.00
659.00
609.00
602.00
634.00
664.00
663.00
586.00
576.00
606.00
631.00
632.00
577.00
559.00
587.00
621.00
617.00
570.00
543.00
575.00
611.00
615.00
564.00
548.00
568.00
591.00
603.00
559.00
538.00
576.00
620.00
613.00
581.00
548.00
581.00
630.00
632.00
598.00
568.00
595.00
656.00
675.00
625.00
567.00
596.00
655.00
658.00
622.00
550.00
584.00
640.00
663.00
614.00
551.00
577.00
618.00
644.00
597.00
542.00
548.00
602.00
623.00
590.00
529.00
531.00
565.00
596.00
551.00
509.00
507.00
544.00
560.00
545.00
497.00
497.00
525.00
541.00
524.00
477.00
487.00
501.00
520.00
520.00
473.00
472.00
486.00
520.00
504.00
475.00
467.00
497.00
531.00
524.00
480.00
470.00
497.00
527.00
521.00
487.00
470.00
507.00
529.00
529.00
484.00
482.00
507.00
544.00
518.00
481.00
492.00
496.00
540.00
530.00
506.00
477.00
513.00
560.00
555.00
541.00
503.00
529.00
612.00
623.00
580.00
535.00
571.00
636.00
638.00
595.00
558.00
586.00
629.00
647.00
612.00
569.00
585.00
630.00
663.00
608.00
566.00
573.00
621.00
645.00
595.00
551.00
561.00
615.00
610.00
601.00
548.00
558.00
586.00
620.00
584.00
544.00
575.00
612.00
644.00
626.00
574.00
588.00
619.00
654.00
633.00
577.00
592.00
625.00
632.00
627.00
581.00
584.00
619.00
653.00
631.00
590.00
591.00
622.00
672.00
660.00
602.00
586.00
624.00
675.00
653.00
597.00
576.00
608.00
642.00
636.00
594.00
561.00
596.00
624.00
621.00
569.00
543.00
574.00
619.00
598.00
562.00
542.00
557.00
593.00
606.00
560.00
542.00
564.00
600.00
616.00
566.00
536.00
558.00
599.00
600.00
575.00
543.00
565.00
603.00
617.00
575.00
548.00
589.00
624.00
636.00
613.00
569.00
589.00
649.00
659.00
620.00
558.00
573.00
630.00
646.00
610.00
544.00
561.00
616.00
637.00
593.00
540.00
563.00
596.00
615.00
594.00
538.00
533.00
582.00
607.00
572.00
524.00
535.00
576.00
598.00
559.00
508.00
522.00
547.00
585.00
553.00
497.00
495.00
520.00
554.00
537.00
496.00
479.00
503.00
533.00
506.00
470.00
462.00
502.00
526.00
525.00
484.00
483.00
501.00
538.00
531.00
480.00
479.00
503.00
526.00
531.00
491.00
475.00
500.00
542.00
539.00
495.00
494.00
504.00
551.00
543.00
511.00
481.00
512.00
553.00
541.00
510.00
489.00
526.00
571.00
554.00
517.00
503.00
522.00
567.00
574.00
530.00
501.00
525.00
576.00
556.00
543.00
503.00
525.00
575.00
600.00
570.00
536.00
563.00
624.00
618.00
591.00
548.00
571.00
621.00
640.00
591.00
536.00
556.00
593.00
612.00
594.00
539.00
554.00
589.00
606.00
579.00
540.00
551.00
581.00
596.00
576.00
541.00
543.00
590.00
621.00
614.00
575.00
589.00
611.00
644.00
632.00
572.00
581.00
608.00
650.00
625.00
574.00
568.00
605.00
637.00
622.00
573.00
568.00
598.00
647.00
624.00
582.00
560.00
604.00
633.00
631.00
585.00
568.00
595.00
635.00
635.00
582.00
561.00
587.00
643.00
631.00
589.00
573.00
603.00
637.00
628.00
583.00
556.00
590.00
627.00
623.00
569.00
553.00
564.00
610.00
613.00
566.00
533.00
551.00
588.00
580.00
557.00
522.00
553.00
602.00
606.00
565.00
537.00
549.00
598.00
622.00
579.00
539.00
567.00
619.00
641.00
598.00
549.00
576.00
631.00
659.00
615.00
576.00
594.00
652.00
669.00
632.00
557.00
574.00
637.00
668.00
618.00
556.00
573.00
630.00
633.00
602.00
534.00
554.00
603.00
603.00
563.00
519.00
526.00
556.00
572.00
551.00
518.00
503.00
538.00
555.00
543.00
481.00
495.00
520.00
540.00
525.00
481.00
489.00
506.00
540.00
530.00
500.00
474.00
513.00
533.00
526.00
472.00
477.00
496.00
531.00
529.00
483.00
478.00
509.00
537.00
522.00
499.00
476.00
503.00
536.00
536.00
501.00
491.00
509.00
545.00
541.00
494.00
481.00
511.00
540.00
536.00
496.00
493.00
505.00
547.00
553.00
519.00
492.00
517.00
573.00
566.00
539.00
511.00
538.00
587.00
586.00
561.00
513.00
545.00
605.00
605.00
581.00
532.00
556.00
610.00
610.00
570.00
529.00
562.00
609.00
645.00
589.00
540.00
563.00
605.00
627.00
586.00
543.00
559.00
591.00
621.00
586.00
538.00
557.00
598.00
606.00
582.00
540.00
562.00
594.00
609.00
601.00
547.00
552.00
602.00
676.00
646.00
599.00
605.00
647.00
664.00
633.00
592.00
598.00
626.00
663.00
629.00
597.00
587.00
636.00
658.00
643.00
596.00
603.00
618.00
647.00
644.00
586.00
581.00
619.00
662.00
655.00
592.00
582.00
623.00
654.00
652.00
592.00
585.00
600.00
646.00
641.00
592.00
557.00
597.00
639.00
633.00
573.00
578.00
591.00
624.00
616.00
567.00
558.00
572.00
611.00
607.00
569.00
542.00
571.00
613.00
607.00
563.00
554.00
551.00
591.00
589.00
562.00
528.00
565.00
611.00
611.00
578.00
543.00
559.00
607.00
624.00
583.00
550.00
582.00
631.00
647.00
594.00
565.00
595.00
648.00
661.00
601.00
566.00
599.00
636.00
654.00
616.00
557.00
567.00
631.00
649.00
603.00
536.00
565.00
614.00
628.00
586.00
531.00
550.00
593.00
603.00
573.00
526.00
525.00
573.00
595.00
564.00
505.00
514.00
558.00
586.00
552.00
504.00
510.00
557.00
574.00
539.00
491.00
508.00
534.00
572.00
536.00
496.00
495.00
520.00
547.00
527.00
481.00
502.00
526.00
542.00
527.00
501.00
482.00
521.00
535.00
538.00
496.00
506.00
535.00
566.00
543.00
500.00
488.00
541.00
567.00
564.00
516.00
504.00
537.00
578.00
561.00
513.00
497.00
545.00
576.00
556.00
532.00
510.00
553.00
593.00
587.00
551.00
538.00
583.00
634.00
624.00
568.00
547.00
580.00
648.00
624.00
579.00
550.00
583.00
620.00
642.00
578.00
556.00
571.00
621.00
630.00
577.00
542.00
572.00
619.00
605.00
576.00
548.00
564.00
623.00
617.00
576.00
546.00
574.00
623.00
629.00
610.00
566.00
588.00
641.00
646.00
614.00
572.00
593.00
647.00
659.00
609.00
572.00
603.00
654.00
671.00
613.00
582.00
593.00
642.00
679.00
635.00
588.00
606.00
647.00
675.00
647.00
586.00
605.00
648.00
676.00
634.00
598.00
599.00
650.00
664.00
643.00
575.00
590.00
636.00
648.00
632.00
572.00
584.00
628.00
641.00
614.00
562.00
560.00
603.00
633.00
604.00
564.00
552.00
579.00
623.00
590.00
547.00
548.00
587.00
620.00
604.00
559.00
545.00
594.00
615.00
592.00
549.00
542.00
579.00
627.00
615.00
557.00
547.00
579.00
626.00
609.00
559.00
546.00
597.00
639.00
627.00
576.00
546.00
595.00
663.00
632.00
565.00
564.00
609.00
656.00
641.00
582.00
552.00
589.00
652.00
641.00
569.00
550.00
585.00
639.00
633.00
567.00
540.00
569.00
619.00
618.00
559.00
536.00
564.00
606.00
586.00
538.00
518.00
537.00
586.00
591.00
525.00
507.00
522.00
564.00
557.00
529.00
490.00
528.00
552.00
563.00
522.00
499.00
509.00
554.00
560.00
513.00
479.00
505.00
548.00
547.00
512.00
477.00
493.00
524.00
526.00
498.00
469.00
470.00
518.00
534.00
499.00
462.00
471.00
507.00
506.00
494.00
462.00
466.00
502.00
514.00
498.00
470.00
471.00
499.00
495.00
498.00
472.00
478.00
518.00
550.00
512.00
477.00
474.00
517.00
528.00
509.00
470.00
479.00
515.00
544.00
513.00
478.00
482.00
517.00
532.00
528.00
484.00
502.00
524.00
571.00
549.00
522.00
516.00
556.00
592.00
581.00
522.00
530.00
558.00
608.00
593.00
535.00
536.00
564.00
607.00
588.00
535.00
527.00
563.00
603.00
586.00
541.00
545.00
566.00
589.00
600.00
555.00
533.00
577.00
608.00
618.00
558.00
548.00
561.00
614.00
625.00
612.00
621.00
643.00
675.00
664.00
609.00
578.00
623.00
664.00
648.00
608.00
575.00
612.00
653.00
643.00
612.00
577.00
604.00
652.00
659.00
610.00
598.00
616.00
674.00
682.00
643.00
604.00
619.00
672.00
670.00
629.00
602.00
623.00
667.00
672.00
632.00
584.00
605.00
657.00
661.00
619.00
594.00
596.00
646.00
656.00
617.00
565.00
583.00
625.00
638.00
601.00
569.00
581.00
619.00
634.00
605.00
563.00
559.00
605.00
624.00
583.00
559.00
567.00
593.00
618.00
603.00
541.00
559.00
592.00
610.00
586.00
532.00
556.00
601.00
615.00
589.00
545.00
543.00
575.00
599.00
593.00
530.00
560.00
597.00
621.00
598.00
531.00
545.00
580.00
613.00
597.00
554.00
545.00
581.00
631.00
605.00
552.00
541.00
578.00
617.00
617.00
561.00
558.00
603.00
652.00
629.00
575.00
548.00
598.00
647.00
626.00
563.00
555.00
596.00
640.00
623.00
574.00
538.00
598.00
634.00
621.00
566.00
543.00
583.00
629.00
613.00
563.00
533.00
573.00
617.00
607.00
541.00
526.00
557.00
608.00
570.00
533.00
509.00
536.00
594.00
574.00
527.00
506.00
536.00
575.00
559.00
514.00
491.00
511.00
553.00
553.00
506.00
495.00
499.00
541.00
541.00
502.00
470.00
500.00
538.00
535.00
486.00
472.00
486.00
526.00
514.00
483.00
470.00
484.00
519.00
515.00
495.00
456.00
461.00
493.00
510.00
488.00
455.00
475.00
499.00
512.00
484.00
454.00
472.00
505.00
508.00
480.00
463.00
480.00
495.00
516.00
501.00
473.00
486.00
499.00
528.00
514.00
464.00
481.00
523.00
543.00
511.00
475.00
493.00
515.00
538.00
531.00
481.00
500.00
536.00
560.00
536.00
501.00
510.00
560.00
589.00
563.00
527.00
520.00
568.00
602.00
567.00
544.00
531.00
589.00
610.00
591.00
539.00
521.00
571.00
601.00
588.00
543.00
531.00
573.00
596.00
599.00
544.00
532.00
578.00
603.00
605.00
629.00
623.00
655.00
677.00
649.00
605.00
592.00
617.00
674.00
648.00
615.00
590.00
620.00
656.00
652.00
607.00
577.00
605.00
657.00
640.00
600.00
575.00
602.00
647.00
640.00
594.00
563.00
595.00
641.00
643.00
592.00
562.00
592.00
631.00
643.00
596.00
557.00
587.00
633.00
648.00
605.00
579.00
591.00
631.00
655.00
607.00
562.00
592.00
635.00
644.00
611.00
564.00
594.00
650.00
670.00
623.00
582.00
595.00
645.00
677.00
638.00
586.00
607.00
655.00
684.00
634.00
589.00
608.00
650.00
683.00
643.00
592.00
610.00
664.00
692.00
650.00
591.00
621.00
660.00
684.00
661.00
608.00
616.00
657.00
692.00
658.00
603.00
613.00
660.00
696.00
657.00
603.00
600.00
650.00
689.00
665.00
598.00
604.00
644.00
691.00
675.00
612.00
609.00
637.00
689.00
663.00
604.00
598.00
656.00
678.00
684.00
610.00
608.00
650.00
692.00
695.00
608.00
609.00
654.00
705.00
693.00
630.00
617.00
652.00
