43925.00
43931.00
43994.00
44012.00
43979.00
43927.00
43933.00
43997.00
43994.00
43968.00
43938.00
43924.00
43989.00
44016.00
43975.00
43930.00
43941.00
43985.00
44008.00
43988.00
43922.00
43927.00
43981.00
44011.00
43976.00
43922.00
43931.00
43989.00
44001.00
43989.00
43932.00
43939.00
43976.00
44025.00
43999.00
43950.00
43938.00
43964.00
44016.00
43987.00
43943.00
43938.00
43980.00
44024.00
44009.00
43957.00
43940.00
43981.00
44023.00
43998.00
43949.00
43931.00
43969.00
44016.00
43996.00
43929.00
43935.00
43963.00
44028.00
44001.00
43946.00
43924.00
43949.00
44019.00
44004.00
43951.00
43913.00
43951.00
44021.00
44001.00
43967.00
43931.00
43939.00
44002.00
43994.00
43964.00
43923.00
43981.00
44010.00
44008.00
43956.00
43932.00
43948.00
44023.00
44015.00
43967.00
43948.00
43945.00
44018.00
44025.00
43975.00
43946.00
43947.00
44007.00
44006.00
43974.00
43940.00
43956.00
44017.00
44036.00
43982.00
43949.00
43980.00
44019.00
44026.00
43993.00
43949.00
43958.00
44022.00
44035.00
44001.00
43946.00
43969.00
44015.00
44037.00
43992.00
43942.00
43958.00
43998.00
44035.00
44003.00
43944.00
43945.00
44002.00
44036.00
44009.00
43945.00
43954.00
44014.00
44053.00
44009.00
43967.00
43941.00
43991.00
44032.00
44001.00
43948.00
43948.00
44001.00
44029.00
43996.00
43958.00
43938.00
44007.00
44024.00
43996.00
43938.00
43948.00
43998.00
44037.00
44010.00
43953.00
43952.00
43990.00
44045.00
44007.00
43960.00
43957.00
43974.00
44033.00
44016.00
43946.00
43916.00
43979.00
44026.00
43999.00
43958.00
43939.00
43972.00
44027.00
43992.00
43945.00
43939.00
43975.00
44042.00
44012.00
43950.00
43932.00
43966.00
44025.00
44009.00
43954.00
43935.00
43968.00
44038.00
44008.00
43967.00
43925.00
43981.00
44019.00
44013.00
43972.00
43936.00
43964.00
44012.00
44020.00
43957.00
43932.00
43962.00
44022.00
44019.00
43974.00
43934.00
43961.00
44038.00
44025.00
43979.00
43936.00
43966.00
44020.00
44022.00
43969.00
43913.00
43945.00
44001.00
44022.00
43962.00
43914.00
43948.00
43998.00
44012.00
43965.00
43916.00
43964.00
44000.00
44019.00
43975.00
43919.00
43946.00
43994.00
44016.00
43971.00
43931.00
43940.00
43980.00
44005.00
43963.00
43924.00
43926.00
43978.00
44018.00
43979.00
43942.00
43931.00
43991.00
44030.00
43970.00
43924.00
43943.00
43992.00
44018.00
43995.00
43936.00
43934.00
43985.00
44021.00
43985.00
43930.00
43932.00
43988.00
44009.00
43986.00
43935.00
43917.00
43964.00
44018.00
43979.00
43931.00
43914.00
43949.00
44014.00
44003.00
43927.00
43921.00
43984.00
44020.00
43991.00
43928.00
43915.00
43961.00
44008.00
43993.00
43934.00
43913.00
43954.00
44007.00
43978.00
43927.00
43918.00
43934.00
44021.00
43982.00
43928.00
43910.00
43950.00
44017.00
44000.00
43935.00
43920.00
43954.00
44009.00
44009.00
43957.00
43922.00
43958.00
44014.00
44006.00
43958.00
43916.00
43954.00
44011.00
44029.00
43968.00
43938.00
43952.00
44022.00
44014.00
43961.00
43929.00
43955.00
44020.00
44007.00
43976.00
43923.00
43957.00
44013.00
44018.00
43977.00
43919.00
43951.00
44013.00
44012.00
43983.00
43950.00
43952.00
44007.00
44030.00
43974.00
43938.00
43957.00
44003.00
44017.00
43994.00
43940.00
43947.00
44011.00
44033.00
44005.00
43935.00
43952.00
44008.00
44020.00
43992.00
43945.00
43953.00
43996.00
44023.00
43978.00
43930.00
43956.00
43995.00
44038.00
43987.00
43932.00
43933.00
43979.00
44011.00
43989.00
43925.00
43938.00
43984.00
44015.00
43993.00
43955.00
43933.00
43996.00
44024.00
44003.00
43936.00
43942.00
43978.00
44028.00
43992.00
43934.00
43947.00
43966.00
43993.00
43990.00
43932.00
43942.00
43972.00
44034.00
43987.00
43932.00
43925.00
43956.00
44015.00
44006.00
43948.00
43928.00
43969.00
44032.00
44002.00
43948.00
43932.00
43950.00
44020.00
44004.00
43954.00
43918.00
43951.00
44004.00
43992.00
43944.00
43926.00
43963.00
44008.00
44004.00
43958.00
43918.00
43956.00
44011.00
44010.00
43953.00
43926.00
43954.00
44012.00
44008.00
43974.00
43914.00
43950.00
44005.00
44009.00
43973.00
43917.00
43945.00
44021.00
44015.00
43958.00
43923.00
43957.00
44000.00
44016.00
43974.00
43927.00
43953.00
44009.00
44032.00
43968.00
43924.00
43937.00
44000.00
44011.00
43972.00
43934.00
43931.00
44013.00
44014.00
43977.00
43944.00
43924.00
43970.00
44008.00
43968.00
43933.00
43939.00
43989.00
44012.00
43979.00
43929.00
43932.00
43996.00
44024.00
43989.00
43939.00
43939.00
43991.00
44026.00
43993.00
43938.00
43939.00
43988.00
44030.00
44014.00
43962.00
43950.00
44001.00
44033.00
44025.00
43972.00
43948.00
43997.00
44043.00
44012.00
43953.00
43949.00
43989.00
44024.00
44001.00
43947.00
43949.00
43994.00
44035.00
44023.00
43962.00
43932.00
43992.00
44042.00
44028.00
43969.00
43944.00
43976.00
44054.00
44036.00
43998.00
43960.00
43990.00
44049.00
44040.00
43979.00
43966.00
44007.00
44036.00
44032.00
43989.00
43952.00
43972.00
44018.00
44005.00
43967.00
43933.00
43973.00
44026.00
44035.00
43982.00
43958.00
43984.00
44039.00
44028.00
43987.00
43946.00
43968.00
44019.00
44021.00
43979.00
43950.00
43951.00
44016.00
44014.00
43968.00
43947.00
43961.00
44025.00
44029.00
43979.00
43952.00
43958.00
44021.00
44025.00
43971.00
43949.00
43956.00
43993.00
44027.00
44005.00
43945.00
43959.00
44013.00
44041.00
43996.00
43970.00
43977.00
44019.00
44033.00
44011.00
43962.00
43972.00
44038.00
44054.00
44014.00
43957.00
43965.00
44004.00
44043.00
44008.00
43958.00
43963.00
43998.00
44029.00
44004.00
43938.00
43948.00
43982.00
44021.00
43986.00
43945.00
43934.00
43989.00
44014.00
43979.00
43941.00
43924.00
43986.00
44024.00
44007.00
43944.00
43938.00
43972.00
44020.00
43999.00
43954.00
43928.00
43989.00
44033.00
44004.00
43956.00
43962.00
43979.00
44046.00
44025.00
43962.00
43933.00
43985.00
44032.00
44018.00
43953.00
43938.00
43982.00
44021.00
44013.00
43963.00
43924.00
43954.00
44016.00
44012.00
43959.00
43920.00
43964.00
44008.00
44012.00
43960.00
43916.00
43965.00
44017.00
44010.00
43980.00
43932.00
43943.00
44015.00
43998.00
43976.00
43941.00
43948.00
44025.00
44037.00
43972.00
43931.00
43960.00
44025.00
44026.00
43995.00
43948.00
43952.00
44031.00
44033.00
43993.00
43946.00
43955.00
44003.00
44030.00
43984.00
43932.00
43955.00
44002.00
44026.00
43980.00
43940.00
43963.00
44013.00
44027.00
43997.00
43935.00
43951.00
44008.00
44027.00
43987.00
43928.00
43955.00
44003.00
44033.00
43993.00
43954.00
43942.00
43991.00
44029.00
43992.00
43946.00
43951.00
43996.00
44035.00
43996.00
43948.00
43937.00
43986.00
44025.00
44015.00
43960.00
43935.00
44007.00
44019.00
44007.00
43956.00
43965.00
43999.00
44046.00
44023.00
43957.00
43959.00
43998.00
44052.00
44020.00
43950.00
43948.00
43997.00
44039.00
44026.00
43962.00
43944.00
43982.00
44041.00
44012.00
43962.00
43946.00
43974.00
44051.00
44022.00
43976.00
43932.00
44000.00
44050.00
44020.00
43971.00
43941.00
43984.00
44041.00
44031.00
43990.00
43956.00
43974.00
44034.00
44028.00
43971.00
43950.00
43971.00
44026.00
44014.00
43976.00
43943.00
43956.00
44021.00
44024.00
43974.00
43927.00
43951.00
44034.00
44033.00
43987.00
43959.00
43972.00
44058.00
44050.00
44002.00
43957.00
43988.00
44021.00
44047.00
43999.00
43957.00
43974.00
44035.00
44038.00
43997.00
43956.00
43942.00
44008.00
44035.00
43985.00
43950.00
43972.00
44017.00
44028.00
43997.00
43936.00
43940.00
44004.00
44038.00
43987.00
43945.00
43951.00
44020.00
44029.00
43991.00
43954.00
43981.00
44018.00
44059.00
44031.00
43967.00
43982.00
44016.00
44059.00
44021.00
43969.00
43976.00
44017.00
44053.00
44034.00
43970.00
43965.00
44014.00
44042.00
44008.00
43954.00
43962.00
44003.00
44059.00
44032.00
43965.00
43966.00
44003.00
44042.00
44005.00
43975.00
43953.00
44001.00
44041.00
44004.00
43969.00
43958.00
44009.00
44044.00
44041.00
43983.00
43962.00
44000.00
44063.00
44051.00
44001.00
43986.00
44005.00
44080.00
44049.00
43992.00
43970.00
43999.00
44051.00
44042.00
43975.00
43974.00
44005.00
44048.00
44046.00
43999.00
43968.00
44000.00
44056.00
44044.00
43988.00
43973.00
44004.00
44049.00
44051.00
43992.00
43958.00
43994.00
44055.00
44042.00
43998.00
43949.00
43979.00
44025.00
44041.00
43995.00
43975.00
43986.00
44051.00
44036.00
43995.00
43968.00
43998.00
44048.00
44051.00
44001.00
43974.00
43989.00
44059.00
44068.00
44018.00
43964.00
43991.00
44036.00
44057.00
44015.00
43962.00
43989.00
44045.00
44037.00
44013.00
43968.00
43968.00
44030.00
44051.00
44010.00
43959.00
43981.00
44039.00
44067.00
44018.00
43968.00
43975.00
44019.00
44062.00
44017.00
43964.00
43984.00
44023.00
44064.00
44034.00
43986.00
43985.00
44034.00
44060.00
44036.00
43983.00
43981.00
44020.00
44053.00
44048.00
43971.00
43980.00
44007.00
44070.00
44042.00
43981.00
43973.00
44005.00
44051.00
44039.00
43988.00
43966.00
44011.00
44060.00
44042.00
43978.00
43966.00
44007.00
44069.00
44046.00
43982.00
43968.00
44018.00
44058.00
44064.00
43987.00
43981.00
44004.00
44057.00
44044.00
43988.00
43985.00
44014.00
44080.00
44056.00
44006.00
43974.00
44003.00
44070.00
44040.00
44015.00
43962.00
44005.00
44048.00
44044.00
43995.00
43967.00
43988.00
44043.00
44046.00
43997.00
43965.00
43992.00
44044.00
44042.00
44002.00
43970.00
43991.00
44062.00
44048.00
44000.00
43974.00
43984.00
44051.00
44053.00
44005.00
43975.00
44000.00
44035.00
44054.00
44005.00
43955.00
43995.00
44021.00
44046.00
44006.00
43954.00
43964.00
44025.00
44040.00
43996.00
43965.00
43951.00
44028.00
44049.00
44009.00
43950.00
43962.00
44016.00
44046.00
43992.00
43966.00
43957.00
44010.00
44038.00
44006.00
43960.00
43970.00
44023.00
44053.00
44014.00
43962.00
43967.00
44018.00
44059.00
44028.00
43985.00
43982.00
44031.00
44063.00
44028.00
43970.00
43993.00
44033.00
44061.00
44047.00
43990.00
43974.00
44030.00
44075.00
44041.00
43992.00
43969.00
44003.00
44070.00
44044.00
43990.00
43984.00
44008.00
44054.00
44054.00
43996.00
43964.00
44008.00
44056.00
44059.00
44010.00
43977.00
43995.00
44071.00
44065.00
43997.00
43979.00
44021.00
44090.00
44054.00
44006.00
43981.00
44004.00
44092.00
44062.00
44015.00
43989.00
44018.00
44078.00
44059.00
44015.00
43981.00
44014.00
44072.00
44067.00
44009.00
43971.00
44007.00
44075.00
44077.00
44018.00
43990.00
44002.00
44044.00
44057.00
44021.00
43968.00
44004.00
44058.00
44059.00
44021.00
43991.00
43994.00
44048.00
44045.00
44010.00
43975.00
43982.00
44054.00
44066.00
44027.00
43991.00
43993.00
44052.00
44088.00
44026.00
43982.00
43992.00
44060.00
44080.00
44044.00
43984.00
43981.00
44039.00
44076.00
44045.00
43998.00
43987.00
44024.00
44077.00
44028.00
43978.00
43987.00
44025.00
44067.00
44023.00
43972.00
43978.00
44037.00
44057.00
44034.00
43981.00
43978.00
44010.00
44058.00
44032.00
43982.00
43977.00
44022.00
44075.00
44041.00
43988.00
43980.00
44018.00
44074.00
44032.00
43996.00
43972.00
44012.00
44071.00
44058.00
43998.00
43976.00
44015.00
44071.00
44053.00
43995.00
43955.00
43996.00
44072.00
44060.00
43993.00
43970.00
44004.00
44060.00
44049.00
44004.00
43964.00
43982.00
44035.00
44054.00
44009.00
43964.00
43993.00
44040.00
44036.00
43978.00
43960.00
43981.00
44031.00
44034.00
44000.00
43955.00
43983.00
44016.00
44042.00
43984.00
43952.00
43970.00
44020.00
44051.00
44009.00
43953.00
43969.00
44030.00
44054.00
44012.00
43964.00
43964.00
44026.00
44038.00
44023.00
43961.00
43962.00
44029.00
44064.00
44012.00
43966.00
43969.00
44024.00
44069.00
44010.00
43980.00
43965.00
44015.00
44058.00
44028.00
43973.00
43982.00
44022.00
44060.00
44027.00
43976.00
43977.00
44021.00
44057.00
44020.00
43967.00
43970.00
44026.00
44076.00
44036.00
43998.00
43974.00
44000.00
44051.00
44044.00
43980.00
43969.00
44009.00
44060.00
44047.00
43981.00
43974.00
44017.00
44061.00
44022.00
43978.00
43954.00
44004.00
44058.00
44023.00
43967.00
43979.00
43998.00
44064.00
44046.00
43992.00
43967.00
44006.00
44067.00
44036.00
44009.00
43978.00
43999.00
44050.00
44054.00
44000.00
43969.00
44000.00
44049.00
44041.00
43997.00
43971.00
43999.00
44047.00
44063.00
44013.00
43978.00
44006.00
44055.00
44079.00
44023.00
43976.00
43996.00
44060.00
44059.00
44030.00
43968.00
43974.00
44057.00
44060.00
44020.00
43967.00
43991.00
44042.00
44079.00
44028.00
43987.00
43990.00
44055.00
44086.00
44068.00
44013.00
44017.00
44090.00
44125.00
44099.00
44051.00
44068.00
44128.00
44160.00
44136.00
44116.00
44127.00
44209.00
44248.00
44237.00
44191.00
44221.00
44294.00
44336.00
44332.00
44301.00
44319.00
44397.00
44464.00
44476.00
44447.00
44480.00
44576.00
44643.00
44647.00
44629.00
44664.00
44745.00
44844.00
44872.00
44856.00
44887.00
44967.00
45065.00
45082.00
45066.00
45081.00
45162.00
45248.00
45261.00
45238.00
45226.00
45302.00
45394.00
45391.00
45361.00
45354.00
45412.00
45481.00
45480.00
45436.00
45399.00
45445.00
45511.00
45514.00
45447.00
45424.00
45449.00
45508.00
45508.00
45458.00
45414.00
45440.00
45494.00
45500.00
45433.00
45392.00
45423.00
45482.00
45480.00
45424.00
45381.00
45412.00
45470.00
45482.00
45435.00
45375.00
45409.00
45471.00
45483.00
45425.00
45374.00
45387.00
45450.00
45467.00
45422.00
45361.00
45382.00
45431.00
45449.00
45415.00
45351.00
45371.00
45437.00
45465.00
45417.00
45364.00
45375.00
45437.00
45462.00
45415.00
45350.00
45371.00
45408.00
45469.00
45407.00
45372.00
45342.00
45412.00
45445.00
45410.00
45351.00
45349.00
45405.00
45445.00
45418.00
45342.00
45339.00
45386.00
45447.00
45419.00
45358.00
45333.00
45392.00
45443.00
45411.00
45355.00
45334.00
45369.00
45445.00
45420.00
45350.00
45330.00
45379.00
45438.00
45410.00
45341.00
45326.00
45369.00
45430.00
45404.00
45347.00
45324.00
45365.00
45432.00
45409.00
45359.00
45318.00
45359.00
45430.00
45413.00
45351.00
45327.00
45366.00
45420.00
45404.00
45362.00
45322.00
45340.00
45421.00
45404.00
45359.00
45331.00
45345.00
45414.00
45414.00
45353.00
45328.00
45355.00
45398.00
45402.00
45366.00
45320.00
45337.00
45394.00
45425.00
45368.00
45325.00
45338.00
45396.00
45411.00
45385.00
45322.00
45350.00
45397.00
45415.00
45376.00
45341.00
45328.00
45407.00
45425.00
45379.00
45339.00
45339.00
45396.00
45441.00
45392.00
45343.00
45338.00
45397.00
45440.00
45386.00
45340.00
45335.00
45386.00
45420.00
45389.00
45325.00
45322.00
45380.00
45418.00
45392.00
45329.00
45331.00
45372.00
45422.00
45393.00
45312.00
45314.00
45357.00
45408.00
45366.00
45318.00
45315.00
45373.00
45417.00
45386.00
45323.00
45295.00
45363.00
45397.00
45383.00
45316.00
45294.00
45339.00
45402.00
45374.00
45325.00
45318.00
45354.00
45392.00
45380.00
45323.00
45300.00
45340.00
45391.00
45379.00
45319.00
45293.00
45334.00
45380.00
45381.00
45326.00
45295.00
45322.00
45391.00
45395.00
45329.00
45288.00
45321.00
45376.00
45381.00
45334.00
45294.00
45308.00
45368.00
45393.00
45326.00
45293.00
45319.00
45393.00
45394.00
45343.00
45312.00
45317.00
45389.00
45401.00
45354.00
45308.00
45328.00
45371.00
45403.00
45360.00
45308.00
45320.00
45389.00
45405.00
45358.00
45309.00
45321.00
45374.00
45384.00
45369.00
45304.00
45318.00
45369.00
45388.00
45347.00
45281.00
45308.00
45354.00
45397.00
45348.00
45303.00
45290.00
45350.00
45389.00
45353.00
45310.00
45302.00
45356.00
45406.00
45376.00
45313.00
45299.00
45335.00
45389.00
45366.00
45293.00
45302.00
45337.00
45387.00
45361.00
45305.00
45277.00
45322.00
45386.00
45369.00
45303.00
45277.00
45328.00
45367.00
45361.00
45298.00
45283.00
45320.00
45374.00
45364.00
45308.00
45279.00
45314.00
45366.00
45366.00
45299.00
45269.00
45312.00
45373.00
45360.00
45305.00
45269.00
45305.00
45373.00
45354.00
45309.00
45276.00
45302.00
45349.00
45352.00
45312.00
45273.00
45297.00
45357.00
45360.00
45307.00
45262.00
45289.00
45356.00
45370.00
45323.00
45262.00
45291.00
45347.00
45349.00
45321.00
45263.00
45291.00
45339.00
45365.00
45327.00
45279.00
45300.00
45356.00
45369.00
45325.00
45268.00
45287.00
45341.00
45381.00
45328.00
45281.00
45290.00
45335.00
45368.00
45343.00
45292.00
45296.00
45337.00
45372.00
45352.00
45287.00
45286.00
45343.00
45381.00
45335.00
45286.00
45286.00
45330.00
45395.00
45344.00
45291.00
45295.00
45359.00
45395.00
45353.00
45306.00
45277.00
45319.00
45369.00
45333.00
45285.00
45274.00
45320.00
45366.00
45350.00
45294.00
45279.00
45321.00
45376.00
45354.00
45288.00
45270.00
45293.00
45365.00
45358.00
45308.00
45270.00
45310.00
45367.00
45369.00
45305.00
45267.00
45299.00
45366.00
45365.00
45311.00
45281.00
45295.00
45368.00
45370.00
45313.00
45275.00
45297.00
45365.00
45375.00
45303.00
45265.00
45297.00
45360.00
45360.00
45309.00
45277.00
45290.00
45356.00
45359.00
45316.00
45269.00
45292.00
45358.00
45362.00
45308.00
45273.00
45287.00
45338.00
45374.00
45336.00
45268.00
45303.00
45358.00
45374.00
45353.00
45313.00
45342.00
45414.00
45468.00
45458.00
45446.00
45476.00
45565.00
45643.00
45647.00
45643.00
45685.00
45779.00
45869.00
45869.00
45833.00
45885.00
45980.00
46080.00
46097.00
46080.00
46133.00
46228.00
46321.00
46324.00
46302.00
46340.00
46420.00
46505.00
46526.00
46504.00
46518.00
46605.00
46676.00
46671.00
46652.00
46657.00
46728.00
46797.00
46783.00
46730.00
46727.00
46770.00
46845.00
46817.00
46770.00
46750.00
46802.00
46866.00
46843.00
46778.00
46759.00
46812.00
46873.00
46877.00
46826.00
46799.00
46819.00
46902.00
46904.00
46849.00
46818.00
46852.00
46909.00
46908.00
46864.00
46822.00
46859.00
46927.00
46928.00
46866.00
46828.00
46853.00
46922.00
46922.00
46880.00
46830.00
46864.00
46940.00
46961.00
46900.00
46853.00
46871.00
46930.00
46964.00
46907.00
46852.00
46874.00
46935.00
46960.00
46917.00
46856.00
46865.00
46925.00
46958.00
46911.00
46849.00
46854.00
46928.00
46954.00
46923.00
46847.00
46868.00
46913.00
46958.00
46926.00
46862.00
46863.00
46910.00
46952.00
46930.00
46871.00
46859.00
46909.00
46971.00
46927.00
46869.00
46859.00
46931.00
46985.00
46927.00
46872.00
46865.00
46902.00
46971.00
46932.00
46883.00
46856.00
46919.00
46971.00
46947.00
46891.00
46874.00
46909.00
46976.00
46959.00
46884.00
46871.00
46899.00
46973.00
46961.00
46906.00
46867.00
46918.00
46972.00
46967.00
46918.00
46877.00
46904.00
46979.00
46966.00
46899.00
46879.00
46902.00
46976.00
46961.00
46920.00
46876.00
46899.00
46977.00
46974.00
46913.00
46871.00
46917.00
46970.00
46973.00
46920.00
46876.00
46898.00
46958.00
46982.00
46919.00
46872.00
46871.00
46946.00
46964.00
46921.00
46857.00
46867.00
46940.00
46968.00
46917.00
46862.00
46885.00
46942.00
46971.00
46929.00
46868.00
46880.00
46946.00
46972.00
46942.00
46871.00
46871.00
46924.00
46966.00
46940.00
46873.00
46868.00
46930.00
46961.00
46928.00
46867.00
46860.00
46914.00
46976.00
46942.00
46882.00
46877.00
46918.00
46981.00
46944.00
46882.00
46856.00
46911.00
46969.00
46944.00
46882.00
46854.00
46908.00
46962.00
46941.00
46891.00
46860.00
46903.00
46959.00
46946.00
46880.00
46852.00
46891.00
46958.00
46946.00
46888.00
46862.00
46891.00
46952.00
46951.00
46871.00
46849.00
46884.00
46938.00
46935.00
46884.00
46836.00
46873.00
46934.00
46941.00
46883.00
46845.00
46881.00
46933.00
46944.00
46877.00
46832.00
46869.00
46937.00
46936.00
46898.00
46830.00
46864.00
46923.00
46951.00
46900.00
46834.00
46837.00
46919.00
46924.00
46879.00
46844.00
46843.00
46919.00
46938.00
46893.00
46824.00
46843.00
46903.00
46932.00
46880.00
46831.00
46852.00
46909.00
46917.00
46894.00
46833.00
46835.00
46893.00
46956.00
46898.00
46828.00
46832.00
46908.00
46945.00
46906.00
46835.00
46847.00
46885.00
46927.00
46911.00
46836.00
46834.00
46872.00
46931.00
46898.00
46834.00
46819.00
46897.00
46932.00
46919.00
46847.00
46829.00
46871.00
46949.00
46920.00
46858.00
46843.00
46889.00
46949.00
46916.00
46852.00
46836.00
46883.00
46927.00
46931.00
46869.00
46839.00
46871.00
46936.00
46931.00
46853.00
46836.00
46870.00
46943.00
46920.00
46869.00
46837.00
46872.00
46947.00
46933.00
46879.00
46839.00
46871.00
46938.00
46942.00
46879.00
46831.00
46863.00
46943.00
46955.00
46893.00
46845.00
46871.00
46927.00
46935.00
46883.00
46833.00
46860.00
46933.00
46934.00
46889.00
46841.00
46867.00
46914.00
46954.00
46896.00
46838.00
46857.00
46938.00
46959.00
46917.00
46847.00
46852.00
46928.00
46947.00
46895.00
46860.00
46858.00
46918.00
46960.00
46922.00
46858.00
46857.00
46930.00
46957.00
46919.00
46866.00
46849.00
46920.00
46955.00
46930.00
46853.00
46855.00
46921.00
46955.00
46931.00
46873.00
46846.00
46916.00
46957.00
46935.00
46864.00
46859.00
46911.00
46972.00
46937.00
46871.00
46853.00
46898.00
46957.00
46936.00
46873.00
46865.00
46901.00
46952.00
46931.00
46866.00
46845.00
46894.00
46959.00
46924.00
46869.00
46851.00
46903.00
46947.00
46946.00
46883.00
46835.00
46888.00
46951.00
46930.00
46872.00
46849.00
46887.00
46951.00
46940.00
46899.00
46860.00
46891.00
46950.00
46950.00
46895.00
46862.00
46872.00
46946.00
46941.00
46890.00
46845.00
46880.00
46941.00
46931.00
46880.00
46831.00
46857.00
46933.00
46928.00
46882.00
46838.00
46860.00
46925.00
46942.00
46884.00
46836.00
46854.00
46914.00
46927.00
46882.00
46825.00
46853.00
46919.00
46948.00
46881.00
46841.00
46852.00
46900.00
46945.00
46882.00
46828.00
46865.00
46899.00
46942.00
46896.00
46828.00
46835.00
46894.00
46941.00
46895.00
46829.00
46835.00
46894.00
46912.00
46894.00
46819.00
46832.00
46874.00
46930.00
46896.00
46836.00
46839.00
46883.00
46942.00
46912.00
46832.00
46831.00
46890.00
46936.00
46903.00
46837.00
46834.00
46879.00
46942.00
46917.00
46866.00
46846.00
46890.00
46946.00
46941.00
46888.00
46886.00
46933.00
47038.00
47029.00
47045.00
47040.00
47133.00
47252.00
47282.00
47270.00
47318.00
47430.00
47540.00
47577.00
47586.00
47603.00
47695.00
47819.00
47878.00
47887.00
47918.00
47981.00
48143.00
48194.00
48191.00
48209.00
48296.00
48426.00
48485.00
48469.00
48492.00
48570.00
48693.00
48750.00
48755.00
48734.00
48803.00
48912.00
48959.00
48927.00
48906.00
48912.00
49043.00
49049.00
49014.00
48966.00
48987.00
49046.00
49055.00
49024.00
48972.00
48970.00
49035.00
49041.00
48989.00
48922.00
48941.00
49001.00
49030.00
48979.00
48924.00
48923.00
48980.00
49014.00
48989.00
48898.00
48923.00
48986.00
49007.00
48988.00
48921.00
48912.00
48985.00
49026.00
48971.00
48925.00
48916.00
48982.00
49013.00
48991.00
48925.00
48920.00
48982.00
49028.00
48999.00
48933.00
48909.00
48982.00
49030.00
49002.00
48931.00
48920.00
48963.00
49020.00
48991.00
48929.00
48900.00
48946.00
49015.00
48976.00
48910.00
48897.00
48931.00
49002.00
48975.00
48918.00
48874.00
48930.00
48991.00
48986.00
48913.00
48879.00
48922.00
48990.00
48978.00
48911.00
48881.00
48920.00
49001.00
48974.00
48924.00
48878.00
48921.00
48981.00
48984.00
48933.00
48884.00
48917.00
48987.00
48980.00
48922.00
48896.00
48922.00
48986.00
48986.00
48945.00
48881.00
48918.00
48985.00
48987.00
48935.00
48884.00
48917.00
48978.00
49014.00
48945.00
48889.00
48905.00
48977.00
48997.00
48942.00
48888.00
48913.00
48973.00
48996.00
48948.00
48895.00
48912.00
48985.00
49013.00
48959.00
48910.00
48916.00
48976.00
49010.00
48957.00
48908.00
48916.00
48983.00
49006.00
48972.00
48908.00
48921.00
48969.00
49019.00
48975.00
48906.00
48911.00
48963.00
49007.00
48968.00
48905.00
48908.00
48973.00
49023.00
48986.00
48915.00
48905.00
48962.00
49014.00
48974.00
48899.00
48899.00
48944.00
49001.00
48976.00
48899.00
48894.00
48950.00
49004.00
48979.00
48917.00
48896.00
48958.00
49013.00
48986.00
48924.00
48885.00
48928.00
49003.00
48983.00
48935.00
48897.00
48948.00
49002.00
48979.00
48912.00
48889.00
48925.00
48993.00
48984.00
48919.00
48895.00
48933.00
48996.00
48989.00
48936.00
48892.00
48938.00
49006.00
48994.00
48943.00
48906.00
48941.00
49037.00
49002.00
48958.00
48910.00
48947.00
49020.00
49017.00
48954.00
48902.00
48940.00
49008.00
49017.00
48963.00
48909.00
48947.00
48999.00
49013.00
48951.00
48904.00
48943.00
49006.00
49016.00
48974.00
48913.00
48943.00
49009.00
49033.00
48981.00
48924.00
48941.00
49010.00
49030.00
48977.00
48923.00
48933.00
49005.00
49040.00
48976.00
48929.00
48932.00
49007.00
49011.00
48990.00
48922.00
48923.00
49006.00
49023.00
48995.00
48922.00
48917.00
48988.00
49021.00
48979.00
48930.00
48920.00
48988.00
49032.00
48991.00
48933.00
48917.00
48987.00
49035.00
48999.00
48933.00
48928.00
48983.00
49025.00
48995.00
48927.00
48915.00
48971.00
49026.00
48994.00
48931.00
48929.00
48968.00
49030.00
48989.00
48951.00
48922.00
48979.00
49033.00
49012.00
48943.00
48931.00
48974.00
49038.00
49009.00
48951.00
48933.00
48976.00
49036.00
49019.00
48957.00
48922.00
48971.00
49033.00
49037.00
48967.00
48934.00
48980.00
49040.00
49035.00
48975.00
48944.00
48978.00
49042.00
49033.00
48968.00
48938.00
48960.00
49036.00
49025.00
48971.00
48950.00
48977.00
49049.00
49051.00
48984.00
48950.00
48984.00
49055.00
49053.00
48999.00
48957.00
48986.00
49060.00
49050.00
49001.00
48958.00
48987.00
49064.00
49063.00
49008.00
48963.00
48984.00
49057.00
49062.00
49011.00
48969.00
48986.00
49053.00
49062.00
49017.00
48950.00
48977.00
49041.00
49061.00
49017.00
48965.00
48989.00
49034.00
49057.00
49016.00
48963.00
48971.00
49047.00
49063.00
49038.00
48963.00
48973.00
49032.00
49063.00
49028.00
48982.00
48959.00
49030.00
49066.00
49013.00
48966.00
48964.00
49029.00
49051.00
49021.00
48967.00
48963.00
49030.00
49069.00
49031.00
48977.00
48961.00
49023.00
49074.00
49027.00
48953.00
48955.00
49000.00
49050.00
49034.00
48968.00
48967.00
49002.00
49060.00
49036.00
48973.00
48957.00
49008.00
49071.00
49049.00
48974.00
48958.00
49017.00
49060.00
49040.00
48967.00
48960.00
48998.00
49068.00
49049.00
48983.00
48959.00
49006.00
49059.00
49053.00
48975.00
48966.00
48999.00
49058.00
49048.00
49001.00
48957.00
48988.00
49067.00
49053.00
49003.00
48957.00
49002.00
49061.00
49049.00
48991.00
48970.00
48989.00
49048.00
49054.00
48991.00
48944.00
48984.00
49063.00
49053.00
49021.00
48961.00
48992.00
49055.00
49053.00
49009.00
48949.00
48977.00
49046.00
49080.00
49003.00
48960.00
48984.00
49053.00
49051.00
49004.00
48957.00
48968.00
49046.00
49055.00
49012.00
48956.00
48970.00
49057.00
49073.00
49031.00
48976.00
48994.00
49076.00
49112.00
49104.00
49082.00
49131.00
49250.00
49324.00
49341.00
49326.00
49380.00
49482.00
49550.00
49570.00
49574.00
49648.00
49756.00
49833.00
49853.00
49831.00
49864.00
49947.00
50017.00
50014.00
49997.00
50040.00
50126.00
50203.00
50179.00
50129.00
50134.00
50220.00
50287.00
50264.00
50211.00
50220.00
50273.00
50338.00
50328.00
50281.00
50266.00
50315.00
50359.00
50346.00
50290.00
50268.00
50309.00
50371.00
50344.00
50270.00
50254.00
50280.00
50333.00
50307.00
50263.00
50231.00
50268.00
50309.00
50303.00
50243.00
50219.00
50264.00
50317.00
50288.00
50221.00
50198.00
50246.00
50316.00
50301.00
50235.00
50209.00
50225.00
50286.00
50289.00
50244.00
50218.00
50234.00
50294.00
50272.00
50235.00
50201.00
50226.00
50279.00
50263.00
50208.00
50177.00
50200.00
50274.00
50273.00
50242.00
50176.00
50212.00
50277.00
50289.00
50251.00
50191.00
50199.00
50271.00
50276.00
50233.00
50186.00
50201.00
50249.00
50268.00
50226.00
50175.00
50189.00
50250.00
50293.00
50228.00
50172.00
50187.00
50239.00
50278.00
50234.00
50176.00
50183.00
50238.00
50273.00
50233.00
50192.00
50180.00
50240.00
50281.00
50243.00
50183.00
50176.00
50234.00
50278.00
50240.00
50186.00
50173.00
50235.00
50261.00
50243.00
50165.00
50180.00
50227.00
50275.00
50257.00
50193.00
50199.00
50235.00
50280.00
50248.00
50187.00
50171.00
50229.00
50266.00
50244.00
50172.00
50160.00
50222.00
50283.00
50251.00
50184.00
50165.00
50210.00
50267.00
50246.00
50196.00
50171.00
50207.00
50269.00
50265.00
50188.00
50154.00
50197.00
50251.00
50247.00
50193.00
50145.00
50189.00
50249.00
50231.00
50188.00
50149.00
50183.00
50240.00
50229.00
50182.00
50147.00
50165.00
50235.00
50222.00
50187.00
50138.00
50167.00
50244.00
50243.00
50198.00
50149.00
50167.00
50231.00
50235.00
50182.00
50133.00
50155.00
50247.00
50233.00
50183.00
50146.00
50149.00
50221.00
50234.00
50187.00
50142.00
50171.00
50224.00
50243.00
50193.00
50148.00
50149.00
50210.00
50239.00
50197.00
50137.00
50151.00
50211.00
50244.00
50210.00
50152.00
50162.00
50222.00
50256.00
50204.00
50141.00
50151.00
50215.00
50245.00
50220.00
50169.00
50154.00
50222.00
50248.00
50227.00
50174.00
50160.00
50211.00
50267.00
50230.00
50180.00
50170.00
50214.00
50256.00
50235.00
50166.00
50159.00
50209.00
50267.00
50224.00
50197.00
50166.00
50214.00
50276.00
50250.00
50191.00
50166.00
50200.00
50253.00
50240.00
50185.00
50154.00
50174.00
50257.00
50239.00
50181.00
50170.00
50194.00
50253.00
50226.00
50160.00
50137.00
50170.00
50248.00
50229.00
50177.00
50129.00
50169.00
50222.00
50231.00
50178.00
50134.00
50179.00
50227.00
50240.00
50191.00
50146.00
50169.00
50231.00
50239.00
50189.00
50138.00
50163.00
50230.00
50238.00
50180.00
50143.00
50165.00
50231.00
50249.00
50207.00
50143.00
50164.00
50225.00
50244.00
50202.00
50140.00
50167.00
50217.00
50239.00
50203.00
50149.00
50149.00
50234.00
50243.00
50208.00
50153.00
50164.00
50194.00
50248.00
50213.00
50155.00
50158.00
50212.00
50251.00
50229.00
50169.00
50169.00
50205.00
50251.00
50229.00
50166.00
50157.00
50202.00
50243.00
50216.00
50155.00
50159.00
50195.00
50260.00
50216.00
50163.00
50134.00
50193.00
50232.00
50210.00
50164.00
50138.00
50180.00
50235.00
50215.00
50164.00
50139.00
50179.00
50231.00
50214.00
50158.00
50126.00
50166.00
50236.00
50213.00
50155.00
50136.00
50166.00
50241.00
50212.00
50161.00
50141.00
50163.00
50226.00
50213.00
50177.00
50139.00
50162.00
50238.00
50215.00
50169.00
50135.00
50152.00
50226.00
50217.00
50175.00
50123.00
50157.00
50229.00
50236.00
50185.00
50138.00
50157.00
50208.00
50227.00
50185.00
50134.00
50160.00
50207.00
50223.00
50178.00
50136.00
50152.00
50206.00
50228.00
50176.00
50130.00
50147.00
50211.00
50233.00
50194.00
50134.00
50157.00
50211.00
50235.00
50197.00
50134.00
50147.00
50199.00
50239.00
50194.00
50138.00
50150.00
50199.00
50241.00
50199.00
50145.00
50140.00
50188.00
50232.00
50212.00
50146.00
50145.00
50188.00
50235.00
50207.00
50155.00
50149.00
50202.00
50244.00
50211.00
50157.00
50142.00
50192.00
50244.00
50211.00
50150.00
50137.00
50190.00
50243.00
50218.00
50159.00
50144.00
50186.00
50233.00
50218.00
50160.00
50146.00
50171.00
50240.00
50215.00
50169.00
50148.00
50181.00
50245.00
50227.00
50160.00
50140.00
50176.00
50241.00
50222.00
50179.00
50132.00
50174.00
50243.00
50246.00
50177.00
50143.00
50170.00
50247.00
50240.00
50190.00
50144.00
50163.00
50215.00
50195.00
50122.00
50046.00
50053.00
50112.00
50057.00
50000.00
49923.00
49930.00
49936.00
49917.00
49823.00
49741.00
49711.00
49736.00
49708.00
49611.00
49522.00
49467.00
49479.00
49438.00
49353.00
49236.00
49194.00
49201.00
49171.00
49054.00
48938.00
48880.00
48883.00
48856.00
48783.00
48675.00
48660.00
48681.00
48676.00
48597.00
48505.00
48469.00
48481.00
48501.00
48414.00
48325.00
48311.00
48320.00
48347.00
48281.00
48187.00
48186.00
48202.00
48231.00
48172.00
48085.00
48055.00
48121.00
48156.00
48133.00
48054.00
48032.00
48076.00
48133.00
48087.00
48028.00
47998.00
48045.00
48079.00
48074.00
48015.00
47978.00
48034.00
48084.00
48047.00
47999.00
47964.00
48006.00
48065.00
48055.00
47983.00
47963.00
47989.00
48054.00
48052.00
47985.00
47963.00
47987.00
48048.00
48046.00
47984.00
47950.00
47975.00
48045.00
48036.00
47981.00
47931.00
47966.00
48019.00
48028.00
47950.00
47920.00
47930.00
47985.00
47997.00
47939.00
47885.00
47910.00
47981.00
47980.00
47931.00
47878.00
47911.00
47955.00
47982.00
47931.00
47887.00
47892.00
47955.00
47973.00
47940.00
47883.00
47891.00
47951.00
47980.00
47928.00
47868.00
47884.00
47933.00
47961.00
47915.00
47855.00
47858.00
47926.00
47955.00
47912.00
47862.00
47855.00
47913.00
47956.00
47905.00
47829.00
47847.00
47892.00
47932.00
47903.00
47833.00
47833.00
47884.00
47929.00
47886.00
47836.00
47828.00
47862.00
47930.00
47893.00
47824.00
47812.00
47858.00
47905.00
47885.00
47823.00
47803.00
47848.00
47906.00
47873.00
47810.00
47796.00
47824.00
47886.00
47869.00
47806.00
47780.00
47830.00
47883.00
47869.00
47810.00
47788.00
47814.00
47883.00
47864.00
47795.00
47778.00
47801.00
47870.00
47844.00
47801.00
47780.00
47813.00
47869.00
47868.00
47807.00
47770.00
47790.00
47861.00
47866.00
47802.00
47759.00
47796.00
47861.00
47859.00
47804.00
47776.00
47790.00
47851.00
47861.00
47807.00
47765.00
47772.00
47835.00
47844.00
47806.00
47767.00
47775.00
47835.00
47865.00
47811.00
47736.00
47765.00
47831.00
47847.00
47807.00
47759.00
47752.00
47830.00
47852.00
47813.00
47739.00
47745.00
47818.00
47835.00
47791.00
47739.00
47748.00
47812.00
47836.00
47796.00
47736.00
47737.00
47787.00
47829.00
47783.00
47737.00
47716.00
47793.00
47826.00
47786.00
47730.00
47713.00
47773.00
47814.00
47791.00
47737.00
47720.00
47770.00
47813.00
47783.00
47731.00
47710.00
47777.00
47829.00
47790.00
47732.00
47713.00
47761.00
47829.00
47795.00
47730.00
47710.00
47761.00
47813.00
47789.00
47733.00
47701.00
47749.00
47819.00
47806.00
47736.00
47710.00
47736.00
47808.00
47797.00
47742.00
47707.00
47753.00
47818.00
47803.00
47742.00
47697.00
47733.00
47795.00
47803.00
47737.00
47694.00
47723.00
47806.00
47786.00
47743.00
47705.00
47725.00
47797.00
47802.00
47751.00
47698.00
47727.00
47786.00
47800.00
47748.00
47699.00
47729.00
47788.00
47807.00
47753.00
47699.00
47728.00
47777.00
47799.00
47751.00
47712.00
47722.00
47790.00
47805.00
47764.00
47699.00
47705.00
47771.00
47798.00
47768.00
47695.00
47708.00
47763.00
47797.00
47759.00
47715.00
47711.00
47769.00
47806.00
47760.00
47709.00
47711.00
47768.00
47813.00
47764.00
47697.00
47698.00
47741.00
47805.00
47762.00
47695.00
47700.00
47744.00
47807.00
47776.00
47723.00
47700.00
47736.00
47793.00
47768.00
47699.00
47683.00
47736.00
47790.00
47761.00
47702.00
47694.00
47737.00
47792.00
47762.00
47715.00
47683.00
47735.00
47785.00
47774.00
47717.00
47684.00
47721.00
47784.00
47766.00
47715.00
47687.00
47738.00
47771.00
47779.00
47715.00
47682.00
47714.00
47781.00
47776.00
47719.00
47683.00
47695.00
47776.00
47761.00
47725.00
47673.00
47692.00
47772.00
47772.00
47708.00
47675.00
47688.00
47758.00
47757.00
47712.00
47655.00
47691.00
47743.00
47771.00
47701.00
47658.00
47677.00
47750.00
47757.00
47710.00
47659.00
47673.00
47737.00
47761.00
47717.00
47665.00
47670.00
47726.00
47756.00
47713.00
47655.00
47656.00
47741.00
47746.00
47713.00
47655.00
47650.00
47728.00
47750.00
47709.00
47662.00
47655.00
47718.00
47748.00
47697.00
47653.00
47644.00
47704.00
47733.00
47728.00
47648.00
47650.00
47692.00
47762.00
47725.00
47663.00
47654.00
47685.00
47749.00
47708.00
47657.00
47643.00
47689.00
47762.00
47733.00
47659.00
47636.00
47685.00
47748.00
47720.00
47674.00
47634.00
47681.00
47756.00
47739.00
47670.00
47658.00
47685.00
47748.00
47723.00
47669.00
47639.00
47666.00
47738.00
47727.00
47661.00
47635.00
47666.00
47750.00
47740.00
47676.00
47634.00
47662.00
47727.00
47730.00
47672.00
47641.00
47656.00
47714.00
47723.00
47674.00
47634.00
47671.00
47726.00
47729.00
47681.00
47621.00
47640.00
47715.00
47730.00
47678.00
47629.00
47655.00
47717.00
47727.00
47686.00
47634.00
47633.00
47702.00
47720.00
47685.00
47627.00
47641.00
47701.00
47736.00
47683.00
47622.00
47622.00
47671.00
47693.00
47641.00
47566.00
47537.00
47571.00
47568.00
47482.00
47380.00
47347.00
47344.00
47337.00
47233.00
47117.00
47044.00
47019.00
46987.00
46879.00
46750.00
46672.00
46635.00
46599.00
46496.00
46335.00
46240.00
46200.00
46187.00
46075.00
45946.00
45855.00
45832.00
45833.00
45736.00
45643.00
45562.00
45548.00
45551.00
45481.00
45390.00
45344.00
45334.00
45352.00
45323.00
45238.00
45195.00
45212.00
45248.00
45228.00
45180.00
45156.00
45181.00
45239.00
45216.00
45162.00
45135.00
45167.00
45219.00
45206.00
45163.00
45131.00
45161.00
45209.00
45214.00
45159.00
45120.00
45145.00
45198.00
45204.00
45151.00
45113.00
45139.00
45206.00
45218.00
45160.00
45116.00
45129.00
45192.00
45206.00
45156.00
45111.00
45127.00
45204.00
45212.00
45171.00
45116.00
45118.00
45187.00
45216.00
45175.00
45134.00
45135.00
45194.00
45236.00
45181.00
45135.00
45127.00
45186.00
45205.00
45176.00
45124.00
45139.00
45182.00
45213.00
45185.00
45126.00
45134.00
45180.00
45226.00
45183.00
45118.00
45126.00
45175.00
45219.00
45184.00
45135.00
45126.00
45181.00
45213.00
45185.00
45122.00
45115.00
45166.00
45208.00
45191.00
45135.00
45125.00
45170.00
45214.00
45188.00
45134.00
45113.00
45159.00
45222.00
45199.00
45132.00
45100.00
45169.00
45216.00
45196.00
45137.00
45114.00
45148.00
45196.00
45190.00
45125.00
45103.00
45128.00
45190.00
45180.00
45136.00
45096.00
45121.00
45182.00
45191.00
45146.00
45092.00
45128.00
45198.00
45200.00
45140.00
45103.00
45128.00
45197.00
45190.00
45144.00
45095.00
45130.00
45187.00
45190.00
45147.00
45095.00
45121.00
45172.00
45201.00
45138.00
45095.00
45103.00
45178.00
45201.00
45145.00
45101.00
45119.00
45176.00
45190.00
45147.00
45101.00
45103.00
45155.00
45181.00
45151.00
45083.00
45105.00
45175.00
45190.00
45146.00
45084.00
45101.00
45153.00
45184.00
45162.00
45108.00
45102.00
45156.00
45186.00
45166.00
45098.00
45098.00
45159.00
45199.00
45171.00
45096.00
45095.00
45136.00
45193.00
45162.00
45097.00
45094.00
45138.00
45175.00
45168.00
45094.00
45094.00
45134.00
45201.00
45172.00
45101.00
45089.00
45144.00
45199.00
45166.00
45125.00
45090.00
45129.00
45194.00
45193.00
45117.00
45099.00
45127.00
45187.00
45188.00
45121.00
45088.00
45137.00
45194.00
45174.00
45128.00
45085.00
45128.00
45178.00
45166.00
45120.00
45079.00
45111.00
45180.00
45185.00
45116.00
45094.00
45109.00
45173.00
45166.00
45116.00
45081.00
45111.00
45177.00
45171.00
45137.00
45085.00
45102.00
45168.00
45179.00
45119.00
45102.00
45092.00
45166.00
45175.00
45147.00
45082.00
45100.00
45171.00
45164.00
45134.00
45088.00
45085.00
45167.00
45170.00
45128.00
45091.00
45098.00
45151.00
45183.00
45140.00
45082.00
45087.00
45148.00
45168.00
45151.00
45079.00
45105.00
45153.00
45187.00
45143.00
45081.00
45077.00
45144.00
45186.00
45140.00
45070.00
45082.00
45132.00
45176.00
45154.00
45101.00
45079.00
45128.00
45180.00
45163.00
45100.00
45102.00
45128.00
45184.00
45140.00
45086.00
45082.00
45132.00
45175.00
45159.00
45097.00
45070.00
45106.00
45181.00
45150.00
45090.00
45076.00
45114.00
45166.00
45151.00
45090.00
45062.00
45106.00
45171.00
45165.00
45110.00
45078.00
45117.00
45169.00
45162.00
45114.00
45091.00
45103.00
45157.00
45152.00
45104.00
45058.00
45088.00
45135.00
45130.00
45089.00
45047.00
45059.00
45141.00
45129.00
45074.00
45048.00
45055.00
45104.00
45112.00
45063.00
45027.00
45039.00
45094.00
45111.00
45070.00
45020.00
45035.00
45092.00
45101.00
45065.00
45012.00
45043.00
45089.00
45113.00
45064.00
45023.00
45026.00
45082.00
45111.00
45060.00
45010.00
45010.00
45077.00
45099.00
45062.00
45008.00
45012.00
45075.00
45111.00
45071.00
45008.00
45004.00
45052.00
45094.00
45066.00
45018.00
45010.00
45051.00
45096.00
45076.00
45012.00
45000.00
45043.00
45109.00
45084.00
45028.00
45012.00
45062.00
45100.00
45084.00
45025.00
44994.00
45040.00
45096.00
45074.00
45021.00
45005.00
45038.00
45091.00
45082.00
45022.00
45007.00
45027.00
45083.00
45084.00
45018.00
44997.00
45039.00
45093.00
45081.00
45030.00
44992.00
45031.00
45088.00
45082.00
45034.00
44995.00
45019.00
45087.00
45090.00
45028.00
45000.00
45038.00
45082.00
45082.00
45021.00
44992.00
45021.00
45069.00
45087.00
45028.00
44982.00
45002.00
45082.00
45077.00
45035.00
44999.00
45008.00
45069.00
45069.00
45038.00
44995.00
44997.00
45077.00
45079.00
45052.00
44998.00
45019.00
45065.00
45100.00
45060.00
45000.00
45002.00
45066.00
45098.00
45065.00
44993.00
45008.00
45051.00
45105.00
45053.00
44998.00
45002.00
45059.00
45103.00
45065.00
45005.00
45002.00
45030.00
45081.00
45057.00
45002.00
44991.00
45039.00
45086.00
45040.00
44994.00
44980.00
45023.00
45071.00
45056.00
44987.00
44978.00
45027.00
45068.00
45058.00
45000.00
44968.00
45016.00
45082.00
45045.00
44998.00
44980.00
45013.00
45063.00
45044.00
44976.00
44920.00
44951.00
44979.00
44947.00
44861.00
44818.00
44823.00
44866.00
44835.00
44761.00
44709.00
44730.00
44766.00
44745.00
44697.00
44655.00
44677.00
44727.00
44725.00
44675.00
44629.00
44658.00
44714.00
44710.00
44666.00
44619.00
44635.00
44695.00
44692.00
44640.00
44600.00
44626.00
44678.00
44694.00
44642.00
44608.00
44609.00
44674.00
44686.00
44643.00
44594.00
44605.00
44649.00
44667.00
44649.00
44588.00
44603.00
44660.00
44681.00
44644.00
44594.00
44592.00
44646.00
44673.00
44627.00
44578.00
44597.00
44640.00
44676.00
44649.00
44583.00
44592.00
44640.00
44688.00
44642.00
44603.00
44596.00
44622.00
44682.00
44659.00
44587.00
44584.00
44623.00
44671.00
44662.00
44610.00
44589.00
44623.00
44668.00
44651.00
44596.00
44589.00
44634.00
44665.00
44641.00
44594.00
44573.00
44604.00
44662.00
44644.00
44592.00
44575.00
44598.00
44665.00
44675.00
44610.00
44576.00
44609.00
44662.00
44657.00
44605.00
44580.00
44608.00
44686.00
44680.00
44627.00
44592.00
44605.00
44663.00
44665.00
44626.00
44590.00
44598.00
44657.00
44662.00
44631.00
44583.00
44606.00
44667.00
44659.00
44621.00
44581.00
44596.00
44643.00
44666.00
44625.00
44567.00
44592.00
44652.00
44680.00
44628.00
44589.00
44592.00
44638.00
44678.00
44637.00
44596.00
44592.00
44657.00
44678.00
44644.00
44589.00
44601.00
44634.00
44657.00
44636.00
44593.00
44598.00
44652.00
44679.00
44645.00
44583.00
44588.00
44636.00
44672.00
44636.00
44583.00
44570.00
44621.00
44678.00
44656.00
44586.00
44578.00
44624.00
44675.00
44655.00
44603.00
44580.00
44624.00
44655.00
44648.00
44593.00
44574.00
44605.00
44671.00
44638.00
44601.00
44563.00
44616.00
44669.00
44653.00
44602.00
44577.00
44602.00
44664.00
44651.00
44605.00
44582.00
44613.00
44670.00
44672.00
44613.00
44586.00
44601.00
44669.00
44651.00
44603.00
44568.00
44592.00
44653.00
44650.00
44610.00
44569.00
44607.00
44648.00
44651.00
44609.00
44555.00
44578.00
44640.00
44662.00
44619.00
44568.00
44587.00
44634.00
44663.00
44607.00
44568.00
44581.00
44635.00
44660.00
44609.00
44567.00
44585.00
44632.00
44647.00
44615.00
44569.00
44581.00
44621.00
44659.00
44613.00
44568.00
44568.00
44625.00
44649.00
44616.00
44569.00
44576.00
44618.00
44641.00
44608.00
44536.00
44563.00
44610.00
44639.00
44626.00
44557.00
44557.00
44605.00
44650.00
44616.00
44567.00
44558.00
44594.00
44640.00
44618.00
44559.00
44547.00
44578.00
44646.00
44616.00
44582.00
44558.00
44592.00
44660.00
44623.00
44573.00
44554.00
44588.00
44652.00
44629.00
44584.00
44547.00
44577.00
44642.00
44622.00
44588.00
44554.00
44585.00
44640.00
44629.00
44576.00
44550.00
44577.00
44633.00
44641.00
44589.00
44556.00
44576.00
44626.00
44635.00
44586.00
44547.00
44551.00
44614.00
44637.00
44596.00
44546.00
44561.00
44630.00
44632.00
44599.00
44542.00
44554.00
44610.00
44621.00
44578.00
44544.00
44546.00
44611.00
44636.00
44604.00
44552.00
44557.00
44597.00
44638.00
44593.00
44557.00
44550.00
44609.00
44635.00
44611.00
44538.00
44555.00
44605.00
44629.00
44613.00
44553.00
44551.00
44594.00
44626.00
44602.00
44546.00
44529.00
44574.00
44616.00
44601.00
44532.00
44517.00
44576.00
44633.00
44604.00
44535.00
44545.00
44585.00
44627.00
44600.00
44550.00
44517.00
44564.00
44613.00
44600.00
44565.00
44533.00
44575.00
44606.00
44600.00
44539.00
44527.00
44564.00
44622.00
44608.00
44579.00
44555.00
44572.00
44613.00
44619.00
44565.00
44518.00
44551.00
44605.00
44601.00
44564.00
44532.00
44554.00
44600.00
44618.00
44570.00
44531.00
44554.00
44598.00
44618.00
44576.00
44529.00
44556.00
44624.00
44625.00
44569.00
44529.00
44563.00
44602.00
44622.00
44583.00
44540.00
44541.00
44599.00
